3000 2504 100
608 2785 10
2786 42 5
963 654 9154
2612 248 3
372 2572 8
2300 2070 8
1128 1810 3
1963 2064 1
963 1991 9107
2137 1544 5
2986 146 1
963 1365 9142
963 1982 9628
1376 958 4
763 2018 1
246 2178 3
1202 514 9
1764 2757 5
963 2332 9108
1330 2713 4
1030 631 4
2617 2674 7
251 1604 1
2713 38 4
515 612 8
1973 825 4
1297 2407 2
2773 2648 8
2649 1618 3
19 2694 7
609 2783 9
787 2297 4
2524 2547 4
1618 714 9
125 444 10
1970 2166 5
2373 678 1
80 2921 2
1502 87 9
220 1711 6
2199 617 8
782 391 6
2848 576 8
963 2739 9561
2062 1514 9
1636 741 8
1055 858 8
1047 66 3
2139 739 5
2400 236 4
1859 321 8
2618 2572 3
2679 853 8
760 2406 9
813 1017 5
1233 2043 6
938 243 2
963 2496 9155
354 1810 10
2292 2142 4
2570 2175 5
479 233 3
1527 1037 5
2804 1203 9
2103 501 10
1778 1733 2
963 2770 9676
1780 1151 10
69 2333 10
1299 707 4
963 784 9605
764 1475 2
963 1429 9119
1122 983 2
455 1136 7
2815 980 5
1868 965 6
2958 669 2
1049 2530 5
566 296 9
2223 1550 4
114 1318 1
282 2443 6
963 647 9053
201 12 8
2115 2242 6
1666 770 5
1371 1207 5
2939 1236 6
963 823 9451
360 1190 9
1630 797 1
1173 6 9
1240 57 10
2444 1149 1
2890 2059 3
826 2530 4
461 2501 4
949 147 2
963 241 9041
1329 1095 2
272 912 3
171 503 9
1048 6 2
941 2540 10
2056 2511 1
2597 2251 9
963 2388 9851
769 208 4
308 2671 2
1433 1852 2
2177 1366 2
2840 876 7
963 482 9374
202 795 3
2726 2489 4
807 330 2
245 865 10
2394 927 2
2279 1443 1
2795 2034 4
1415 2123 10
963 1504 9261
945 114 2
963 990 9002
563 1446 4
2424 422 2
2308 2629 1
772 2940 3
32 1986 4
1187 2921 10
2150 1816 7
2044 890 8
495 2590 6
921 301 7
2301 2569 8
1082 269 7
504 549 10
606 1736 3
261 2033 10
963 1789 9636
963 396 9907
270 395 6
2407 1446 7
1455 1955 2
427 2142 4
1713 1488 4
2478 2834 4
536 797 7
1104 216 8
963 33 9770
1258 2837 7
1154 2725 7
1695 2132 4
314 815 2
1857 236 3
963 1696 9639
345 1307 5
388 2907 2
2826 730 8
963 37 9543
2668 1921 7
882 1826 4
963 1629 9745
2959 885 4
281 2511 2
1171 939 10
1576 1296 2
76 1927 10
963 73 9815
408 594 8
192 1697 3
2484 2256 9
783 2137 10
1923 1921 4
1974 793 6
59 209 10
994 992 9
362 487 7
2313 1367 7
871 14 5
2980 1455 2
1820 1462 8
1613 2342 4
1114 1390 10
796 1310 3
2021 1368 8
2925 1810 8
2988 2894 2
1542 1248 2
1603 1776 10
2923 1730 7
699 2123 10
2922 671 4
538 6 6
1295 349 3
1375 2799 3
2685 2378 4
1283 424 6
1526 983 1
2908 2010 7
450 2975 7
2724 411 1
1767 1473 7
497 2643 5
1434 2758 9
963 1719 9653
963 1364 9058
333 2821 4
604 1078 2
911 68 2
1681 405 4
253 1117 4
2964 2349 4
963 2247 9977
1762 552 2
969 1905 1
963 545 9299
2932 1304 7
1377 2768 1
717 1535 1
1743 27 3
963 1505 9773
753 2728 10
418 1816 6
963 2326 9276
963 385 9582
2928 1886 8
393 844 2
317 1698 4
1667 791 3
1984 1389 5
476 2509 5
651 2628 1
2515 402 1
474 1750 3
825 157 5
1368 687 6
1133 1957 9
583 2431 4
365 2625 9
963 417 9847
900 207 9
963 2057 9304
508 2312 4
13 2530 10
2061 2625 8
1771 645 2
2691 2572 8
1980 1842 1
1901 2408 4
1920 2587 3
1485 1837 10
963 557 9692
1928 293 7
1763 1811 4
963 1934 9086
2446 856 5
2868 212 3
2967 1389 9
229 828 5
1983 2995 10
2486 1488 10
1292 6 3
2439 85 5
963 2082 9254
1616 54 3
963 1347 9396
1614 1548 4
963 2038 9391
964 2461 8
1091 2483 10
2189 337 1
1309 1926 3
444 882 3
331 1233 10
761 318 10
591 2242 7
506 1922 3
316 2403 1
963 2246 9717
837 15 9
1034 1672 5
942 543 8
2514 1724 7
128 661 10
963 379 9989
1864 1465 5
963 1889 9725
963 1291 9219
242 946 1
720 605 10
2437 2544 4
904 1176 1
1768 1003 5
742 2784 8
1709 2380 2
963 2385 9904
832 1900 10
2359 2252 1
2459 1074 7
1008 2729 10
1041 115 4
644 2318 4
907 49 8
2824 298 4
2109 1711 2
2375 1638 3
963 2533 9730
1870 2681 3
1151 1554 9
1009 1419 6
1065 146 3
1123 56 3
2035 1180 8
833 200 2
1655 692 5
1136 505 6
2003 2597 4
2743 2148 4
2203 2301 4
103 891 10
963 1164 9754
445 499 3
1562 1390 8
963 500 9635
1738 1092 8
1396 12 8
1108 2751 3
2184 2599 7
963 452 9947
1444 461 8
963 2960 9292
963 2063 9120
2430 1510 7
2402 1652 1
590 2628 7
1250 1409 6
1534 738 1
850 2142 2
82 1584 3
1952 2282 1
2075 1326 10
868 1794 8
187 984 6
1120 1492 2
2028 2142 9
2002 82 4
212 15 6
2118 2062 3
963 1035 9882
2634 1488 5
1700 2165 4
403 1990 5
963 886 9300
2159 1129 3
105 1190 4
861 472 1
216 1418 10
2916 1159 7
2888 1970 3
2841 556 1
2851 236 4
512 533 4
1665 2678 5
2603 2482 2
1646 694 7
2666 915 9
963 291 9597
686 2913 7
963 2492 9098
565 422 5
399 873 5
963 1170 9527
1803 167 3
847 2512 6
929 837 3
178 2959 2
963 2624 9762
537 2182 9
1144 1550 2
2214 1238 7
963 2513 9878
2215 2235 10
791 2688 2
1011 1741 6
383 2949 7
2699 1335 5
812 1835 8
91 2380 9
323 2096 6
468 946 5
2734 973 8
1687 1371 6
1234 2781 1
1155 228 4
1992 815 2
1867 483 8
2856 2671 3
1850 2197 9
2238 812 9
2765 2350 8
2278 2725 8
413 2611 10
2975 2020 1
351 1246 1
1162 2101 9
2693 578 2
963 1467 9917
963 2232 9011
1865 2966 9
963 2994 9718
1757 2062 5
2758 1338 7
2354 1730 2
340 1346 2
2574 1599 4
2540 2165 7
143 2996 9
1251 1711 9
2104 714 5
1121 45 8
682 2729 9
485 2489 1
963 2047 9033
963 1356 9315
1098 217 3
963 932 9860
2048 349 2
2185 236 4
94 2380 3
917 2197 5
1909 749 8
1083 1067 5
824 916 5
1445 1949 10
1211 777 3
963 737 9772
2116 1992 9
2133 1242 2
2771 2907 9
77 2443 2
2276 2570 2
2893 2549 1
1320 1515 4
235 329 8
1431 1988 8
2361 2198 6
1553 946 2
2774 1439 6
384 1191 4
963 1317 9286
2664 625 7
963 988 9456
963 2304 9074
1161 2064 9
2844 984 4
2051 2094 1
2929 2284 7
1195 2455 9
2553 422 6
1547 1223 10
2463 2331 6
556 366 7
2951 710 3
2069 790 2
963 61 9802
1880 1074 2
1640 1749 6
2919 924 10
2237 1478 1
375 188 2
223 6 7
503 124 5
1497 736 6
2249 1248 7
219 674 8
2117 1401 9
578 422 9
2318 2786 2
963 2640 9033
1102 2382 1
18 298 4
1957 1386 1
625 330 6
2971 1520 7
1003 1808 10
89 2064 2
2790 2674 8
2449 2648 5
2812 595 1
963 2310 9694
98 2086 2
95 2684 6
736 1641 6
963 1895 9217
2871 1755 1
930 223 10
2677 2530 6
1341 1622 4
1514 1096 5
805 2023 10
1217 2544 7
1348 983 7
179 2910 1
963 1243 9321
1026 1990 10
620 329 1
602 2711 6
2450 2509 2
963 1086 9661
2236 1727 7
627 2904 10
2019 160 1
2241 1744 2
624 120 8
2126 662 3
2858 422 2
1212 2586 5
638 926 3
979 2197 6
1138 268 4
597 1498 8
2327 2364 10
168 1060 6
963 2298 9353
1938 873 8
1113 2130 3
2895 14 3
2710 1079 10
432 1530 4
1838 1812 3
266 458 7
1840 2751 6
2427 299 1
2639 1392 3
738 1339 2
1194 905 1
2466 587 8
2368 2572 3
1393 739 2
1689 2588 6
1184 472 7
1628 237 10
963 2157 9550
1471 2570 7
382 1079 2
480 927 7
963 397 9445
2073 1990 2
1964 1855 7
963 1674 9338
724 2675 6
2335 919 9
754 1882 1
1418 2237 2
359 1612 4
524 549 9
1650 126 1
2742 1046 6
1581 2711 1
2095 895 8
1787 1875 5
1111 2674 1
49 2265 4
451 1816 10
1186 120 10
1710 1746 2
963 1311 9168
2843 2282 4
630 496 8
834 2296 3
639 779 4
2188 391 7
2251 936 4
1827 1216 2
963 2107 9198
2554 1234 8
404 2268 8
424 526 7
734 390 4
853 1383 6
1602 1058 2
1704 204 9
1370 1687 2
2637 2643 7
963 2371 9048
2084 1616 6
788 422 3
2707 2230 10
2859 1711 2
963 104 9854
963 1345 9987
288 1869 2
2610 2988 5
1541 1304 9
2978 2940 2
2669 2587 10
618 1566 1
2962 2719 6
963 914 9907
2050 1494 4
2119 1995 8
1387 165 1
84 928 5
605 1973 10
133 2021 2
1097 885 8
131 309 6
1745 2345 10
963 2607 9870
776 1816 9
963 1023 10000
1590 248 2
2235 744 5
46 842 2
2079 984 5
1649 2768 7
2982 810 9
963 1451 9763
2712 462 1
963 1830 9753
909 1488 6
2293 2198 4
963 1675 9318
1284 191 4
1087 45 7
840 2210 1
713 1927 10
74 1468 1
2259 2445 7
1450 986 5
2886 627 9
2580 692 10
2558 2751 8
2735 1522 6
30 712 1
710 637 4
851 2283 10
423 1503 5
297 2423 2
2836 2998 2
2033 1322 2
478 1282 10
386 2461 7
963 355 9767
71 1864 8
438 2832 8
1145 1710 5
1633 2404 3
963 1847 9302
1013 2544 5
217 2980 10
2181 1074 7
406 2019 7
2013 2606 4
846 171 4
934 2291 2
2545 1566 6
1546 2637 1
1392 2983 6
2348 866 4
2898 2083 2
1518 2956 5
725 313 1
491 633 2
4 2543 1
1943 610 10
570 2130 6
843 1449 6
1036 2861 5
1817 576 5
2498 2306 10
1263 795 10
2927 1390 7
2022 261 10
704 2886 8
1203 2224 3
2493 74 10
2239 2809 1
2537 2651 7
1538 1900 10
2428 382 10
1200 2198 6
2100 780 8
1070 1106 8
1197 1449 1
963 2944 9446
416 2602 7
1374 2286 2
2732 1245 8
2741 302 7
395 1542 1
963 728 9105
1668 2197 3
864 2351 1
2830 2511 9
963 210 9457
2934 472 3
2280 264 5
1249 1698 8
1404 2590 6
2374 528 4
1289 1693 5
963 2060 9812
1274 997 3
541 71 3
963 931 9007
380 1320 10
963 8 9568
963 2911 9721
2638 1238 9
1196 2205 3
366 232 4
952 2376 3
453 2743 10
1265 1049 6
1053 1468 10
2702 1724 9
2212 2511 2
963 1996 9565
1761 450 7
684 1385 7
2261 587 4
963 240 9739
2206 568 4
221 2500 7
839 2767 2
2827 2643 3
1325 39 2
1402 1672 9
2667 2768 2
2731 1810 8
1205 258 2
1734 65 9
2801 2511 3
1294 1554 7
963 2987 9624
2026 2768 2
1458 1044 2
2017 1810 5
1573 671 8
925 525 2
818 1607 4
963 1235 9266
1068 526 4
2011 2628 7
1088 1702 2
2701 2853 3
1288 1384 6
786 2273 9
758 298 6
163 2939 10
1888 1470 1
324 1788 2
1823 1997 8
2353 2123 3
1474 1598 7
2950 2391 9
2961 797 5
1896 1863 8
2884 233 6
2714 2005 1
643 511 6
640 549 4
140 1770 5
1427 2564 4
2857 1395 3
1894 1636 4
2571 86 2
2763 806 5
2657 2919 10
1907 587 8
194 1090 5
2877 1822 7
564 2684 7
1411 856 9
963 659 9693
1802 2034 4
963 1759 9763
963 1489 9997
1661 330 7
2369 2458 9
961 1082 3
2265 2030 4
2772 1092 3
1337 1390 3
1521 2360 5
963 2794 9255
2502 2159 9
411 132 5
1351 533 6
2594 505 2
486 2866 8
963 2810 9012
150 1294 7
696 2904 6
963 1861 9419
1688 233 10
398 252 2
2391 1222 10
456 2674 5
24 2781 9
2935 1810 2
1273 1560 7
996 432 2
2557 2706 7
963 767 9070
26 311 6
1637 1079 5
648 946 2
2822 2606 6
118 2913 4
722 2945 8
971 182 6
922 1816 7
1107 497 8
2787 1037 7
275 2425 7
1728 992 3
958 1106 8
1805 2511 5
1199 371 4
1706 1283 10
2112 16 9
1078 2005 4
963 2878 9521
2442 2812 3
176 2119 3
693 1647 3
1774 1335 6
1831 2099 8
827 1279 9
152 14 1
1014 2628 5
1362 1160 6
2792 551 8
434 2251 9
676 2568 6
1784 666 5
259 926 9
1277 2219 3
962 984 3
332 2489 8
2307 1647 7
963 2464 9325
890 1835 1
623 888 9
901 1831 4
727 330 4
1230 587 1
698 1760 1
673 2037 3
593 851 6
2435 2525 3
1470 1481 2
526 719 8
2264 143 5
1331 2608 6
1281 2425 3
1874 1736 4
1657 116 5
1798 2590 5
1245 2022 9
2072 2269 5
1717 739 10
963 2031 9149
2585 2885 8
2622 2198 1
963 284 9549
2422 1886 8
708 2358 9
2472 1967 9
1054 2160 4
2277 2611 9
2588 1405 8
1159 2728 7
1693 1469 7
1617 1708 4
877 207 3
963 1632 9451
2315 1449 5
1571 873 7
2052 908 6
1181 2170 1
527 984 5
2475 2463 5
305 2631 4
2740 2576 4
2345 1662 9
633 1742 8
963 690 9077
1460 2837 8
2066 725 5
2393 1207 6
1367 2069 5
1825 207 3
247 1575 3
1947 2791 3
1925 2869 2
2896 631 2
963 1846 9477
963 800 9396
2645 1046 8
1076 779 9
963 1004 9770
1483 1310 6
2397 2989 4
144 820 5
1645 2228 1
525 2374 1
1516 1709 4
2383 1406 1
136 1673 6
2471 1796 10
691 1698 8
2058 2672 1
963 902 9799
1306 2654 4
963 2465 9460
2156 1692 3
2231 1152 4
735 2387 8
2817 775 2
652 45 3
963 2441 9822
1246 2826 8
348 1190 9
2800 1556 10
963 622 9141
2716 2198 3
420 207 4
584 1227 2
337 2894 1
357 2565 5
926 1148 5
634 238 4
963 1512 9977
963 2503 9535
963 481 9408
218 1487 1
963 809 9326
376 2431 7
2154 147 8
2673 2678 3
692 147 7
2920 1724 5
883 1757 4
2418 873 5
1679 403 10
1002 2282 5
1732 321 2
1103 1401 9
368 806 9
2398 2728 5
963 1089 9864
2977 1070 4
2909 2149 9
2010 1876 2
547 1810 1
1712 1319 3
963 1677 9597
2520 2180 7
963 2581 9561
1626 292 10
628 1127 7
1052 168 7
29 2648 1
963 2582 9078
2760 1730 6
1042 1016 8
1125 671 8
1425 1162 10
287 2587 10
1188 1486 8
31 1432 10
2653 2873 6
2068 1455 5
650 381 8
487 2707 9
963 2616 9418
1110 1383 6
1193 2723 10
963 2518 9951
70 550 1
2943 1818 3
706 1781 2
2272 927 7
2813 2064 1
963 1877 9457
518 739 3
1744 2609 9
1209 888 2
562 1041 6
2406 2146 10
2041 2560 8
963 1500 9767
963 726 9650
1423 2728 10
963 117 9283
93 2404 5
963 492 9940
304 1080 6
1872 770 4
1520 924 7
1175 53 6
963 1499 9982
2 347 4
1420 1238 10
2092 1803 9
869 2186 2
1644 525 3
574 2728 1
2750 1730 10
2689 1494 8
1591 265 10
2046 2127 7
2543 715 5
2627 1080 8
2454 1389 4
2852 1997 8
771 2715 6
778 1856 8
1956 1742 4
1185 1904 2
2798 1289 5
1373 1989 4
1272 910 9
442 1536 3
1969 683 3
2367 48 7
1522 2603 10
646 1430 5
2748 2291 3
887 2005 7
83 238 1
1722 607 6
1510 512 3
2134 489 7
963 2179 9024
1902 1468 8
1977 41 3
2854 2291 2
963 2173 9276
1094 1534 5
1025 352 10
1776 2287 7
1380 1186 2
2676 2921 2
878 1823 2
1166 2447 10
963 1146 9575
1670 2678 5
2659 164 1
2808 2483 8
1169 2101 10
2559 131 7
2539 2659 1
1567 321 10
2088 1647 4
1024 997 2
667 2430 7
2483 1236 4
1807 2615 6
2485 2325 6
707 1965 3
309 562 10
1619 1604 2
344 1681 7
2495 1437 3
390 2051 4
2412 1238 8
637 712 6
948 1769 2
1568 1494 7
1972 298 4
1862 2769 5
1555 548 3
234 1816 7
1259 1896 4
1891 2725 3
2024 80 5
867 1492 2
2226 236 8
1372 483 10
2078 2907 6
239 1604 8
897 996 7
2778 2788 2
963 1791 9735
2491 1578 4
2426 2629 6
2396 1058 4
2350 1218 9
1412 2434 10
174 134 6
1328 154 5
2529 1134 7
2569 1714 10
430 1794 8
498 1838 10
2015 955 7
2083 25 9
1472 454 4
963 1703 9132
2145 95 8
2140 610 2
431 47 4
963 947 9934
963 1910 9511
1 1362 8
711 1806 2
2131 1882 9
277 1855 1
963 596 9927
963 2806 9061
963 2077 9646
2473 1102 5
2818 1036 4
110 2262 2
1228 744 8
2972 2180 4
1280 146 3
326 739 7
1741 516 3
1438 2101 5
963 1564 9633
2243 147 3
1313 2755 2
367 1615 4
2186 2630 1
1081 1455 10
190 2863 10
458 2946 8
2007 535 4
1781 2594 2
2999 2167 6
1150 2122 10
1725 1074 8
462 752 2
1622 2475 1
1529 1554 9
2081 1202 4
1582 2282 5
1457 1488 4
1879 1407 10
1020 1029 8
915 1436 3
2339 2367 5
327 810 4
2629 229 2
75 5 2
2860 2431 4
1958 2333 5
1340 1335 9
1478 1182 5
1592 1502 10
142 477 4
1714 400 10
963 2451 9730
1465 1834 9
668 315 8
2930 334 4
1531 391 7
1222 1355 2
963 1785 9092
963 881 9864
1218 1601 1
2727 2329 6
1749 2678 2
2476 2728 7
1301 15 7
762 28 1
2349 2940 6
1403 2971 2
1849 2671 1
1436 2595 1
1106 2915 1
465 330 10
186 750 1
780 1740 1
1793 2768 5
963 1772 9264
2776 1816 3
546 1079 7
2171 2130 6
507 1278 9
2705 2138 10
963 1836 9676
2071 2606 10
1826 369 8
2655 1231 8
963 513 9605
1039 2461 1
963 7 9948
2696 960 1
2931 2365 7
51 2431 9
1959 2639 5
2228 2600 8
2096 761 9
1027 356 1
300 1043 10
1887 600 8
182 2521 10
765 2159 3
2027 1515 9
655 1335 4
963 2417 9818
1740 1832 2
1777 46 2
1183 349 9
894 2090 7
960 2874 6
2756 252 3
2706 2402 3
973 446 6
2984 423 6
1855 12 10
2651 2143 2
2811 2547 2
17 1304 10
2324 1430 3
137 54 7
963 1866 9540
195 765 2
1953 2886 4
1178 2825 5
286 1273 9
92 1150 4
554 2544 9
60 2885 8
573 597 4
2615 612 5
550 314 4
2401 2197 8
953 2740 10
205 1406 6
1735 2461 4
2671 1476 3
1359 1388 5
448 2941 3
963 1833 9149
1993 1412 6
963 457 9000
2904 446 3
1680 45 10
793 99 7
963 2621 9697
1643 1794 8
306 2097 3
963 1635 9499
965 1313 5
1557 1302 5
879 2024 9
2403 1303 1
53 2650 8
2487 2005 2
346 378 10
1596 883 9
1961 367 1
335 2138 2
2286 443 3
2191 2415 10
2941 1990 1
1812 2885 10
582 2268 3
106 1308 6
1156 697 10
2575 831 3
963 2889 9424
632 2181 9
2584 1697 7
2110 85 10
2599 2950 9
387 1813 10
1960 2425 7
2114 1156 6
1579 616 7
1475 1414 7
2865 2519 1
153 2715 2
1708 1651 3
614 278 5
409 2547 4
1482 391 4
1208 2713 1
1253 2198 6
2309 1815 5
1858 846 4
2255 2365 8
2195 1473 2
2213 2130 8
872 19 3
1298 128 6
963 1540 9425
913 1873 10
589 2742 7
9 2538 8
653 327 7
993 1566 5
2462 2568 3
21 1036 8
2942 496 7
963 2906 9903
435 777 5
2494 587 6
1339 2052 1
963 1660 9847
1918 1208 10
1379 2416 4
2799 2536 1
803 21 8
1848 770 8
1726 2712 7
1875 735 3
2675 181 3
1854 1513 5
1139 2291 4
2258 1748 9
1137 2431 6
539 2432 6
149 1507 5
963 415 9119
1459 2397 7
963 745 9796
1487 2900 6
963 1269 9077
1276 2544 2
1517 484 6
1177 2815 10
2299 1848 5
2589 1529 3
1752 2940 9
2201 1515 4
1275 1056 7
2630 1240 6
67 587 8
2085 2769 4
2294 1208 8
2151 1596 4
1221 577 10
1839 334 2
689 138 5
680 859 8
1731 1452 9
1642 1869 3
2317 2807 6
773 2697 7
1639 1983 7
2488 631 5
2846 391 2
567 2648 1
1031 1860 8
963 751 9834
1044 2383 6
425 2415 6
1481 774 8
1073 730 7
528 1778 7
1676 2751 7
963 101 9844
2663 1312 3
1149 148 10
1883 6 6
1631 2837 10
2737 471 4
575 2678 3
2356 835 5
1360 1598 8
1893 1548 10
598 779 9
1354 297 1
2053 1046 9
64 910 7
1050 2593 10
963 665 9224
1539 2587 1
1652 2066 3
2076 1468 5
2894 1307 8
1037 2 5
41 253 3
963 2155 9831
1841 2568 2
470 1533 2
2357 164 5
2670 1459 8
2746 2568 4
1469 428 10
1707 2059 2
161 2499 7
1022 442 8
569 2489 10
2012 2461 8
854 682 4
963 2703 9424
963 2917 9147
790 2517 1
1931 777 2
1736 154 5
164 363 9
290 1871 3
2721 501 9
700 299 1
1988 757 3
1621 2461 5
586 1205 3
1821 279 9
2290 2665 2
2421 2701 8
2709 2544 4
2517 144 1
675 631 5
1929 1711 6
1400 1321 2
2767 2549 3
2381 106 10
1769 1287 2
410 1104 1
943 1306 10
2658 460 7
2688 1341 3
2029 1523 8
963 1300 9419
177 2509 1
2698 1886 2
57 1394 4
963 1720 9941
595 4 8
467 2334 4
2320 1449 7
2753 891 4
109 1494 8
714 2778 2
553 1876 2
341 2572 1
718 1325 10
402 299 8
250 2674 6
2946 155 3
1413 777 4
1565 1206 2
1018 426 2
2281 2821 2
2362 2628 4
794 2547 3
743 268 8
2042 2784 2
963 1916 9613
2761 593 5
2372 1446 6
2192 2355 5
2816 2587 5
963 254 9388
2954 2998 10
1266 822 7
1524 1495 5
789 619 5
2512 769 4
100 588 6
1683 2977 7
2862 779 8
572 154 5
230 2080 6
1342 1202 7
169 1232 3
963 2136 9851
2832 1320 8
1669 1205 4
963 2250 9876
645 2035 4
1919 2282 2
2302 161 2
963 222 9559
1585 1421 6
963 923 9247
2723 660 5
1869 1101 2
963 2695 9894
39 2761 4
740 1477 10
2614 202 4
2633 1109 3
2256 2100 1
1353 588 3
664 2282 6
350 146 6
1440 2910 5
2957 1724 2
2135 2570 6
1543 1977 6
2497 2597 6
875 458 4
123 2509 4
421 2248 10
1324 946 5
1308 2339 4
1819 18 8
1254 2973 2
963 494 9795
963 2343 9766
612 1599 6
857 155 4
231 2211 2
34 1006 7
1856 103 5
310 831 5
705 2635 1
1493 149 2
185 429 9
511 1017 3
1090 208 9
2976 1697 3
963 1583 9111
933 2590 3
966 1389 4
920 1058 3
97 2345 3
170 599 6
963 1682 9307
2681 2184 9
1100 2687 8
2820 147 9
2536 2791 1
426 42 4
940 1566 4
2030 798 5
2429 1672 4
585 1326 7
1503 1559 10
274 169 6
1577 956 9
1119 631 9
1987 268 6
1715 1058 9
2781 437 3
336 1304 7
352 1390 7
963 2583 9865
2779 734 4
963 1305 9907
599 2415 1
963 1179 9783
1658 2913 5
1315 2126 7
1671 2282 1
963 2662 9844
370 1399 10
2793 2725 5
1407 1831 7
2924 1383 8
1363 780 5
975 133 3
2467 129 5
976 2275 2
1059 1436 7
2004 2489 8
963 2528 9846
2879 2073 10
811 2725 4
2364 2998 2
607 1334 6
1383 16 3
1904 324 3
1574 1584 3
2979 133 3
963 1147 9162
2796 460 1
963 280 9139
2065 1349 6
400 387 7
695 496 2
2608 913 1
963 1985 9306
2752 2461 7
963 1939 9502
364 153 1
1021 464 8
2008 2106 8
1552 2783 9
2436 2730 3
1165 584 6
963 2025 9613
119 822 4
2432 946 4
2392 2224 6
860 549 10
963 2970 9661
1824 2059 9
617 1479 9
2271 1724 10
2501 1998 3
2797 2197 6
1327 2940 1
2405 1080 9
1536 2468 1
2440 147 9
191 1524 5
2336 1214 2
1545 1403 4
2730 1663 5
1593 299 3
1559 2452 3
2506 1604 7
1484 2895 1
419 2936 8
723 6 3
1255 336 2
1549 1238 8
2217 2572 7
2593 1493 3
325 2210 7
729 530 10
1998 2526 4
561 2837 9
1256 361 10
1092 1610 5
2718 2769 10
1501 2717 8
2477 1566 6
2321 2795 2
2600 2347 9
501 2897 6
963 1786 9865
162 1647 9
2933 885 5
835 2755 10
294 603 2
819 2511 10
2220 810 7
2646 1238 7
2312 718 7
1944 708 10
1066 831 8
2782 189 9
963 2420 9757
2333 1690 7
1395 2200 7
678 1897 1
2516 722 6
2037 1432 5
2525 1106 3
2040 1056 2
1976 2730 1
1790 1430 6
663 1238 7
228 2342 10
81 1294 10
681 2511 10
908 768 1
963 1262 9472
1634 2837 10
899 2725 4
963 1343 9750
1898 2462 7
2269 1464 6
112 799 10
963 1737 9567
1448 587 10
1607 1734 9
1965 1588 6
475 2529 8
521 927 4
2222 2241 4
2074 289 8
1530 2632 5
2953 1755 4
2522 1820 5
2216 2755 2
1881 2861 3
732 2061 4
14 1242 1
963 2850 9269
271 236 7
392 1149 8
2869 588 3
972 2130 2
963 1126 9931
1223 1576 4
679 1711 1
2531 1517 2
2867 1099 4
2899 78 8
2108 2568 3
963 1966 9641
2682 148 5
2274 863 10
1490 1555 2
963 2831 9097
1754 2590 4
1232 1722 2
963 801 9223
2551 1730 7
126 421 2
2876 1653 5
2020 1427 1
369 2091 7
267 23 7
2577 779 6
27 1166 6
669 2943 6
2791 2192 5
2106 1795 10
1408 1690 2
1096 802 2
1268 1293 7
2550 983 4
906 2544 6
90 288 9
963 166 9415
1783 1690 6
656 1083 5
716 1723 10
78 682 7
1804 1730 3
1075 873 9
2481 2751 2
2842 631 2
519 739 6
2692 941 4
963 1885 9053
1892 236 9
292 374 9
2352 2993 7
1946 226 9
1705 1790 10
821 1647 9
132 1845 5
1129 2586 9
322 2602 10
1237 2534 6
2749 1100 4
361 2900 1
661 641 8
963 1226 9334
963 1691 9397
1814 1007 2
1358 2204 3
2598 1997 6
1435 2036 4
2745 1389 8
1535 1379 4
1426 2596 10
1551 371 7
808 154 1
405 2861 5
2507 319 7
2105 2209 9
204 98 3
963 285 9157
963 2613 9921
2144 289 10
2510 2815 6
1932 904 2
2067 2425 10
2578 2913 7
2833 1488 5
1206 2678 1
1654 327 8
1319 1012 10
1979 2142 4
2340 116 9
2937 1818 4
2009 2489 3
1496 1190 4
2632 2472 9
2128 1692 6
2113 321 3
968 2912 7
2346 2210 6
523 806 3
1131 2768 5
2093 885 7
2390 1477 8
963 1911 9987
160 1416 9
129 1358 1
963 1508 9213
2802 2399 9
1610 2765 9
1641 2479 5
2080 170 1
1664 1604 1
963 1140 9155
1525 2715 4
2120 2768 4
1033 1844 6
499 248 3
2260 2378 1
2376 2337 9
1782 2547 8
214 154 6
347 2007 1
963 2469 9701
730 862 6
963 2187 9269
1167 478 5
1153 2495 9
1019 953 6
1569 215 4
63 201 3
1290 779 8
963 1773 9444
963 2049 9952
989 1238 9
1486 955 9
1609 1390 7
2947 797 6
1213 2998 5
999 1474 9
1563 1661 1
1917 2827 6
113 2627 10
2738 502 9
2288 2684 7
1198 612 8
529 977 10
2542 2900 6
493 2725 9
1352 1074 6
2880 1123 10
295 2002 1
2642 84 5
1491 1796 5
175 845 2
2257 2210 7
2377 1697 1
2956 384 4
1948 1382 8
2875 208 9
1080 2148 4
555 315 2
244 2934 8
2611 1689 5
401 1742 8
601 1721 6
122 1309 3
2168 1781 6
1729 2789 9
1498 943 10
1586 2546 9
895 1587 10
1189 1058 9
1653 907 6
211 1044 6
2626 2945 9
1890 668 2
1174 587 6
963 2386 9252
262 581 2
963 1751 9505
963 2474 9300
534 2081 5
1060 249 3
121 2036 8
2438 2940 10
2363 1768 9
963 36 9431
2178 173 6
2458 1175 5
2006 892 10
2538 1028 5
2170 1577 5
619 552 2
977 2865 5
2000 2135 10
1099 1009 1
1480 1566 5
1447 1920 1
2744 1662 1
1699 2112 3
1694 1639 7
600 2999 8
477 2914 8
65 580 7
502 1636 6
1239 2059 5
1204 468 7
172 406 7
1685 1430 7
1509 2800 3
2094 783 3
40 2036 7
439 2769 10
838 1730 9
2207 329 9
2700 1040 4
963 957 9243
963 2045 9673
2370 1550 10
414 720 10
2102 2064 3
2443 401 3
2891 505 5
924 59 9
1903 2378 9
1191 952 7
1788 2881 5
2153 1236 1
1727 880 9
963 1038 9215
1716 2197 5
1394 1648 6
1422 2081 10
2054 1350 1
1323 261 3
1252 19 5
5 2870 5
167 971 5
2453 2239 8
649 2681 7
68 671 6
1900 2130 1
1168 739 2
52 810 5
1417 224 6
2055 2431 5
1192 1033 8
2828 2648 3
2845 1389 7
1158 1598 9
1949 1645 4
313 2448 8
963 1172 9691
963 1466 9426
197 148 9
677 2287 1
243 2006 6
1601 2177 8
987 1730 10
2043 1656 6
2234 2059 5
436 577 8
1285 1446 1
301 463 10
963 1461 9448
1815 2369 8
963 1884 9726
1349 419 8
1229 739 10
963 108 9734
2754 2138 8
2416 88 6
750 1284 7
1032 970 5
135 2648 4
141 236 2
1951 1058 1
571 248 2
1971 777 8
1010 2572 9
2319 2715 6
1701 1822 7
2456 885 7
963 1572 9552
2672 1659 2
2762 1472 5
2166 1321 9
1006 1294 6
72 789 5
963 2163 9515
963 2409 9820
2306 2907 3
2757 549 5
2169 1005 4
1523 1141 3
963 1999 9833
799 1711 7
1834 1157 4
2419 1794 10
2366 2002 8
2969 1765 6
986 711 8
613 215 7
1942 744 4
1842 2410 3
260 2921 6
2270 391 2
2267 2404 6
1978 2913 6
592 692 1
963 766 9077
2573 1100 8
2853 1518 7
2532 2059 7
531 2313 6
2903 1027 8
2965 2180 3
2997 2064 7
701 236 3
189 1307 3
1260 2636 4
2172 2659 6
1132 1871 4
898 2737 10
674 2909 8
2176 136 8
2902 1178 6
2158 2519 2
963 1747 9188
963 814 9654
2814 2530 5
1072 2461 3
440 330 3
1797 1313 4
893 1810 2
1442 2628 3
1748 2101 3
1506 2497 7
184 1777 1
2839 1854 5
517 2489 2
963 2683 9614
2330 2678 4
1333 2891 8
981 777 6
2561 779 7
2480 1250 3
157 2317 6
660 2775 6
1537 248 1
2595 2460 9
888 2690 8
2285 2857 7
980 1431 2
1570 1692 3
919 1426 7
2379 2769 9
1391 1112 2
1462 2559 4
2870 323 2
748 1293 2
2167 2001 6
963 1261 9561
1043 2415 8
2149 2433 10
568 1592 6
2560 1669 2
2295 2378 5
1587 1176 8
830 2380 2
255 342 6
1135 746 3
2016 828 8
2143 2453 7
876 1061 5
963 2864 9110
2262 1865 6
2541 2029 6
2500 99 3
963 1792 9081
358 2530 1
1378 1152 8
1464 22 8
2252 975 3
1686 865 5
2717 363 10
490 2036 9
429 2285 6
1332 296 9
2789 2937 5
1758 1822 2
963 0 9643
859 2557 3
844 2687 5
991 1077 4
1116 561 5
412 650 7
107 1822 5
963 2218 9519
1005 2309 9
903 875 8
2829 110 5
2341 2392 9
963 151 9157
560 1411 10
2788 1143 3
1215 2140 1
836 1359 5
11 1446 5
2825 1579 9
963 1558 9729
2305 810 10
1871 1165 7
319 374 6
2328 698 10
2981 2590 2
96 1219 2
2641 2224 4
2948 1094 9
2736 349 4
1063 1127 7
2111 1301 8
963 2152 9878
2296 961 2
747 45 9
2565 1088 10
1915 2153 1
48 1354 9
1115 321 4
616 1981 5
1278 1055 7
2221 2302 1
1405 1586 8
279 2764 1
2623 2779 10
215 2046 5
1029 2165 8
959 1494 9
1441 2268 10
1615 1944 4
963 328 9009
552 2097 5
1672 2183 5
2708 1390 1
2358 1888 8
963 377 9525
866 2087 10
2968 299 6
1084 2674 2
963 159 9848
489 2279 10
2918 805 10
963 874 9679
963 1257 9851
1057 2086 6
963 62 9679
1071 1238 4
963 199 9020
1940 311 3
312 1335 8
124 1237 10
1989 869 4
520 2540 2
2208 1221 10
2162 148 7
781 2921 10
950 2005 7
79 1029 6
1314 936 8
657 1221 10
880 613 8
449 2744 9
1316 2670 5
1051 2636 2
158 1468 1
551 2832 1
937 1555 6
889 671 1
1986 311 9
2620 2715 5
626 2568 4
10 198 4
963 1247 9090
2289 1604 6
1921 1001 6
721 938 8
2562 2359 10
928 1969 7
963 256 9525
963 2803 9157
1410 321 8
522 2511 2
2872 2824 6
1779 2674 7
2635 2571 1
2592 2249 7
2991 394 10
1766 2123 5
276 1399 3
1264 2242 7
1495 9 10
963 1270 9178
1398 268 5
1914 2348 7
1852 1843 5
2023 894 7
1933 2728 2
978 2908 8
1912 2567 6
963 1271 9387
2660 1319 4
1322 92 9
389 1727 8
2121 330 8
1908 2969 8
1157 2266 10
963 2819 9582
629 179 1
2316 644 8
198 2360 7
2160 125 4
1811 2072 6
437 2037 4
841 705 10
918 1357 4
870 1401 3
2411 2311 8
1828 85 7
510 2531 3
2777 2460 2
1753 279 5
2549 2839 9
2989 1946 1
1456 1718 5
954 2130 6
1384 670 6
293 2643 2
2733 2198 4
269 951 4
1513 2032 5
1507 764 7
2039 1307 9
2266 1625 6
2225 1110 6
127 1494 10
963 1624 9491
865 1001 3
2785 1056 4
1141 716 4
1267 2379 3
1597 1091 8
342 463 4
1397 1389 4
224 247 9
1176 1612 2
193 1809 10
2892 534 2
535 196 8
963 733 9239
2680 2725 5
2605 1382 6
963 1532 9299
580 2619 5
1936 2170 9
1851 831 5
2963 2252 8
2322 1263 9
1017 1321 4
2805 54 9
963 2766 9752
1673 1803 2
963 1069 9390
483 176 2
1124 1765 9
1454 2900 9
283 1566 1
756 1382 1
963 2227 9061
2838 983 9
963 1286 9547
1595 85 5
785 796 5
540 66 5
1118 66 5
2193 1187 9
963 2338 9048
1310 2848 9
1968 2544 7
2470 2410 3
1210 2462 5
2835 2628 5
2194 1473 1
2413 2856 2
1801 1042 5
963 2992 9915
2205 836 3
963 111 9317
1227 1022 9
145 1079 8
1334 1650 2
1130 1901 8
2245 334 6
2014 2572 1
816 1822 4
2936 2054 4
1220 361 5
257 1101 9
2314 383 7
1760 2484 8
2089 2036 2
2883 1052 8
1056 1800 6
688 2648 5
2955 460 1
2905 186 10
862 2704 9
2233 885 7
466 430 7
1575 2993 9
1608 1034 6
2604 578 10
2720 594 2
3 2404 7
963 2125 9800
741 2931 1
603 1312 4
1303 2647 5
963 2974 9294
963 759 9827
130 2998 4
2132 839 6
685 2059 10
1214 357 10
1994 1713 3
1077 1955 8
963 2722 9795
1860 1133 5
232 824 9
1561 1604 1
2254 252 3
447 2138 5
963 611 9414
1611 334 5
1600 778 5
2351 201 3
829 430 6
2230 896 10
636 183 3
2433 717 5
2457 2291 7
1937 1355 4
338 2500 10
318 2523 10
1406 2221 2
2552 1623 7
1344 2587 1
530 601 9
1419 1763 3
642 589 9
658 165 2
963 1361 9556
1556 2566 1
2855 402 9
249 331 5
2823 2768 7
2253 2818 5
963 58 9989
935 2606 4
459 38 5
2567 844 8
963 967 9408
2161 888 6
134 2744 5
1580 1816 4
963 407 9533
963 2579 9181
2656 17 2
2619 684 5
963 1062 9587
891 945 2
2534 1557 1
2505 1177 5
2504 662 3
371 2175 9
963 998 9875
1101 2414 1
2200 2929 7
1623 469 5
1922 142 10
181 2058 9
1950 797 1
709 2841 3
963 1528 9743
963 343 9866
2990 2785 6
1924 1855 7
1620 47 2
2331 2202 8
995 2808 5
1975 116 1
963 473 9762
1244 1449 10
2711 2795 9
2482 1533 2
441 1202 8
1105 1793 1
944 1382 5
463 861 6
2323 2183 5
263 2763 8
2849 1058 8
615 2201 5
1163 797 2
2952 146 1
1219 507 10
1386 1298 1
635 1852 5
852 2913 1
1808 1015 9
1954 1160 7
2644 2547 3
1995 1259 3
213 311 2
1941 298 2
963 225 9268
963 1519 9576
916 2633 5
203 831 4
1287 1417 4
2389 2281 2
1369 946 1
532 1989 1
86 1331 7
1225 2268 9
2912 102 2
1589 936 8
353 885 7
2384 505 9
1829 2886 7
206 1074 5
2190 2946 1
320 2751 10
2263 2628 5
303 1399 4
1180 968 10
2926 1697 6
1336 510 9
1605 901 10
2086 1823 7
1799 2652 4
1935 1162 2
1201 1550 7
339 1449 10
2129 153 3
2097 2591 4
1085 2005 3
939 2687 1
963 982 9168
509 1494 3
970 361 1
2355 375 10
963 2901 9631
2784 2547 7
849 2552 6
1945 2073 7
1578 2721 3
2329 1283 4
1045 1192 2
1663 2880 6
2124 662 1
1511 1887 2
963 1684 9971
25 198 2
542 2980 9
47 2887 8
1064 2414 6
963 180 9259
2395 662 5
2034 1809 8
2555 1604 9
697 2274 8
2273 1374 7
621 2958 1
558 2973 8
963 1962 9805
2661 2530 3
1231 897 5
2647 362 10
974 1434 6
792 1407 3
1913 871 7
775 2035 3
2240 790 4
963 703 9818
1926 2724 6
2759 1914 5
749 1202 3
2229 1389 2
2535 1724 6
1906 2151 2
2834 363 2
963 2141 9629
2334 2414 1
1756 54 10
1739 2489 6
433 2751 10
20 321 7
307 1196 6
2196 2024 2
2526 1787 9
956 2798 3
963 1241 9500
670 2114 9
1627 1711 8
2885 179 8
855 2726 8
1594 2485 3
672 841 3
963 559 9275
963 731 9035
471 475 4
28 172 9
1775 777 10
373 2210 8
702 2404 5
2546 1646 7
2325 110 9
985 2741 1
848 1591 8
302 1445 8
1015 2244 5
963 1878 9735
