2000 1742 1000
51 910 5100
958 744 2
1453 35 3
1655 1452 9
20 460 2
1306 1231 5000
1442 1336 1
51 836 5100
1939 90 10
455 535 7
1078 1379 7
645 231 4
579 605 9
1033 96 4
1432 1312 6
1695 1476 5000
602 964 9
1695 125 5000
1122 961 1
548 1912 5
155 1046 9
51 1600 5100
998 1807 4
1306 287 5000
1053 710 3
842 773 9
1306 69 5000
1306 777 5000
1306 1023 5000
881 1384 6
1306 1345 5000
51 193 5100
1844 1774 1
1306 249 5000
1564 1312 8
1498 1750 5
1695 771 5000
1361 1889 7
51 975 5100
118 208 7
1329 1072 1
803 1780 4
1281 1430 7
51 543 5100
1310 415 5
491 273 6
825 1149 8
80 1599 9
1562 1405 1
323 786 10
1306 1521 5000
1084 1312 2
51 1749 5100
474 775 6
1306 1252 5000
590 531 9
1533 78 4
1306 1005 5000
1924 1323 4
1043 1025 5
149 1384 9
911 424 7
51 741 5100
1774 1636 7
857 1894 10
1373 1279 7
1048 348 3
1695 1490 5000
784 1301 10
51 1061 5100
1338 1828 10
51 1086 5100
1447 290 2
1267 1235 9
184 953 3
536 460 2
1306 281 5000
86 1130 1
1695 492 5000
482 1967 9
1192 136 1
1306 859 5000
200 1519 7
1306 394 5000
1997 498 5
50 1762 10
316 1572 4
79 386 1
404 1958 9
1695 844 5000
1695 45 5000
1352 424 3
1306 13 5000
1306 188 5000
70 720 4
51 307 5100
936 1649 10
1695 886 5000
1695 101 5000
588 471 7
1695 116 5000
186 1405 9
1545 302 7
1695 286 5000
259 752 4
1776 1739 4
1306 1243 5000
1167 173 10
195 1884 7
1306 82 5000
1469 1975 3
51 1637 5100
1695 615 5000
5 603 9
1575 714 10
94 1072 10
1238 1984 1
1631 1014 6
1180 1787 2
1695 495 5000
827 513 1
540 105 3
51 1317 5100
1306 1169 5000
1945 972 1
1306 1348 5000
1717 1996 7
1306 301 5000
1695 375 5000
1802 324 10
51 1477 5100
51 98 5100
1695 417 5000
1306 462 5000
1595 1001 1
377 187 2
1695 490 5000
1441 274 4
51 1954 5100
51 1745 5100
104 202 2
1443 1909 4
1695 1136 5000
51 1051 5100
974 1187 8
1324 1451 6
890 1894 9
1306 1076 5000
1695 408 5000
864 539 7
1282 1080 9
353 1235 1
735 1689 1
1695 295 5000
831 758 5
208 785 1
1695 690 5000
51 1284 5100
915 731 2
1576 1514 3
834 1800 9
767 486 7
51 942 5100
1306 1150 5000
724 1428 4
1695 134 5000
1935 891 6
518 837 7
1037 1925 7
1627 1158 6
529 755 9
1695 1966 5000
1923 1705 5
51 1862 5100
1124 1807 6
1800 959 10
1260 1025 7
4 1210 4
1306 1388 5000
1306 40 5000
1679 221 4
1181 630 8
117 1922 3
422 1098 3
1306 791 5000
1306 737 5000
1728 418 1
1695 1503 5000
1695 1541 5000
51 1917 5100
1695 956 5000
1377 29 2
123 359 8
55 1460 2
1306 1106 5000
1179 378 5
1798 1393 9
465 1672 1
51 1708 5100
1624 1406 10
1159 1129 1
1695 1901 5000
1374 1559 6
1785 529 9
1306 1495 5000
912 1828 4
51 131 5100
1695 56 5000
926 1082 8
1306 532 5000
863 840 9
1517 1193 4
51 653 5100
1695 63 5000
1306 611 5000
607 187 1
1364 1894 9
1618 1122 6
1991 1108 10
1695 1542 5000
1695 1880 5000
1695 1291 5000
1695 1615 5000
51 1819 5100
1663 621 2
472 1336 2
1176 1301 9
1956 349 6
2 722 9
1695 1588 5000
475 1801 5
1695 1177 5000
102 965 2
1492 1938 7
1797 1091 2
449 396 10
1306 1261 5000
1378 486 1
1027 1642 4
1461 1631 7
1073 980 3
1681 1026 4
179 1312 7
1306 1045 5000
759 608 2
1306 725 5000
756 1326 4
322 1538 7
1987 256 1
51 798 5100
160 1370 5
1306 828 5000
1946 254 5
1695 794 5000
703 183 1
51 436 5100
435 21 1
178 1806 2
1695 1015 5000
1781 992 7
51 1982 5100
1380 1861 1
1306 201 5000
1306 640 5000
1900 1080 7
1409 1638 9
51 368 5100
1775 1310 10
1856 544 3
51 908 5100
1695 1704 5000
51 612 5100
1695 1229 5000
51 558 5100
1566 865 1
108 865 10
1306 1146 5000
51 1437 5100
51 951 5100
51 1139 5100
631 1898 9
587 974 5
1306 112 5000
1164 361 2
1866 1549 7
730 313 5
51 199 5100
1694 1014 9
516 481 5
1957 1687 4
977 247 10
1034 720 9
51 1029 5100
17 1301 10
1306 419 5000
1306 103 5000
1306 1426 5000
231 1395 9
1591 1701 10
1597 409 6
1306 1891 5000
1695 657 5000
51 114 5100
1082 765 8
753 557 10
1695 939 5000
433 1158 9
89 745 1
210 1642 7
51 850 5100
73 1158 5
1349 418 6
1737 1421 6
1985 1374 7
614 1373 9
916 478 1
1765 1750 8
309 1050 9
1950 1888 2
1730 1455 2
357 1327 7
1439 1587 4
1941 1453 10
49 1817 10
1386 604 5
51 279 5100
686 1670 1
1406 1088 2
1648 1088 8
51 747 5100
383 818 5
1454 1407 8
644 1368 7
51 1160 5100
1392 1389 8
1137 1390 4
1944 342 2
1701 805 8
1306 1838 5000
1695 1042 5000
1290 626 2
1695 521 5000
1171 840 8
215 183 7
809 1727 7
1154 1706 4
1674 978 2
874 713 6
1289 972 7
1695 289 5000
944 1581 5
848 1484 9
51 624 5100
1695 1535 5000
425 409 9
1695 1475 5000
339 992 4
481 442 5
525 510 2
689 1325 8
955 181 1
609 1713 5
659 766 8
1306 1362 5000
1404 1576 9
438 1149 9
1431 1205 1
1263 440 3
1010 842 8
51 450 5100
841 1519 10
646 412 3
528 885 7
51 1480 5100
1963 773 10
701 1787 6
829 1032 1
242 603 4
461 196 4
830 1356 8
1695 463 5000
1052 1940 9
1731 1205 7
51 1178 5100
1099 1019 9
1315 647 4
162 675 5
1448 119 4
51 651 5100
792 1140 10
1306 1445 5000
1306 1220 5000
51 1211 5100
1695 371 5000
51 275 5100
1468 1886 1
799 731 1
1306 250 5000
207 57 1
1695 1821 5000
1695 330 5000
512 1487 2
441 118 8
374 1333 9
581 1543 5
92 1670 4
384 1442 7
1967 1924 4
51 58 5100
1581 724 9
46 1314 4
28 603 7
1069 381 4
1526 352 6
1645 1131 7
610 804 9
1695 1790 5000
573 722 8
1306 163 5000
169 962 7
1953 1235 10
1695 1000 5000
1306 577 5000
1306 182 5000
761 1894 6
1363 102 8
1306 812 5000
1116 882 8
1695 1654 5000
1973 273 4
51 709 5100
473 1081 2
1226 795 2
51 1225 5100
1306 1878 5000
51 1651 5100
1695 1118 5000
1306 467 5000
1462 1455 3
1695 444 5000
1899 1366 10
174 707 3
1695 1546 5000
269 183 10
239 1813 4
121 1847 3
1306 721 5000
237 43 8
1065 1846 1
1300 1752 5
1306 1485 5000
1126 100 7
1133 204 9
1534 928 10
1858 796 7
1695 1041 5000
51 1772 5100
1346 334 9
1218 49 7
1538 317 6
758 1548 3
1628 722 2
1427 1205 4
51 856 5100
1035 706 4
1306 331 5000
1306 595 5000
1515 1514 1
774 1326 7
1932 972 1
879 1300 1
772 96 10
1647 1969 6
1908 183 5
349 1003 2
345 1158 3
1695 1242 5000
592 1187 10
1695 676 5000
605 1814 9
1695 1803 5000
1497 924 8
71 691 4
985 1534 2
51 878 5100
446 1281 1
1370 993 6
1571 187 9
51 1786 5100
1703 1277 9
1695 705 5000
1629 1417 7
1951 1210 10
1632 434 9
963 1235 1
1227 1461 5
115 1063 1
401 1739 4
51 445 5100
90 1831 4
51 1881 5100
594 1016 8
1695 1902 5000
1671 578 6
1742 603 8
1911 579 10
1197 1967 1
778 1149 1
1092 731 4
1921 1020 1
1306 304 5000
1592 1062 7
1643 654 2
1608 559 8
1070 599 6
1119 256 10
1306 872 5000
1306 1536 5000
1695 941 5000
1695 680 5000
1306 997 5000
1871 689 10
1425 385 9
1677 722 5
51 1839 5100
1199 254 1
1695 344 5000
283 5 7
1280 1095 5
524 744 6
48 822 2
1695 835 5000
1683 992 6
1101 117 9
51 451 5100
1306 1502 5000
1466 865 9
68 1039 5
51 533 5100
261 342 5
303 1827 5
1695 641 5000
51 1255 5100
1695 235 5000
1695 1789 5000
51 1472 5100
1306 1319 5000
541 885 5
1616 603 10
1947 1797 6
677 96 6
1302 1416 5
1601 1529 1
51 620 5100
51 617 5100
961 1768 6
1695 74 5000
1695 749 5000
51 278 5100
126 403 6
1695 918 5000
1695 238 5000
1081 1898 5
1695 426 5000
266 599 2
1371 1962 2
51 739 5100
1695 107 5000
783 1686 8
1695 388 5000
995 418 7
937 1755 6
764 1807 6
51 632 5100
1695 1418 5000
1306 655 5000
1971 1847 5
1907 1383 3
1695 673 5000
51 1989 5100
760 341 1
1695 469 5000
1306 248 5000
1695 1105 5000
148 1290 2
1695 484 5000
843 157 9
51 788 5100
1366 933 1
333 1514 2
1357 710 7
1695 1493 5000
138 588 8
51 1700 5100
299 187 2
51 914 5100
1306 340 5000
328 342 4
702 1508 7
1916 1221 1
1695 1372 5000
1678 923 4
718 488 9
1213 1996 2
1306 427 5000
1695 494 5000
618 1315 6
1882 80 8
1306 1532 5000
296 431 4
1712 598 6
1722 626 3
51 1895 5100
509 883 2
1622 903 8
1306 365 5000
1420 507 6
1783 731 5
826 157 7
51 311 5100
452 476 3
526 722 7
1653 574 2
891 77 8
51 674 5100
629 553 3
1607 1664 10
51 32 5100
1142 1970 3
258 1962 2
1695 1168 5000
51 870 5100
1554 744 1
440 151 9
1695 991 5000
78 1713 6
1026 1893 6
585 895 9
298 796 2
22 830 9
398 1126 9
1544 1107 8
51 867 5100
643 1059 7
1695 1440 5000
1250 720 3
1695 1090 5000
537 296 10
493 537 4
60 1199 5
945 669 6
1306 1071 5000
1975 823 7
1695 470 5000
11 1424 5
1815 1197 4
1244 169 8
666 216 6
1995 47 1
1892 1754 2
1130 378 3
523 667 10
1758 1351 5
1870 386 5
51 1162 5100
51 1732 5100
1733 1963 1
181 303 1
1190 1479 9
25 374 9
471 643 7
251 1607 1
1577 1141 9
1306 1812 5000
1138 150 1
1306 989 5000
1417 455 3
714 1755 7
1695 395 5000
672 1210 9
51 913 5100
501 1619 10
652 256 1
1695 1974 5000
584 1912 5
1496 1807 4
959 243 2
1937 1295 5
1306 1782 5000
1527 1520 5
800 1559 9
1695 743 5000
1665 1613 5
1306 927 5000
691 1756 1
934 1075 9
1695 130 5000
1695 572 5000
909 553 10
1306 1170 5000
1611 1337 3
317 1725 7
1584 369 1
1200 1063 3
1695 1961 5000
1672 519 2
1940 1528 6
1194 16 8
925 501 4
1157 1774 3
51 517 5100
308 1754 4
861 1740 10
1306 1481 5000
1695 282 5000
804 155 7
1132 386 6
1306 229 5000
982 507 6
51 1222 5100
1241 386 6
1695 1008 5000
24 378 9
1687 514 1
51 459 5100
815 96 9
129 895 6
280 1847 9
1695 1667 5000
51 66 5100
1424 947 3
1306 968 5000
51 793 5100
1032 309 6
51 1811 5100
717 204 10
76 912 4
1486 497 7
1676 1925 4
173 1459 1
1414 1322 9
113 386 3
1306 1259 5000
1306 93 5000
84 221 1
515 482 1
983 31 6
1444 99 6
1306 542 5000
277 1517 6
1764 1912 10
1695 141 5000
140 120 10
51 637 5100
54 233 2
1695 668 5000
1830 1750 8
1814 1165 6
571 885 9
1695 1513 5000
1514 1248 1
228 1771 10
1331 474 6
245 1001 6
1303 1233 10
1633 1866 1
1320 372 1
1714 1787 5
51 464 5100
381 1492 5
1567 1943 10
567 776 10
1306 192 5000
1587 1482 10
1306 1246 5000
1603 1043 10
933 358 7
1919 284 5
1849 206 1
51 1994 5100
38 603 7
51 633 5100
566 332 6
790 1190 6
27 386 1
1810 697 10
1652 695 1
569 1269 8
1695 1747 5000
1268 1205 9
1705 1693 2
1822 861 9
51 1979 5100
726 486 3
1836 507 7
196 1395 4
1928 796 4
1583 1017 9
51 1719 5100
51 1155 5100
360 10 1
271 405 9
1695 177 5000
613 603 9
51 1799 5100
1093 1313 10
1112 342 8
921 149 2
1186 99 6
1557 895 9
1306 41 5000
506 1807 6
1926 1406 4
1835 1098 6
51 1518 5100
1832 834 2
1960 1443 9
1359 1505 10
454 1527 3
37 1827 3
180 424 10
1191 1455 1
1695 1109 5000
1848 1647 9
51 1299 5100
969 949 4
1695 500 5000
1306 1675 5000
1769 1884 9
734 973 10
1501 992 4
1695 1697 5000
1865 269 10
373 1368 4
802 294 5
1323 219 6
1435 480 6
1695 217 5000
1421 1528 2
1614 1807 2
1306 1930 5000
1297 234 8
1278 413 9
654 635 7
1306 1767 5000
252 801 10
397 1612 2
1306 1660 5000
81 1763 6
546 302 5
1389 1335 8
1306 110 5000
1024 1314 1
1385 409 6
458 1807 1
400 720 9
67 1672 4
152 1269 9
888 1414 1
712 24 6
656 81 2
1837 1272 9
1306 563 5000
51 555 5100
1998 335 6
1306 698 5000
363 571 2
19 1947 3
684 984 4
51 15 5100
1695 711 5000
100 906 2
1695 821 5000
745 1368 6
1594 1727 2
953 1312 10
906 516 4
1306 376 5000
297 1807 9
1237 685 4
273 1115 4
1306 658 5000
1313 1416 6
920 1471 7
1850 1158 1
1306 1214 5000
431 1441 7
51 946 5100
634 478 6
1484 990 4
1306 1208 5000
999 1741 2
1306 1104 5000
51 919 5100
707 531 10
1770 1247 3
1695 868 5000
1695 583 5000
1306 1110 5000
648 1400 9
1931 858 5
1306 253 5000
949 566 4
1422 501 8
1516 538 3
1695 929 5000
1058 1078 1
973 348 6
1013 456 3
1755 539 1
893 1942 3
142 1828 6
1306 1396 5000
1560 514 1
1306 370 5000
669 1552 6
1695 917 5000
213 1844 4
1695 636 5000
150 1083 5
1274 682 5
779 96 10
598 485 4
1959 769 1
1129 803 3
1640 1598 5
262 1912 4
1305 731 3
1141 1183 5
1913 1368 9
1387 171 5
1682 840 3
468 1107 4
1306 220 5000
752 212 8
164 90 5
1768 1583 3
291 1444 8
1330 1899 1
1306 1579 5000
0 1301 4
1306 642 5000
1634 1149 8
1695 954 5000
1327 601 3
31 39 8
402 731 2
1695 1929 5000
51 1089 5100
1572 1757 7
1488 544 7
1306 176 5000
847 1759 5
1695 1918 5000
430 1457 6
51 527 5100
1938 1702 5
305 1619 1
1273 1334 6
733 1380 4
1215 557 4
1306 167 5000
1695 1143 5000
947 820 8
732 1577 5
51 1778 5100
347 252 5
1695 1270 5000
354 1699 7
1791 1996 7
1695 325 5000
1763 104 8
596 865 10
1232 1739 6
1306 1236 5000
1599 985 6
336 1158 8
1482 1469 9
1801 266 10
496 1384 10
1695 1283 5000
1306 1748 5000
337 1684 3
1509 1001 3
466 1320 9
1054 1996 9
51 1578 5100
1288 1662 2
1483 1665 3
1060 256 3
1464 885 8
1617 1670 8
873 424 7
1306 1163 5000
51 416 5100
1306 410 5000
87 1739 7
535 1239 7
51 172 5100
1698 1192 1
51 600 5100
621 1912 5
327 1315 9
51 1586 5100
1306 1262 5000
1695 1623 5000
478 284 6
1306 505 5000
923 1459 4
882 1718 4
1695 1423 5000
1942 973 6
318 1235 1
120 99 6
578 204 10
320 568 9
1044 1250 8
1889 544 7
1467 1274 3
1547 1221 4
1174 770 4
51 817 5100
1376 826 5
1306 932 5000
862 1380 5
544 1758 7
51 1478 5100
896 187 6
232 183 10
1328 379 1
1794 1894 3
51 1401 5100
1340 629 8
1695 1375 5000
1729 1644 6
488 1484 6
1308 964 7
1306 1868 5000
1306 1563 5000
1510 1624 8
1695 1275 5000
1695 625 5000
72 1514 3
1898 1287 4
1306 1144 5000
681 386 2
938 924 8
1333 1933 3
599 1063 6
355 802 6
1695 754 5000
51 1412 5100
1306 1245 5000
508 1210 1
51 1251 5100
1247 1591 5
1695 1504 5000
1306 845 5000
1695 768 5000
740 14 8
1239 109 5
1209 454 6
513 1633 2
1823 224 3
904 695 4
233 671 2
51 943 5100
51 225 5100
1695 479 5000
456 1847 9
1055 1028 3
1695 421 5000
159 1384 3
608 590 3
1306 1658 5000
1709 33 7
1306 1332 5000
697 1007 1
837 1377 1
1706 22 1
51 1102 5100
51 1135 5100
485 1256 10
522 964 8
12 720 2
306 1340 2
1568 1435 2
51 346 5100
1257 146 10
903 829 10
547 1938 2
1842 173 4
1463 1877 10
1933 1137 6
1725 691 4
1695 683 5000
358 740 9
1279 1526 10
264 1984 5
1695 1212 5000
1695 1087 5000
687 1505 5
1306 1692 5000
593 1290 2
1792 465 1
1326 1002 9
1695 852 5000
1434 1835 5
1695 869 5000
1204 418 8
51 715 5100
420 1158 4
706 783 9
1003 1833 5
51 1522 5100
154 774 9
51 1316 5100
51 807 5100
1531 1244 3
539 1095 6
675 1125 7
1306 503 5000
432 8 9
1718 466 3
1100 1218 7
1205 1007 7
151 1948 2
1306 898 5000
1699 390 9
1306 700 5000
1804 539 7
1185 1739 4
51 1743 5100
1831 730 7
1306 940 5000
806 99 8
51 1570 5100
1859 342 4
575 1158 9
51 679 5100
1649 1629 10
1342 758 10
538 1779 1
51 981 5100
1195 970 1
1762 465 9
1306 272 5000
51 156 5100
51 1096 5100
1306 1271 5000
1621 1885 1
329 1737 6
1306 1399 5000
1161 865 5
51 1825 5100
823 1869 3
59 1894 2
1970 825 9
64 1984 1
1736 840 4
161 1734 8
1695 1077 5000
442 30 3
1888 474 4
1695 1685 5000
1659 1151 10
1152 826 10
393 1117 8
1695 649 5000
1695 1793 5000
1817 1164 4
1306 1354 5000
51 708 5100
1306 1761 5000
1306 1524 5000
1022 1540 9
212 347 5
1256 1689 6
1203 621 1
1646 865 8
127 465 2
51 808 5100
1306 175 5000
1887 1405 10
51 1993 5100
1306 1341 5000
51 1353 5100
1306 1840 5000
1695 350 5000
1306 1381 5000
1695 1609 5000
1695 966 5000
1206 565 3
785 1175 8
51 1249 5100
1650 183 4
35 853 8
1695 1286 5000
197 740 10
1715 744 5
1695 158 5000
1489 390 4
1864 782 2
801 1463 3
1254 1416 7
51 1746 5100
324 684 2
166 149 9
1695 628 5000
1695 267 5000
270 661 1
65 507 2
209 55 2
1356 1630 8
1695 931 5000
1306 638 5000
443 1080 8
1216 1996 3
565 1004 2
51 1656 5100
243 1960 4
1145 513 1
622 1441 7
838 403 4
51 1068 5100
351 1062 2
1306 1500 5000
627 1698 3
1695 738 5000
1460 316 9
901 1670 7
1306 147 5000
664 1894 1
897 39 2
1311 53 8
1097 1279 6
1897 234 7
855 385 10
313 1099 3
1306 814 5000
1695 1456 5000
1306 789 5000
214 1441 4
1927 744 4
1306 145 5000
1903 234 8
1407 1624 5
1306 894 5000
990 351 6
1784 268 9
1853 895 1
1726 94 3
143 1442 3
284 646 7
51 639 5100
52 1455 1
1695 719 5000
137 1346 8
1826 1424 6
1306 382 5000
222 1957 10
1695 1964 5000
560 1186 1
582 988 7
1306 1955 5000
1429 1129 3
1695 1153 5000
1306 1580 5000
483 96 6
255 157 3
1017 905 6
1693 1058 7
51 1011 5100
514 321 9
489 826 6
1473 1827 9
988 1347 5
51 1915 5100
51 871 5100
1248 1079 1
1394 1384 4
1873 1984 4
1695 1988 5000
1969 452 9
1306 813 5000
1756 693 6
1569 260 3
1702 435 1
1108 1759 5
223 1884 4
1539 538 10
51 1872 5100
1408 342 5
1306 411 5000
406 848 3
51 616 5100
1695 1857 5000
769 403 3
1449 1984 6
240 1082 4
51 132 5100
294 1760 7
1175 781 6
10 694 6
559 1467 9
552 1320 3
1306 1855 5000
170 207 10
1339 1368 8
1738 1107 3
1968 1894 2
1582 1828 5
1695 1446 5000
146 727 7
51 591 5100
1695 811 5000
369 996 5
1695 884 5000
1306 832 5000
51 851 5100
1487 1131 8
343 1894 7
556 1140 6
786 1785 1
1306 1121 5000
935 1277 6
1491 1999 7
1306 1120 5000
380 895 6
1851 1395 6
23 1750 3
1695 1550 5000
257 273 5
520 1436 9
694 320 4
902 1 6
1148 1577 1
1306 1038 5000
1695 866 5000
1306 1265 5000
136 742 6
1695 276 5000
1695 1905 5000
1529 1985 4
51 1589 5100
133 461 7
1639 342 5
531 251 10
534 303 1
980 211 8
51 83 5100
51 429 5100
1306 1896 5000
77 1980 8
51 1321 5100
1620 944 5
1306 447 5000
1276 486 10
1343 486 2
185 1400 4
51 135 5100
1306 976 5000
1207 765 7
362 1235 4
1438 1400 2
1306 580 5000
787 885 2
1710 519 6
570 1884 7
1296 1377 9
1695 696 5000
773 962 5
1230 626 2
1382 424 5
51 1666 5100
530 1885 1
1625 1577 9
51 876 5100
1999 49 6
1306 1114 5000
1820 60 9
1306 1691 5000
880 885 6
338 234 7
727 407 10
504 378 4
453 397 1
1690 1984 10
51 310 5100
106 507 3
1779 263 3
1306 1293 5000
26 1304 10
693 666 8
1031 1257 1
907 1210 9
1773 497 10
51 42 5100
379 1970 7
1806 203 3
211 1402 10
1306 1067 5000
51 1196 5100
692 1499 1
51 144 5100
1436 892 3
51 757 5100
51 824 5100
51 1398 5100
1306 1867 5000
39 1075 8
1277 460 1
51 1403 5100
1877 902 2
1306 751 5000
51 1094 5100
1306 511 5000
1695 1285 5000
746 183 1
1306 62 5000
190 614 10
994 455 5
1635 796 9
1695 564 5000
1644 887 10
1309 1854 5
1695 854 5000
1922 1356 1
1306 300 5000
1306 1350 5000
1379 1512 10
1306 265 5000
1223 526 8
75 604 6
1258 1158 6
1883 1713 3
1555 1471 3
1189 1787 3
1360 1031 9
1752 969 9
51 1047 5100
91 1923 9
1306 1292 5000
957 1713 7
51 437 5100
1336 1573 6
206 418 3
1852 53 4
51 586 5100
1459 1327 10
1661 364 10
839 1625 4
1428 432 9
1083 1127 8
1306 716 5000
51 205 5100
1753 1247 9
51 971 5100
930 795 7
88 796 6
1612 782 6
647 323 9
51 487 5100
561 1727 9
1834 1935 8
1695 1809 5000
292 950 6
51 1610 5100
1980 1201 3
1695 1585 5000
364 1221 8
699 1312 10
1525 266 9
1695 1707 5000
1306 97 5000
47 775 5
1494 424 4
1657 796 2
1306 960 5000
1695 1188 5000
1306 1751 5000
1306 314 5000
1668 762 10
860 795 4
51 1561 5100
392 1668 3
670 1183 2
1523 1413 9
1269 161 9
1695 1537 5000
1224 1551 2
1695 85 5000
247 1030 5
597 1080 6
1695 356 5000
51 1217 5100
713 204 6
1306 1266 5000
95 187 7
254 1863 6
589 1384 4
1613 277 3
1306 1744 5000
1824 1199 8
1306 554 5000
1470 1601 8
551 1395 9
1306 1805 5000
576 514 2
1695 367 5000
519 288 2
1642 1977 10
1458 1984 5
51 1990 5100
51 1845 5100
1925 849 2
202 1626 8
359 478 2
1306 389 5000
51 952 5100
818 53 2
996 1911 10
122 1713 7
285 934 7
1184 9 4
335 231 2
1875 1221 6
1598 1450 9
1430 977 8
1689 1773 6
51 1012 5100
44 36 10
1304 208 6
1433 1713 7
1014 1860 2
1695 1369 5000
480 945 1
750 1750 10
372 293 7
1066 1617 8
1780 999 5
1740 1758 5
1004 1729 7
226 731 3
805 1681 7
51 230 5100
1721 1971 5
165 1996 2
1869 1910 2
51 967 5100
1909 423 2
29 1813 4
1306 319 5000
414 629 2
1604 31 1
762 54 1
562 1996 7
1943 392 8
51 678 5100
366 545 5
1605 1360 1
51 1711 5100
1602 1198 1
1841 895 1
688 744 2
352 702 2
993 1206 5
1306 1949 5000
1695 922 5000
1306 846 5000
1695 1465 5000
1992 507 1
1556 173 1
378 1322 4
1766 507 3
7 507 7
1695 6 5000
1298 1846 7
1172 1750 3
191 1807 4
1355 1373 7
139 1183 2
1695 729 5000
667 782 6
1695 1553 5000
1695 1816 5000
1695 1606 5000
723 473 1
1306 1574 5000
105 1735 2
819 403 2
1695 326 5000
189 865 1
1202 390 1
797 1885 2
218 1368 8
434 224 10
685 1392 3
14 1669 5
1367 1739 8
227 1032 7
1474 1107 4
1695 1777 5000
1307 1117 2
1662 1636 9
334 818 9
9 1576 2
1507 221 1
423 948 4
51 1123 5100
1829 1593 2
51 1808 5100
1198 810 8
128 1301 8
1306 1009 5000
1695 1723 5000
1833 1921 10
1590 178 5
1695 704 5000
51 833 5100
1890 775 3
816 1001 9
1626 900 3
1843 354 4
51 111 5100
21 1228 5
1981 962 4
978 905 3
1876 1996 8
662 399 7
1306 1673 5000
1306 1724 5000
1695 1558 5000
1695 1978 5000
1306 1391 5000
1306 1128 5000
1306 1085 5000
770 1642 7
1914 1368 7
776 1194 7
1306 1358 5000
1050 520 10
545 271 6
1111 831 6
1695 1365 5000
1234 187 4
51 1818 5100
236 1505 2
1695 1506 5000
650 341 10
332 582 6
1040 603 3
260 1551 2
1134 342 7
1695 1965 5000
51 1294 5100
1920 796 8
1695 1936 5000
574 1847 1
1720 1684 10
1695 1182 5000
1028 1337 9
1695 1641 5000
1986 1210 9
1638 559 10
477 885 6
51 1074 5100
51 748 5100
1854 118 7
502 1670 7
1419 206 7
51 1056 5100
1057 1884 2
1306 1036 5000
153 1080 6
1680 1080 1
1983 1235 6
550 1957 4
399 1551 3
1934 53 8
780 204 9
1886 303 9
1695 623 5000
1318 840 9
1113 1670 3
899 292 6
1059 1829 7
51 315 5100
1018 744 8
1695 986 5000
665 1912 1
1410 1984 10
970 1573 8
246 567 1
1219 630 4
51 1530 5100
1499 1140 7
390 1543 3
1240 96 2
822 99 3
1972 218 7
1306 34 5000
439 292 8
16 1387 5
987 1984 9
1030 875 6
1006 1670 2
51 194 5100
979 204 7
499 1098 2
396 162 4
448 1235 5
1695 660 5000
1306 1696 5000
244 507 9
663 720 6
3 576 6
1306 1906 5000
51 1173 5100
1306 1796 5000
1306 1049 5000
51 1264 5100
1306 1976 5000
1565 795 1
1344 68 3
1452 384 8
619 246 1
1788 424 3
51 1166 5100
1695 1021 5000
1695 1397 5000
1695 1415 5000
1306 198 5000
549 486 3
728 1080 9
51 241 5100
1103 489 9
1874 187 6
124 273 9
51 606 5100
407 1837 4
1306 1064 5000
