1000 829 100
816 52 2
84 324 9788
859 442 6
794 157 9
533 680 9
84 926 9524
365 236 3
507 809 3
777 543 1
465 44 1
96 416 9
999 148 7
928 300 5
784 593 2
887 529 2
158 236 3
358 958 6
140 657 10
54 178 9
429 398 7
222 123 6
310 403 7
43 185 1
228 88 4
205 185 6
648 588 3
725 416 3
361 72 7
481 140 8
763 849 8
920 931 9
84 380 9326
258 704 1
104 319 5
830 593 7
699 444 9
284 412 3
263 29 5
84 944 9437
84 775 9113
995 828 5
84 514 9593
846 29 4
55 133 9
15 237 3
865 130 8
952 125 7
161 26 4
610 29 8
813 25 3
685 890 8
84 333 9720
524 898 7
202 725 3
826 171 6
40 770 6
93 561 6
189 171 1
386 406 4
630 442 4
67 770 8
407 452 6
385 412 10
443 625 4
845 703 10
877 452 3
605 124 6
84 420 9826
84 998 9529
522 230 4
463 704 8
281 894 10
138 561 3
325 921 9
679 643 4
791 894 10
214 802 2
968 612 10
557 4 4
88 734 9
767 29 8
136 308 6
275 866 1
84 335 9832
33 383 6
84 274 9914
609 704 3
84 69 9265
440 882 2
964 602 6
62 723 6
369 637 3
509 685 3
663 958 4
415 452 6
14 525 7
117 45 7
856 721 7
700 479 6
265 94 9
345 25 1
710 412 7
84 945 9731
253 361 8
84 118 9941
423 413 1
81 95 10
426 235 9
744 224 1
601 257 7
251 273 10
400 194 7
435 137 4
13 977 1
277 350 1
652 714 7
73 207 4
98 414 8
102 543 5
344 991 2
84 225 9659
969 933 1
871 195 5
84 200 9000
373 875 4
84 539 9262
9 971 4
83 187 6
11 389 5
772 139 1
49 236 5
633 562 6
84 864 9897
560 288 6
503 18 3
387 436 7
675 571 8
961 949 8
156 818 3
901 941 9
895 831 9
21 612 9
623 423 7
988 117 10
32 815 4
250 435 10
84 858 9107
159 195 1
84 39 9442
586 875 6
935 447 3
595 638 10
279 458 3
590 191 10
197 643 4
320 362 9
793 443 10
848 85 8
124 761 9
619 566 9
87 185 3
30 317 6
444 340 5
597 269 7
603 960 3
650 709 10
319 596 3
980 125 1
115 311 4
497 83 9
398 773 7
611 480 3
84 692 9410
305 447 9
869 120 2
84 243 9316
972 592 3
84 31 9035
831 434 10
84 724 9325
567 933 8
716 474 1
6 166 1
278 802 9
929 428 8
526 658 8
464 106 1
844 809 7
923 994 3
266 921 6
974 808 8
3 482 2
244 512 6
468 29 10
625 245 4
768 382 2
330 802 4
283 185 1
173 810 6
84 581 9815
26 215 6
502 172 7
930 513 9
174 967 8
618 685 3
84 2 9195
941 167 7
77 439 7
332 167 8
949 388 4
262 186 1
955 750 4
145 761 1
336 362 8
907 643 5
383 561 9
79 522 3
647 171 10
99 554 10
876 374 4
965 764 4
516 276 2
84 184 9736
84 467 9134
247 300 3
696 190 8
7 751 5
193 296 7
979 479 9
535 558 5
798 588 4
70 912 6
217 236 2
861 854 7
160 115 7
954 588 4
328 778 8
354 832 8
984 849 4
479 261 2
867 506 6
19 991 2
713 210 10
893 784 2
74 813 5
519 488 3
450 465 4
80 153 2
408 442 8
86 488 10
466 795 9
20 170 7
111 270 5
600 528 5
718 843 3
916 171 9
470 89 9
84 950 9459
18 506 6
148 825 10
508 133 6
402 875 7
493 792 3
175 515 8
613 739 4
176 271 2
152 798 10
299 792 1
363 792 9
230 213 9
374 125 4
149 422 2
905 866 2
740 170 9
832 174 8
474 972 9
558 914 5
555 640 3
977 598 9
505 768 1
607 870 2
829 14 9
523 345 7
155 704 8
538 649 5
397 960 3
545 195 4
661 133 3
94 867 8
722 167 7
833 65 3
84 731 9262
532 208 8
416 884 3
836 939 1
515 860 8
751 396 7
353 379 7
676 387 3
477 821 6
814 383 1
154 749 6
862 588 8
129 866 10
84 760 9703
899 106 5
84 267 9719
221 442 10
719 276 2
349 393 5
805 991 2
432 792 4
84 27 9490
192 994 7
937 210 3
134 236 5
84 817 9885
50 190 6
800 921 1
571 357 4
212 403 5
128 637 8
540 643 4
735 925 4
851 412 4
64 733 8
651 744 2
4 3 10
598 655 5
774 809 7
742 966 2
756 126 6
84 736 9734
84 636 9301
688 932 2
616 133 1
451 809 1
807 637 3
898 863 2
151 927 8
84 469 9378
839 125 7
880 599 6
169 809 5
57 53 8
698 842 8
63 643 8
917 787 1
863 915 1
946 248 1
783 426 9
953 403 9
940 137 6
439 688 7
84 390 9776
747 520 2
362 890 2
389 688 7
201 119 4
348 658 4
822 23 5
766 960 2
759 554 1
170 161 8
65 343 7
203 875 7
234 429 5
723 328 3
113 960 4
5 218 6
131 561 1
753 584 4
891 669 2
835 185 4
377 106 1
233 171 3
172 930 4
313 882 6
84 758 9428
654 787 5
437 653 9
680 596 3
24 458 4
84 368 9588
879 106 4
241 704 9
296 837 3
51 695 7
229 585 1
883 721 6
425 178 4
84 578 9003
378 875 5
84 574 9263
799 620 9
823 849 9
249 866 9
393 662 4
683 29 8
717 821 1
414 633 3
888 195 10
84 100 9601
162 962 5
546 442 5
84 690 9701
61 745 4
10 866 2
483 695 5
553 607 9
297 704 5
12 433 1
594 860 7
727 866 10
108 639 6
983 29 3
573 718 5
682 190 9
591 376 2
36 951 7
448 555 5
84 665 9667
934 242 5
110 99 4
84 729 9554
84 462 9054
38 210 8
881 44 10
204 721 3
219 315 8
59 311 6
428 925 5
84 621 9261
908 459 10
810 21 4
691 802 10
290 410 8
286 712 5
285 133 6
484 85 7
857 412 9
84 790 9894
544 106 5
84 936 9788
762 79 6
84 806 9994
147 785 4
109 999 8
989 167 3
211 849 5
976 685 8
318 147 2
84 728 9188
84 366 9596
84 16 9300
84 797 9718
770 910 5
252 178 8
947 842 10
671 849 4
255 44 3
529 962 9
186 384 4
782 191 3
430 821 7
22 179 6
896 21 6
76 70 8
84 660 9380
224 219 5
103 818 9
433 836 9
181 875 4
82 415 4
456 336 9
308 869 5
948 435 1
84 678 9788
411 381 6
711 933 6
309 294 10
34 210 3
352 637 1
739 350 3
886 990 6
17 612 2
615 894 1
107 363 4
709 28 8
371 396 4
84 978 9019
982 703 4
548 350 3
421 236 9
260 651 5
84 331 9412
187 732 8
326 770 8
693 637 9
745 780 5
874 106 8
307 543 6
628 933 5
666 825 6
84 182 9155
179 119 5
755 992 2
321 818 2
536 976 2
604 0 10
781 595 3
180 921 4
418 207 7
840 829 4
884 347 2
726 411 9
967 634 7
966 592 1
292 311 4
71 157 10
878 392 10
391 819 7
280 744 6
491 125 5
84 985 9884
476 235 6
92 739 2
226 694 4
575 106 5
668 166 2
272 672 3
750 946 8
838 29 9
238 290 1
270 619 10
458 116 2
808 784 9
367 44 9
427 967 4
788 635 10
537 425 8
84 56 9916
834 442 6
84 220 9816
694 253 10
828 599 4
419 704 9
334 822 9
903 840 6
673 50 6
549 337 4
494 911 5
471 802 7
359 653 8
42 933 7
870 58 5
789 236 10
223 446 8
489 576 8
240 658 4
741 658 6
84 702 9596
327 557 4
918 721 2
351 654 8
957 150 1
338 171 3
599 88 4
84 35 9282
992 95 10
58 897 4
123 183 6
855 309 7
84 873 9878
854 726 7
1 135 7
163 85 2
298 379 1
84 122 9653
568 91 5
872 376 9
580 802 2
664 311 5
417 917 2
620 933 6
438 543 1
302 210 3
84 75 9267
608 866 9
449 488 8
847 379 10
566 898 8
84 501 9581
559 434 5
517 64 8
670 229 5
551 207 4
84 720 9034
422 487 8
662 495 5
114 183 10
227 830 4
552 849 9
346 287 4
487 510 7
84 360 9046
405 739 4
315 400 2
902 136 8
341 498 2
287 933 10
649 781 3
90 206 7
530 949 4
564 44 8
646 588 3
931 663 9
246 59 9
41 488 5
84 291 9853
627 44 10
441 882 8
843 753 1
645 543 5
841 426 6
424 971 3
89 489 1
779 906 3
142 412 2
384 502 6
528 62 2
84 959 9271
641 561 6
701 527 6
394 488 5
101 960 2
617 956 8
743 676 4
459 327 7
853 523 6
589 106 2
850 236 7
485 449 7
624 383 10
852 809 3
271 779 1
410 443 8
399 588 2
975 921 4
28 962 7
216 140 10
84 37 9599
971 337 4
734 32 3
301 447 7
478 802 1
139 833 1
499 701 6
473 837 9
340 957 2
981 60 1
339 875 1
323 50 8
199 428 5
737 756 4
312 658 1
632 300 3
254 488 5
631 157 8
547 276 6
697 133 7
84 987 9248
677 133 10
294 319 3
572 592 10
84 738 9517
577 171 1
84 534 9871
602 553 2
587 867 3
436 497 6
66 658 5
796 314 3
445 91 6
143 670 10
392 379 1
748 210 3
84 306 9255
144 300 6
395 91 3
68 703 7
993 141 2
667 437 9
689 426 10
53 354 9
382 993 2
84 8 9671
583 809 1
215 541 10
84 196 9835
582 816 7
177 207 4
264 948 4
480 356 10
565 376 9
520 891 6
672 25 7
84 289 9262
84 322 9456
188 588 8
84 168 9043
686 388 8
531 751 4
842 98 1
293 543 10
942 821 4
943 912 8
356 675 5
518 337 7
521 825 7
550 92 1
746 792 3
730 792 8
84 629 9286
922 755 2
126 61 7
268 849 1
687 535 7
116 623 8
146 434 9
626 613 1
295 91 2
178 314 4
242 341 8
486 941 10
84 563 9192
705 183 4
355 486 6
820 854 4
48 809 5
786 770 5
209 912 4
827 91 3
492 607 2
708 234 2
256 17 2
84 455 9340
84 401 9532
500 276 2
706 447 9
454 434 7
84 642 9659
656 44 10
569 137 8
681 802 9
282 96 8
576 611 10
785 238 3
906 13 8
475 24 5
795 202 10
606 106 9
579 236 6
684 714 5
121 403 5
303 802 6
84 986 9778
804 91 7
614 156 4
84 707 9126
776 919 10
84 304 9885
84 511 9859
84 496 9266
288 668 10
84 78 9851
885 946 5
85 370 9
453 488 6
513 105 7
771 593 2
259 409 10
164 426 7
404 183 1
237 970 5
765 754 7
84 769 9928
375 960 5
900 488 9
801 875 9
939 776 5
84 892 9325
715 183 3
556 517 8
364 448 4
388 751 4
914 573 2
84 924 9624
889 337 4
812 925 5
973 996 4
23 457 3
963 935 8
911 459 4
165 922 4
342 921 10
752 532 8
644 379 7
218 538 6
938 962 6
542 133 2
191 820 1
904 282 2
659 832 7
819 666 6
913 251 9
97 643 6
695 787 6
431 960 10
84 824 9827
956 529 1
527 461 6
231 280 6
757 25 2
84 997 9607
472 44 5
927 988 5
47 372 7
269 490 8
