3000 2567 1000
635 1648 6
1811 749 5000
1811 2601 5000
2751 2063 5
666 631 3
1352 1885 2
1811 1925 5000
624 401 4
1226 1848 5000
1811 2279 5000
265 2059 10
1379 2812 10
2598 995 4
175 1004 8
2642 2367 7
2680 44 4
831 206 5
1295 2302 7
1233 1040 9
2362 2059 8
1577 2495 10
1252 835 5
562 591 8
340 1546 5
303 2851 4
1811 497 5000
324 2862 10
501 2101 7
189 1891 2
1811 335 5000
1614 2779 5
134 2832 10
1811 1366 5000
626 997 2
1226 1384 5000
2286 2711 3
2508 127 1
1909 491 9
1335 1832 10
1134 2690 2
1811 2443 5000
963 2173 2
1796 2959 5
2732 2359 4
2884 1634 7
692 2319 5
1226 1245 5000
2340 1517 6
1853 2968 8
902 1681 8
1401 1530 3
2350 2059 9
2405 1905 4
1226 1459 5000
1631 548 7
2656 535 5
398 1707 10
2365 2726 2
2577 2687 10
1292 2868 7
291 732 3
2151 809 6
2647 1040 5
1226 630 5000
1703 1578 3
1811 2089 5000
1224 1057 9
143 2302 7
575 397 2
1226 2098 5000
2513 434 6
675 744 4
1364 1696 2
1395 2064 4
1811 399 5000
435 2827 3
1122 1506 1
1811 1913 5000
854 2322 8
708 25 3
2522 1365 8
1811 2529 5000
1811 362 5000
2128 1468 4
221 1615 6
1657 2331 7
2531 245 2
1226 2062 5000
1595 1757 5
808 12 5
674 46 6
833 2565 10
2788 1846 9
1859 11 6
1811 1512 5000
1745 2785 9
1226 122 5000
2345 660 8
2944 1946 2
1070 1905 4
1226 2102 5000
1811 203 5000
1482 2607 8
2091 1130 4
1394 2704 7
2348 7 6
2423 792 2
1321 2954 10
2895 1636 5
2376 2172 2
1942 288 3
2198 401 8
1811 2150 5000
1171 308 4
2232 2008 7
1226 841 5000
1091 2868 3
2964 2454 6
68 1220 10
1811 1272 5000
2714 1799 10
162 141 1
1226 2789 5000
2675 1710 2
1226 716 5000
898 2661 6
2801 1823 6
972 2003 8
1770 660 9
1226 432 5000
1811 1203 5000
1811 2842 5000
1131 1655 7
1849 709 8
1155 1558 2
1811 697 5000
43 2057 4
1840 1008 1
2050 2718 8
2920 2966 5
1471 2690 4
1276 2549 1
1280 2391 9
2769 2153 9
837 2854 4
2041 958 2
780 1082 1
1811 2119 5000
1811 568 5000
1855 1452 2
52 1467 1
1491 2 7
2685 1559 4
2440 204 2
1226 2853 5000
1897 1011 8
2155 2690 5
1231 2168 6
1811 2411 5000
1811 131 5000
1226 508 5000
533 674 7
1226 2483 5000
2012 1771 3
1226 2137 5000
1623 967 10
2180 1255 6
442 498 7
1226 161 5000
312 1807 10
2185 1288 4
1226 2327 5000
2539 1906 2
1811 2973 5000
1764 754 9
550 1053 5
1522 2651 2
864 555 8
1226 546 5000
1226 1237 5000
1333 281 1
1811 262 5000
939 1057 1
1811 185 5000
693 763 9
2415 926 5
158 439 9
1596 136 9
1811 2419 5000
528 2030 1
1811 181 5000
1146 457 7
2911 608 1
39 1846 1
1226 1813 5000
2061 1891 2
847 506 2
2347 952 9
1818 2630 5
1811 41 5000
1226 1910 5000
1811 2608 5000
2957 2174 10
1226 1930 5000
1811 2147 5000
1226 2772 5000
1865 998 1
1828 472 2
1226 1599 5000
378 401 9
1226 1908 5000
1000 126 8
2717 1520 10
1811 947 5000
2010 1983 6
1811 467 5000
1831 2696 5
1226 2992 5000
1206 192 7
746 498 9
2282 1952 1
2015 2446 8
2847 2416 5
1811 2043 5000
1863 2059 5
1226 2637 5000
2505 1696 5
1811 1887 5000
1880 1059 4
1996 2885 9
2060 1132 5
850 2368 9
1556 2300 7
1211 1503 2
2875 51 10
539 2454 6
1436 2560 2
1619 434 10
679 2679 3
492 1352 10
1811 28 5000
2328 57 7
2689 137 1
967 815 8
1226 368 5000
537 2004 8
2215 1222 1
1045 1680 10
1226 2748 5000
354 2196 3
1583 2838 3
899 118 3
259 2967 2
210 2644 7
2829 709 5
2551 89 1
1811 1332 5000
1630 2036 9
1588 1680 8
1139 1108 5
1226 2333 5000
59 1926 5
381 718 9
2660 718 7
2414 2368 3
1163 1212 1
2535 420 10
2034 2208 3
1907 2487 1
1226 1027 5000
551 1674 10
1319 1711 5
1340 1462 2
1226 334 5000
1046 91 1
1771 1727 1
2374 2449 8
723 471 10
759 1755 7
2109 2265 7
2446 2081 6
1559 857 8
2830 2813 2
1658 2834 2
2739 728 1
933 389 1
367 1513 6
1293 2478 10
65 2004 8
1811 1007 5000
2131 1372 8
2100 1727 9
1811 530 5000
1226 1820 5000
1963 53 9
1402 599 2
1167 1641 2
2202 308 7
1226 2639 5000
2878 2602 5
1683 469 1
1226 1642 5000
319 121 2
2963 1087 7
706 559 3
1226 1979 5000
1811 1204 5000
1399 2056 3
1317 406 8
1226 2134 5000
1226 2692 5000
1226 1213 5000
1019 2616 6
1302 1575 7
2502 2348 5
883 2528 7
1811 2766 5000
1811 160 5000
2292 1727 7
1762 2841 10
2770 1707 9
2708 2568 8
1617 752 8
1844 1271 5
2480 2199 8
1226 2506 5000
1193 447 9
2045 1433 9
2462 1536 10
515 434 8
2178 2094 8
1945 98 2
2633 277 10
1226 1791 5000
1047 2389 2
1811 2994 5000
1348 2146 9
173 1989 5
2658 709 2
1226 202 5000
1226 1140 5000
1578 2883 9
1811 1768 5000
13 1110 2
2515 2324 10
1226 2222 5000
1616 456 8
2088 700 4
186 2889 8
1106 548 5
2401 1975 4
357 1782 5
1775 1608 8
1510 1786 4
1226 2072 5000
468 194 6
2899 1433 10
2995 2846 4
2520 2416 7
1328 596 9
2500 2938 4
1226 736 5000
1226 1837 5000
805 247 5
322 2374 5
1667 966 5
1570 593 9
2467 2416 5
1811 365 5000
42 2625 4
2668 208 8
1168 2874 1
219 379 6
1811 144 5000
2785 506 1
2250 244 8
2261 673 8
2146 1491 1
1278 1920 6
1728 473 4
364 389 9
388 673 4
2962 837 5
2496 2387 9
417 1540 2
1811 2640 5000
1226 556 5000
507 2844 1
2080 1386 7
1226 2455 5000
1811 600 5000
1886 682 7
2852 1186 4
480 283 9
2025 1644 6
441 753 5
2017 124 2
1661 2256 10
1811 321 5000
2204 2528 5
2171 2035 7
1226 2523 5000
1811 482 5000
2143 2274 10
1916 2708 8
2584 150 9
1453 1141 6
2893 1931 5
2294 308 8
2599 2805 8
2360 634 1
1811 2939 5000
1838 158 1
1988 1660 9
142 175 5
2955 1244 8
2082 1433 3
2562 408 1
813 548 4
2930 2253 7
1226 2754 5000
1664 1517 2
2322 1743 5
385 2516 9
1382 2207 1
1700 2734 5
2149 1263 2
98 397 10
1811 953 5000
2702 310 1
1811 2561 5000
1612 982 10
632 2191 4
1226 2067 5000
2929 2499 6
2804 1373 6
2585 2646 6
2688 647 5
1258 105 4
1376 634 6
2267 253 10
1226 931 5000
349 2657 10
1555 1174 5
1408 1920 2
2735 171 9
1226 1598 5000
2033 1985 3
2627 1371 7
1449 1782 3
1226 2448 5000
1216 812 10
448 1789 6
1811 1149 5000
2275 1546 9
177 2578 9
1811 1442 5000
1351 1750 7
1811 876 5000
1198 975 9
1974 771 7
1811 370 5000
1247 389 7
1811 2123 5000
1028 2681 1
1811 353 5000
1811 2876 5000
2809 1984 9
2228 1859 1
2859 1795 10
1226 1992 5000
1226 2783 5000
570 207 7
1226 1519 5000
413 1158 3
429 949 5
1226 852 5000
840 2008 7
125 2895 1
123 2302 5
1824 2541 9
2765 2293 3
996 969 2
1226 1349 5000
2457 389 1
1695 1660 9
1263 633 3
1811 2807 5000
1226 701 5000
2027 1652 2
1809 1078 6
1679 657 2
1377 2110 10
770 2484 3
1811 317 5000
462 140 6
1590 1891 7
2536 2463 3
2363 1530 1
2021 544 6
2673 2465 5
2369 1755 6
82 2655 6
1811 862 5000
738 2246 4
627 2057 5
1649 1682 5
522 2319 8
1226 867 5000
2787 752 1
2433 2283 2
1811 907 5000
1226 306 5000
1811 938 5000
796 534 8
263 822 4
2163 2057 4
1357 445 9
1226 2741 5000
1226 2107 5000
2970 1938 2
1226 233 5000
721 603 9
1226 825 5000
1565 308 10
494 2070 1
1811 56 5000
2074 1989 1
1811 2410 5000
1811 1693 5000
2922 1430 2
622 137 7
2000 2360 3
2676 1145 1
1560 657 3
1811 2653 5000
1835 1216 8
1180 1595 2
1355 234 1
30 1778 8
2612 2938 4
927 1381 6
485 1997 7
2420 1317 4
685 1479 10
2792 456 8
644 2113 3
2636 1575 5
1811 2373 5000
563 1641 2
83 2578 3
2981 2606 9
2795 271 9
2745 2009 5
1226 2156 5000
1488 2920 6
2619 2374 5
1811 2320 5000
1441 209 7
880 2029 5
1226 2942 5000
1856 1997 8
318 1387 1
217 1127 2
1811 1794 5000
1315 416 9
1251 541 7
204 2538 8
2815 2319 8
1226 1834 5000
2987 1385 4
304 2078 9
2867 2868 7
1861 1430 7
452 958 5
1912 544 2
1965 2997 3
415 2225 8
1226 1215 5000
1011 2983 4
437 1931 1
2755 2691 4
1226 2355 5000
87 216 4
2076 2228 8
560 1482 7
1226 2314 5000
1687 2035 2
1104 2142 4
1020 238 9
113 2803 9
2736 1470 4
1249 106 10
1220 1815 3
2276 2596 6
2136 2690 1
345 2223 9
1811 433 5000
2593 2286 5
2006 1638 2
1811 590 5000
2195 91 8
2652 1199 10
904 1809 9
2998 2028 4
1269 1157 4
503 1667 6
1365 542 3
1960 1772 10
1811 2744 5000
176 2625 8
1543 1530 5
1021 2329 8
2568 343 7
671 2602 4
1811 1209 5000
1467 2887 5
1439 379 7
1226 858 5000
1226 2398 5000
1226 167 5000
2194 2737 5
2099 1733 3
1420 1293 9
2908 982 3
1811 2709 5000
1811 1248 5000
1466 75 1
1811 1940 5000
1375 2938 8
1226 1740 5000
971 2440 3
2268 1960 3
1277 2595 2
1811 1944 5000
1226 2170 5000
917 2840 5
1369 2850 1
1811 495 5000
2482 2650 8
534 1984 1
2240 2490 9
1113 1921 8
973 464 9
1069 271 6
2800 2385 9
1461 1530 9
235 928 2
2898 295 9
1226 2122 5000
2870 1255 2
2246 892 7
956 1024 10
2743 1057 4
993 2269 7
1811 2567 5000
1994 2126 8
284 2198 8
970 1968 7
1672 2700 8
1811 1567 5000
1746 1726 3
1023 1438 9
676 2021 8
1811 2474 5000
1192 2832 3
650 94 1
1208 146 10
1097 2720 4
1742 141 3
1201 2590 3
223 744 9
2989 1292 8
376 1087 2
542 2425 4
1381 2358 3
885 2851 1
2903 1195 9
1592 49 10
828 798 1
1226 1048 5000
1243 1626 9
371 509 10
695 2595 10
2111 124 1
1511 4 10
1162 2681 10
1811 2187 5000
140 1303 10
1811 1684 5000
2113 291 4
1109 1774 8
1811 1685 5000
2548 1719 6
1102 1174 3
2978 1641 5
1811 2806 5000
1811 1594 5000
1187 842 8
1998 612 5
1226 715 5000
2572 1681 7
1490 35 5
1226 1397 5000
1748 367 6
1154 2846 7
1980 1266 3
1593 949 10
232 2583 6
237 1423 7
2889 1869 1
2441 397 1
1226 76 5000
361 945 10
2125 1663 7
1226 477 5000
1716 582 6
1537 2374 1
1970 2922 1
2315 2664 6
1933 2620 10
1811 229 5000
1811 422 5000
2413 913 6
1811 1993 5000
2216 2092 8
1226 270 5000
2828 593 10
1226 564 5000
311 1933 6
1888 2250 4
2811 1116 7
2850 800 3
227 1191 5
1166 683 9
1088 847 7
853 1343 5
1857 878 3
474 1986 8
611 245 9
2650 2731 9
614 2883 1
1226 1957 5000
987 1057 8
481 2181 2
582 2883 3
1717 846 9
1226 1878 5000
558 1615 1
2039 585 8
959 1360 3
2793 1891 2
1968 2009 2
774 2528 4
2527 11 8
1883 1127 5
1659 806 9
2906 657 2
2975 416 6
1226 316 5000
2471 662 6
1811 1959 5000
1811 890 5000
2108 1450 7
1504 2536 3
1841 1163 1
2236 245 5
1331 389 4
1079 2063 10
1811 1353 5000
499 593 5
2289 1953 8
1132 2032 10
2393 1879 3
2945 2487 2
1226 1446 5000
2838 1574 4
1811 2192 5000
1811 2927 5000
1754 2883 2
684 17 10
2628 1778 5
2031 1920 8
2291 1869 8
1819 743 8
834 137 2
1811 680 5000
1586 2751 6
1811 727 5000
1811 1038 5000
2758 2831 9
1115 2938 6
1896 585 8
377 1382 3
336 1897 4
1310 2605 6
1811 2217 5000
2290 2868 1
1811 795 5000
608 1405 3
921 1116 1
1130 387 7
2857 2837 7
1811 636 5000
1226 2332 5000
1602 389 4
1811 1766 5000
99 713 1
1040 842 9
1811 1709 5000
763 84 8
1226 1918 5000
964 2625 1
1811 1412 5000
1811 1309 5000
2799 434 5
2841 789 5
598 1931 4
2645 1985 6
1234 72 7
823 1761 7
726 1334 10
2317 598 9
1611 1326 10
1226 1165 5000
1811 1653 5000
1223 548 4
573 780 10
1858 1968 7
341 1371 2
2245 1288 1
2840 980 4
1226 1177 5000
19 108 1
2888 1212 4
139 1528 8
527 854 7
1811 1935 5000
1035 2643 10
288 2554 4
1815 744 1
1652 838 1
2587 1145 3
860 1468 4
1226 2845 5000
2648 2429 4
178 146 5
1692 2377 2
1414 1714 5
1226 2715 5000
1158 1613 8
2773 670 3
2263 2420 5
835 2401 2
1018 1953 5
700 2914 8
1226 2581 5000
2029 1680 7
2776 280 10
733 2820 6
313 1577 9
1210 1462 9
286 970 1
941 2004 1
1830 465 5
1226 1808 5000
1952 2656 1
937 2935 8
1226 687 5000
2931 2622 8
470 2834 10
2201 2433 7
2613 1997 6
2087 79 1
2174 2516 6
832 2724 5
2597 1271 7
222 2211 7
1226 285 5000
2947 53 6
1226 14 5000
1677 1145 7
1226 2909 5000
1068 139 7
1034 1063 4
2869 674 7
1713 710 2
844 1880 10
300 1640 4
1226 2456 5000
1226 165 5000
1948 1891 1
1470 810 8
1981 1968 10
678 1579 8
92 2938 9
1390 51 10
2918 1110 6
1531 2003 5
728 968 8
1226 407 5000
2707 149 3
2986 1453 2
9 2633 3
2175 2031 7
2997 133 10
2916 2253 1
1226 2610 5000
2005 271 8
2182 2804 6
1323 1678 1
2723 2121 4
1267 1536 5
1342 360 6
2691 1835 7
243 762 8
1226 571 5000
2190 90 7
1148 928 2
1042 2727 3
1226 720 5000
1785 253 5
2849 544 1
2762 634 5
1226 2559 5000
990 2870 2
1226 2249 5000
1101 1190 2
2258 1706 2
785 593 7
1811 50 5000
1129 271 7
1226 935 5000
1118 136 4
2777 1946 10
1885 2535 3
1811 1025 5000
654 2914 1
500 769 1
1226 1160 5000
2439 341 1
2003 2614 1
1875 1174 9
1478 1021 7
2157 524 3
1811 1112 5000
1605 1356 1
2583 761 9
2325 1145 9
213 2707 3
1226 1066 5000
1811 2394 5000
1811 1176 5000
1811 922 5000
1391 674 9
1226 2392 5000
531 660 10
72 2298 7
1450 1458 9
2713 1034 4
1111 212 7
2338 2368 10
2641 1202 2
1226 2990 5000
1096 1370 7
63 2490 2
794 419 8
1811 111 5000
246 1905 4
55 456 9
12 1428 3
532 1719 2
1226 2710 5000
1540 1121 9
1017 1030 9
320 548 9
2377 2018 5
1259 528 1
1569 2583 1
2753 286 3
2492 2678 5
1119 2013 10
2892 1982 3
690 1953 10
1226 70 5000
2071 1846 9
791 1737 10
1024 450 3
1226 1451 5000
1811 1041 5000
1690 124 4
1811 882 5000
1421 16 1
356 2158 7
1498 561 5
1811 1268 5000
1847 2578 1
1294 2571 2
1226 737 5000
2370 1942 8
2607 703 10
1226 1689 5000
1226 1852 5000
1811 1161 5000
2833 2036 2
390 926 7
1893 232 8
2604 245 6
2727 369 5
2206 412 5
1744 914 10
1811 323 5000
2343 2094 5
1058 130 10
778 1761 4
1811 1765 5000
1030 310 3
1811 430 5000
108 2776 10
1226 2848 5000
1354 1240 3
642 142 7
1195 2384 3
405 593 2
1864 2257 5
1226 242 5000
2055 248 3
1800 369 5
2429 678 9
2932 271 1
691 98 1
2024 1738 7
2356 1174 3
2730 126 6
1499 2159 3
1914 1462 9
1811 513 5000
2278 1417 3
1226 2431 5000
757 873 8
1407 424 10
2353 1396 8
2943 1826 3
1124 2302 5
355 915 4
894 1756 9
2818 2554 10
2336 1713 1
2988 2820 10
1373 2108 4
2819 1850 7
924 1029 4
1845 596 6
698 641 7
1343 1513 4
2569 2090 7
2618 2868 7
2037 2969 4
652 1743 7
792 494 4
54 1002 10
74 1468 6
510 704 3
309 91 6
2687 102 4
812 114 6
327 2260 7
440 434 5
2454 2331 2
1274 1387 2
1528 925 6
1226 911 5000
1226 2284 5000
1226 1591 5000
2844 2091 5
1990 1468 9
1406 460 1
1574 658 7
1973 1995 2
664 1108 8
1226 2434 5000
1330 412 4
1226 804 5000
2887 608 9
1811 897 5000
1874 2764 8
290 1417 2
2747 1735 7
2663 816 3
1226 2866 5000
2270 1859 7
722 2899 3
1811 875 5000
1114 2010 8
1308 1696 5
1226 2421 5000
121 1146 3
2159 2127 10
2698 1108 3
2775 44 9
1393 1206 9
7 1675 3
2720 1747 8
1226 2266 5000
292 612 10
2453 2582 1
283 577 4
699 51 2
529 1480 3
1811 1624 5000
789 1097 9
2265 894 5
1706 1108 9
950 2400 7
1811 1320 5000
1226 1810 5000
1226 2996 5000
409 2424 3
584 2347 5
2186 2257 4
955 1454 4
1147 1425 7
1805 210 2
2148 1351 4
2349 1394 7
460 1107 7
90 910 8
1811 2936 5000
629 247 8
1811 856 5000
1226 224 5000
717 2016 5
610 1615 9
1811 1538 5000
1344 501 3
77 2255 7
333 2303 3
1802 310 4
1811 2306 5000
2442 1350 3
2555 2114 8
2407 1110 10
1226 2826 5000
536 1517 2
639 2490 8
1811 346 5000
592 1506 7
2923 1258 7
1226 228 5000
1197 456 2
543 1696 10
2695 453 10
1226 1285 5000
1266 649 4
740 434 9
1071 994 10
2460 1462 10
2589 1890 3
1656 956 1
1226 218 5000
1811 2221 5000
208 427 1
2779 491 1
928 2444 1
1494 1934 1
2104 709 1
848 769 2
1254 2881 7
2861 707 6
1851 2082 8
1811 1862 5000
1281 1227 1
2086 2868 5
1265 190 7
1226 1600 5000
2358 2732 4
1811 2907 5000
1643 1453 9
338 326 1
2510 1946 10
2248 1371 5
351 2819 10
525 1535 1
1911 153 4
1811 1056 5000
2679 1060 10
2596 2803 1
918 9 10
1811 2313 5000
1811 502 5000
1811 115 5000
1982 426 9
419 793 2
3 48 8
386 48 6
2763 2602 1
325 1997 1
651 2275 7
400 1061 8
2518 2161 2
1811 900 5000
2256 1803 9
2946 2487 9
1226 1650 5000
71 2416 9
2378 1310 10
2397 1023 2
1226 2224 5000
1901 735 3
1811 1645 5000
1550 2319 8
2154 1072 9
1086 1251 3
2381 1702 9
2742 2654 8
1363 817 3
1073 393 7
2778 392 4
2193 411 2
1226 1447 5000
1620 927 2
607 2346 9
1811 881 5000
106 963 10
2820 61 2
58 1244 5
2473 955 10
1226 2666 5000
2781 2749 5
849 2908 3
344 904 6
2542 1095 4
1077 1825 1
1811 2052 5000
1900 1191 1
314 2331 7
1226 1346 5000
649 1119 5
1226 410 5000
154 1870 2
2432 1288 1
1811 978 5000
1811 1080 5000
951 1868 4
1226 2023 5000
2205 2663 7
1767 560 9
2300 299 4
1031 1117 7
23 2075 7
234 84 7
903 1905 9
1226 394 5000
2971 1946 1
686 2233 1
2891 1890 9
976 44 8
2728 1883 6
2054 434 7
1568 2570 7
484 2919 4
2552 2528 5
471 1430 8
2507 2109 6
1723 1335 6
1811 1829 5000
2712 1741 10
1563 2296 10
1640 2638 6
1226 164 5000
1705 995 6
681 82 6
1226 2976 5000
1811 2879 5000
2704 1289 3
2904 329 6
2488 401 3
2798 2336 3
1811 296 5000
1416 388 8
2400 2614 7
974 481 7
2533 1086 7
1226 1553 5000
1226 1821 5000
2242 461 3
1811 2774 5000
2915 1013 1
2229 2036 8
337 1231 7
1190 419 1
1226 24 5000
1811 2843 5000
2213 137 3
506 1884 1
1811 646 5000
2097 2126 4
1760 1057 8
1927 2885 9
2383 63 10
75 2921 8
2874 2675 7
332 621 6
714 216 1
2734 1321 6
1226 2591 5000
2864 1641 7
34 212 7
1725 2174 7
2540 1297 7
38 1528 7
463 2082 8
1009 1778 7
491 520 2
1811 256 5000
1566 724 1
2293 328 9
2557 2257 3
1226 1169 5000
244 2969 9
2512 2935 10
135 596 5
979 11 10
2631 2597 7
2237 2309 1
487 1072 2
591 887 3
2305 1110 6
1065 2664 6
1655 351 3
1902 2253 6
2106 594 1
1141 514 2
2979 844 5
1682 2560 10
1811 305 5000
2181 1549 7
40 1946 3
954 2110 4
1811 45 5000
226 2152 3
2032 2515 8
236 1145 2
1098 1053 6
182 657 10
2161 1504 1
1811 1036 5000
914 1283 2
1350 1964 1
1757 757 5
2494 148 3
1473 2868 9
566 1947 9
1226 1205 5000
1361 1917 8
2428 319 4
1817 1057 6
1226 2729 5000
1410 2323 5
1059 1499 3
1226 919 5000
32 308 1
2093 492 9
230 2562 3
2882 2331 2
469 549 10
118 2977 7
1836 906 10
1244 2296 3
1827 2321 2
1226 2476 5000
511 1859 3
1226 2235 5000
613 779 3
1226 1792 5000
1811 2437 5000
1226 2980 5000
366 113 8
2638 116 4
157 1110 9
1448 2211 5
1811 1521 5000
1811 195 5000
1572 413 9
1238 657 8
1711 604 6
2351 2006 1
1804 1761 5
577 2894 4
1949 1517 10
22 48 4
1273 1573 4
2534 718 7
2409 1273 5
609 288 1
1698 2830 9
730 190 2
2095 17 8
431 2903 10
1811 2402 5000
647 2182 7
2623 215 1
1811 383 5000
1759 1761 1
2836 1361 9
945 1061 6
1551 127 10
1226 1284 5000
2541 1805 4
1226 2020 5000
1811 1492 5000
1226 264 5000
1226 519 5000
2112 670 10
457 2115 1
2277 934 9
583 2851 3
1016 2326 9
2924 2550 10
1557 247 9
2759 1087 5
2600 1839 9
1750 928 8
455 128 6
1811 742 5000
1669 2368 4
2298 2756 5
240 2473 2
104 283 10
2643 1656 2
1881 2654 10
2049 137 4
1811 886 5000
1189 2278 3
184 994 6
505 1456 2
427 2215 8
2632 553 8
2103 331 9
117 1742 8
2330 1819 10
1135 1351 1
2537 1276 2
25 791 8
69 1953 9
1226 1486 5000
2092 1678 3
1958 2057 6
1529 752 3
249 2585 10
1811 731 5000
2580 1053 2
1479 1079 5
1579 418 9
1733 2652 10
985 514 7
574 1857 8
359 1702 4
1999 803 8
107 1891 8
267 1094 2
1489 1719 2
1409 1954 9
1322 1869 2
2391 2522 10
200 2501 8
120 1269 2
1170 870 5
130 586 5
504 2604 2
799 174 1
1128 2690 4
1226 705 5000
1811 2784 5000
1226 2364 5000
1811 579 5000
2399 174 10
1702 2503 6
2948 1274 7
1811 877 5000
2324 2797 6
1811 2469 5000
2701 1946 8
786 2487 6
1256 1846 5
1606 379 7
1226 1966 5000
1644 2690 7
1505 1326 6
1548 1037 7
1226 1103 5000
2812 2036 7
1868 215 6
761 1283 9
1811 787 5000
2530 557 2
815 1883 4
1811 1736 5000
1850 119 2
1514 2228 8
2525 1568 3
540 2253 4
81 2630 3
873 706 8
1811 8 5000
2075 149 5
193 1110 7
1226 155 5000
809 578 7
2722 2242 10
2602 1186 9
1811 493 5000
605 2938 9
1226 2498 5000
444 2634 2
1226 643 5000
631 1932 5
420 342 3
2926 2625 7
1975 999 3
1811 811 5000
168 724 8
2329 1987 3
1535 2558 9
1811 962 5000
2366 1660 1
2436 2654 2
1811 231 5000
1226 1877 5000
827 893 10
2705 1901 8
1496 1189 2
2651 1753 1
2768 2330 10
975 510 6
2862 2621 4
2152 870 7
719 2865 7
1603 673 5
557 1414 7
623 440 5
1226 2335 5000
1811 580 5000
1107 2962 1
1811 1734 5000
2418 1989 9
2493 2659 8
85 476 6
95 2630 3
2576 932 4
33 1426 7
1226 1495 5000
1811 1790 5000
1367 2935 7
225 896 7
601 2877 6
1811 156 5000
1226 1003 5000
465 1696 6
1044 1778 8
64 544 8
1741 1801 9
1811 764 5000
1811 1337 5000
1226 2129 5000
396 1049 2
2814 2883 2
826 1884 8
1326 2452 5
555 1779 8
2465 117 3
1226 1325 5000
541 981 1
2408 397 5
1385 1004 1
1867 230 7
1811 1182 5000
1226 1460 5000
1811 859 5000
1296 1891 7
402 2750 5
1422 641 5
1039 836 4
35 599 3
2406 2635 9
1814 994 9
2210 1170 9
2451 950 5
255 719 8
1811 1219 5000
516 793 8
1200 2097 7
754 412 5
1307 1573 10
1811 191 5000
604 974 1
1026 1572 10
1051 51 1
521 48 8
1476 1681 1
2357 129 5
1226 2532 5000
1413 1615 9
274 1307 4
1033 2657 10
1226 656 5000
1226 423 5000
1670 2433 7
1226 741 5000
298 2438 9
2468 2578 4
596 1950 8
1226 2517 5000
830 2302 3
1811 80 5000
2491 1350 4
1811 1518 5000
2620 2226 9
884 1463 10
1226 2105 5000
1226 1455 5000
1811 2674 5000
1753 1357 3
88 760 10
1463 1424 3
2716 266 7
1811 567 5000
1157 808 3
2485 67 10
382 375 3
1751 1946 8
1811 2683 5000
2259 1997 3
1811 2422 5000
637 113 5
2665 766 3
665 16 4
1708 1597 5
1226 2166 5000
1811 1941 5000
1899 2545 6
2386 1575 7
1811 2746 5000
2339 641 3
1457 2331 2
1194 1530 1
1226 1398 5000
851 1475 5
1978 671 4
1811 2231 5000
1991 124 9
1497 51 7
768 2438 10
1226 2058 5000
1472 1761 7
1226 2466 5000
713 2680 2
36 2830 2
2316 1057 9
1534 657 10
1582 1081 2
2426 507 9
1811 1866 5000
1635 1141 5
295 593 7
1961 1797 5
1976 2211 9
326 1637 10
1043 2090 6
172 1737 5
704 2960 4
1811 2273 5000
2288 1615 8
2634 2349 10
1811 2281 5000
1386 2301 10
655 752 10
1811 446 5000
116 1637 8
2821 2686 10
1226 1860 5000
1358 1180 9
2827 2687 6
1093 1108 2
1811 783 5000
2863 1029 10
2066 248 3
1226 2053 5000
1336 1212 6
2211 1597 5
1811 109 5000
1811 2958 5000
145 1890 4
1811 2824 5000
1226 2956 5000
870 328 9
1811 443 5000
734 2832 3
254 163 3
857 2892 6
2547 718 5
315 746 5
2950 1997 8
842 1002 8
1226 1217 5000
1226 1179 5000
1587 829 8
1226 861 5000
1339 2617 3
1388 1278 7
1226 2214 5000
128 1929 2
581 113 3
1919 2705 9
1226 1646 5000
391 1258 4
810 767 2
1803 2022 4
2481 2237 9
934 2721 1
758 245 7
2595 2739 4
782 2009 1
1811 21 5000
2896 220 7
132 898 1
1226 1 5000
1226 839 5000
1811 1639 5000
1226 1668 5000
2661 384 9
790 1517 4
866 1053 10
1811 451 5000
1226 807 5000
2042 2507 1
1226 490 5000
1226 1621 5000
1133 153 9
1609 2454 1
112 777 8
615 2982 9
1226 287 5000
4 17 8
100 1533 9
1429 926 4
1380 548 10
1226 1585 5000
1811 1012 5000
1972 124 8
49 1368 1
1811 2412 5000
616 797 7
572 304 1
696 2935 4
1226 1532 5000
2669 225 6
597 1942 6
1811 2509 5000
1362 215 1
169 2282 8
1525 995 6
2030 1305 9
2538 112 2
1811 2297 5000
2719 2730 4
1784 913 1
1022 887 10
1226 239 5000
2458 1174 1
1727 1660 3
2048 958 6
1084 1588 7
2452 1273 6
1426 1341 6
586 1061 5
2757 585 10
2176 1953 5
1226 663 5000
449 1517 6
2188 712 8
1811 1676 5000
1226 1275 5000
1903 1144 7
1493 824 5
2472 1953 5
1318 124 4
1811 1260 5000
281 2153 1
1226 2164 5000
73 523 10
1936 2308 2
439 31 9
2169 2550 1
1477 48 4
779 1523 5
96 1920 5
1226 923 5000
2065 498 2
1811 2524 5000
1226 1089 5000
2241 2487 4
788 1752 6
729 2609 8
1763 174 7
1732 308 7
1300 2690 7
1778 2695 3
1811 159 5000
1811 2771 5000
2558 2378 9
2132 641 3
1226 1015 5000
1226 2961 5000
1226 1694 5000
725 1789 6
1995 846 4
2090 1389 10
2424 1712 9
347 2004 8
1626 2687 6
984 1615 10
2117 913 5
1392 1328 9
1811 1105 5000
5 1891 3
1811 1581 5000
689 1891 2
2672 1127 5
1718 1130 1
2184 1273 9
78 1789 5
545 2188 5
2982 544 1
1932 1142 1
1226 2910 5000
1226 147 5000
1701 1035 1
2244 2296 3
803 1188 7
1142 2714 5
253 2143 1
2463 2857 4
2543 127 7
2308 1222 1
1226 1435 5000
2501 90 1
1729 1789 4
2342 1057 1
1100 814 3
702 1474 4
2760 632 1
2825 854 8
1226 1872 5000
1786 2798 6
1811 1175 5000
638 1965 1
1227 257 10
1561 2331 10
459 2883 4
836 1132 5
2657 906 10
1811 2179 5000
475 1588 1
148 29 9
1625 1831 3
2070 884 1
1313 1191 6
1226 2626 5000
620 1556 5
2484 2370 5
1226 957 5000
196 2382 2
1400 2255 9
554 2502 9
1633 1651 3
781 588 4
2272 971 8
1934 506 8
2309 1119 3
1049 1680 8
2544 1615 2
1311 1074 5
869 724 5
1503 887 6
1854 2253 10
488 765 2
1811 1647 5000
1226 1137 5000
1173 2530 10
343 2220 9
1226 1724 5000
2301 275 1
1288 344 1
1226 1083 5000
2563 1239 4
2677 437 9
1226 2839 5000
1226 1483 5000
1811 2928 5000
2014 37 8
1226 2361 5000
893 985 8
2794 1029 8
1006 685 9
1797 310 2
2209 1110 2
2837 357 4
2999 994 3
1246 669 10
1508 1989 10
1250 1155 9
1226 2497 5000
1298 389 9
1359 220 4
1722 1127 3
653 1699 9
929 806 3
1671 1520 3
438 738 6
2706 48 4
1226 2251 5000
874 700 2
53 1723 5
61 1082 6
658 1692 10
2252 17 9
1452 282 2
1226 1665 5000
1226 1773 5000
1226 1064 5000
2796 17 5
2287 506 5
1153 2560 5
1226 18 5000
258 2467 5
2750 503 1
1418 51 7
2684 215 6
2592 817 6
1345 2654 7
2731 363 5
1067 2487 4
1969 683 5
667 2548 2
961 1859 8
2721 821 10
89 2211 3
1811 307 5000
2479 1651 5
1811 350 5000
2667 310 6
2083 2430 7
329 672 8
2145 103 2
1811 1842 5000
2304 2525 9
2354 2487 6
1552 657 3
1811 2162 5000
2644 2140 9
1437 1530 2
1756 831 4
1287 1890 10
152 1057 1
2477 754 8
2985 2283 10
2225 1425 8
2545 2574 9
1811 2526 5000
1811 272 5000
1226 2459 5000
1811 1777 5000
1226 2047 5000
818 2573 4
277 1281 1
1589 2578 8
576 739 10
662 1999 1
2140 259 8
1811 2299 5000
1383 2736 6
2605 1853 1
1226 2611 5000
1660 2395 9
1811 1654 5000
1811 2396 5000
1721 641 5
1010 2832 3
2220 2388 2
1507 190 1
2387 612 6
1469 2659 4
2590 932 10
1811 2135 5000
2549 2153 3
1144 417 6
101 1361 7
1255 1487 10
1811 1882 5000
1710 1406 1
2855 1953 5
1811 936 5000
1396 1520 7
2269 2004 6
2566 2831 10
2817 48 9
2046 97 7
628 1761 6
2389 1443 2
1536 675 6
2831 1193 3
1870 2442 6
2791 2255 10
289 1530 1
1304 1587 4
2167 1575 9
1464 398 8
2880 308 6
2960 2642 9
1816 1077 4
1889 926 8
889 1510 2
992 2834 7
1811 2890 5000
2991 1696 9
1929 1371 4
1747 255 3
2886 1174 5
1547 585 5
1749 2004 7
1928 926 2
2937 1605 6
1226 1527 5000
1226 2372 5000
760 929 5
2116 1173 2
478 1257 3
1164 2713 8
473 1779 2
998 576 4
1811 1301 5000
1226 2913 5000
1226 2624 5000
2002 2432 4
2450 194 2
282 772 3
2239 1997 1
110 1920 8
824 249 8
2646 377 2
2461 212 7
16 1672 9
1811 2693 5000
2390 898 7
1242 2889 7
2966 1995 3
2499 1493 3
943 1655 5
2475 1029 5
648 271 6
2124 248 10
2311 212 9
2711 2087 7
983 488 4
84 1116 8
2575 2471 10
2725 2557 5
2085 2519 8
1811 784 5000
2051 802 3
1226 2940 5000
1811 2697 5000
1811 677 5000
2901 1890 5
2733 2094 3
1150 1513 6
771 673 3
1226 1125 5000
1811 1688 5000
250 1487 6
141 1691 5
1226 2808 5000
2337 653 2
988 212 9
1673 548 9
1811 1715 5000
2118 2157 6
486 2390 10
1062 641 3
1226 1500 5000
997 2685 7
268 995 5
1811 428 5000
1257 668 5
932 149 1
2969 1425 1
454 1087 6
1456 2036 7
1226 261 5000
1731 2699 7
102 1604 4
1143 1946 7
912 1920 3
879 2205 8
163 471 5
2435 2051 10
466 2036 5
1843 2619 8
1811 872 5000
1226 1156 5000
1776 2680 4
1795 1405 3
1226 2379 5000
1226 66 5000
2138 2834 2
2752 1789 6
1524 2846 5
1427 120 1
276 1462 8
1811 273 5000
1445 2615 2
1172 1606 10
1235 548 10
966 2897 4
1904 1697 2
1811 1279 5000
2096 718 10
1811 1444 5000
1811 2934 5000
1226 1136 5000
1226 1704 5000
944 389 6
1811 1502 5000
1811 942 5000
1226 251 5000
2447 1674 3
1823 1043 6
1951 2593 5
588 1607 2
2197 2678 10
2586 2368 2
1226 538 5000
2056 488 1
2553 2938 3
878 1828 2
2900 2616 4
1712 1218 5
1226 569 5000
103 2149 2
707 910 1
578 2494 6
1873 19 6
633 1261 9
1226 1924 5000
2655 888 2
1811 2951 5000
1226 1898 5000
2495 1073 3
380 124 10
1515 2638 9
1811 1290 5000
15 1212 9
1226 294 5000
2262 1981 5
2856 1674 1
1811 2822 5000
2968 570 1
1327 1029 5
1289 2669 2
1812 2253 5
1232 2935 7
1159 2465 7
1060 711 10
436 1071 10
1546 409 5
1389 1827 3
2271 2881 6
188 1047 4
458 2272 7
1799 572 2
1811 2189 5000
814 2435 2
2802 263 10
2871 1637 6
1622 1481 1
2341 136 4
257 2917 2
920 674 10
209 483 5
913 2191 10
916 2258 9
252 599 5
798 2525 5
1120 48 4
672 2428 9
2064 1054 5
1769 498 2
1811 1484 5000
1871 585 4
1226 2334 5000
93 1564 6
62 2749 6
1879 327 9
1226 1014 5000
743 414 7
750 118 8
1226 10 5000
977 1681 10
1811 2902 5000
1962 918 8
838 2768 6
863 1615 4
561 1234 2
67 1104 5
965 1087 3
901 1899 3
2954 1620 1
1811 2588 5000
1299 1683 3
1226 358 5000
2616 46 9
1811 595 5000
766 995 6
2564 444 10
1811 1922 5000
905 2183 7
1811 2579 5000
2767 1641 6
2312 548 10
1811 1545 5000
2921 1838 9
1811 1833 5000
2905 709 4
2805 994 3
1487 2749 6
1226 241 5000
2133 887 6
1117 1699 5
1013 1358 3
1226 2254 5000
1226 1780 5000
1202 260 4
1739 1873 4
1939 2393 9
1183 2856 1
829 1407 8
1226 1005 5000
1474 1577 3
2208 758 8
1370 2285 4
1226 1378 5000
1627 212 10
2682 498 1
1811 2786 5000
1226 373 5000
1811 1264 5000
1618 1061 9
2227 1055 9
2816 544 10
1943 1984 8
1562 1462 6
1226 2782 5000
187 1222 3
1811 2238 5000
2007 1328 9
1417 1074 5
2877 1592 10
612 806 4
1811 205 5000
2860 2625 2
2438 2121 2
1811 775 5000
238 2408 9
891 2803 5
2681 577 1
2226 337 1
871 2823 4
843 90 3
1404 2416 7
2243 215 10
496 797 2
520 901 8
1226 1730 5000
1432 2190 1
408 1347 3
2144 1094 3
617 1110 2
170 17 2
1783 137 5
1576 142 8
1226 1221 5000
2974 63 7
2264 194 7
2570 1822 5
1758 2947 9
352 1674 8
37 2357 9
1956 1735 9
330 44 5
1226 47 5000
1226 2953 5000
269 1093 2
2780 389 2
1811 1542 5000
895 593 6
549 196 6
1306 2036 2
447 1421 6
1811 489 5000
1509 2389 8
1297 2280 3
1226 991 5000
2737 2801 2
97 1068 8
2622 1686 9
2810 124 4
1338 2528 4
587 419 4
946 2688 10
2603 995 5
1678 146 9
2120 1696 4
1811 1291 5000
981 1304 7
2594 2575 2
1811 1501 5000
2486 2560 5
2280 788 3
1239 1259 3
1226 2521 5000
20 458 7
892 996 6
2912 248 1
1811 2073 5000
518 2868 9
930 1246 7
1181 1110 5
331 1440 2
1226 2044 5000
1226 2872 5000
2629 1774 4
1915 2565 3
2933 332 9
1638 661 8
1806 1074 10
1475 1746 7
2738 2368 3
1151 2375 10
1419 1072 9
2295 2861 7
260 93 2
802 2931 2
2382 726 4
1312 271 7
661 1719 5
2310 2087 2
1811 302 5000
1229 2852 9
2160 1781 10
1906 2485 4
2703 1141 10
2069 2977 5
1286 1541 7
2952 2444 2
1052 753 7
2233 509 9
2546 2404 8
2504 1029 1
1811 694 5000
2511 2185 4
1226 2200 5000
1811 1076 5000
1152 2029 2
1226 180 5000
2649 310 3
1226 1411 5000
552 2887 1
1811 1967 5000
404 190 7
403 2528 7
1811 339 5000
1262 660 8
1811 1374 5000
1923 1293 7
1196 982 1
2983 1874 5
969 2584 3
2375 2423 7
940 2234 4
86 2403 1
2022 554 5
1226 293 5000
2371 1282 1
2001 634 5
1985 2908 8
1253 660 7
2696 478 6
1188 324 5
1032 1474 9
1811 1415 5000
1811 1214 5000
2718 2173 1
1316 844 10
846 769 4
1226 2694 5000
1811 776 5000
392 2800 10
2081 2563 10
1226 908 5000
1987 2671 6
2203 2982 2
1720 1774 8
1236 2118 7
2417 2654 1
751 1778 2
2247 641 9
2183 645 3
2173 1580 1
968 1314 7
2199 2230 9
1584 1029 7
2941 385 9
925 1241 3
461 311 10
1629 1087 6
1811 989 5000
909 2528 3
1226 547 5000
2949 1186 6
6 682 3
801 216 2
1465 906 6
2609 1430 9
1226 1876 5000
1226 421 5000
1608 2699 1
129 2274 7
214 2261 6
1240 1516 4
2011 794 9
1454 1865 3
747 1044 7
2489 486 1
589 1652 7
2756 868 4
1226 948 5000
1324 1681 2
1178 1699 1
372 1931 2
138 523 1
2063 1441 8
57 1055 3
640 1867 4
1811 1788 5000
1226 2761 5000
1811 2984 5000
395 1040 8
2141 1506 4
1050 2834 10
1341 2923 10
2606 1939 4
1226 211 5000
1811 374 5000
512 1774 4
1894 2219 9
1811 1662 5000
411 1707 7
1226 1601 5000
1895 2057 5
414 1329 7
1811 1798 5000
2307 2893 9
2380 1909 3
1226 688 5000
1811 2427 5000
2740 926 8
1485 674 8
2919 721 1
1811 1955 5000
1822 917 5
1226 1185 5000
1225 1072 7
0 2079 10
1282 1462 4
1738 2877 4
1801 1383 3
425 1946 5
1666 1984 4
464 2282 4
1811 1610 5000
1226 1526 5000
2582 336 1
266 51 4
618 1984 4
201 669 10
986 575 9
1423 517 6
1403 1100 5
668 166 4
1431 2881 5
565 906 2
606 1147 5
2470 2257 4
151 1575 7
2040 245 6
711 1240 9
2084 1708 7
949 75 2
2571 1774 3
1811 2670 5000
198 797 3
2835 1539 4
2318 194 1
2445 1953 1
745 2680 6
1334 529 9
1811 2662 5000
1839 624 10
1001 2804 1
1826 2153 9
1926 2046 8
1811 845 5000
2573 1917 10
1811 773 5000
1544 608 1
2139 1191 6
594 1789 4
1892 2619 5
2177 2319 4
1443 1369 5
2925 598 3
753 2578 8
29 2482 7
619 2059 9
2165 1350 1
1533 1986 9
2019 1815 2
621 2919 1
2858 2376 1
60 310 4
1811 2212 5000
1226 183 5000
2323 1022 5
297 660 8
2615 2059 2
1811 2514 5000
1632 591 1
888 2397 1
2326 1563 2
1226 2026 5000
1554 1117 4
960 682 10
1793 2149 6
1099 328 1
1571 1094 6
1008 2416 4
1123 2832 4
1207 1249 9
1226 820 5000
2344 718 8
952 1711 2
2038 2775 3
1971 906 10
1811 2993 5000
199 1890 2
1387 574 1
