3000 2613 1000
1232 2753 5000
980 2788 8
432 1566 10
1451 1873 5000
1998 2818 6
856 1264 2
1293 136 7
1451 1654 5000
1451 417 5000
1451 849 5000
2461 2048 10
1232 1358 5000
948 464 8
1799 299 6
10 2808 9
925 72 6
85 1998 2
1451 713 5000
2510 285 5
1825 1774 3
1071 2653 4
1571 1900 6
2846 1282 4
711 2744 7
1621 2122 8
1545 2562 2
1430 327 10
1762 2116 2
1232 1776 5000
479 2722 5100
1451 1054 5000
479 534 5100
1965 966 7
446 1311 8
1232 1413 5000
1232 1469 5000
1564 297 5
2674 1748 5
479 1388 5100
396 850 3
1232 198 5000
523 1699 9
1806 496 5
479 2350 5100
1682 2215 9
2930 1717 9
479 2147 5100
1232 933 5000
1451 2394 5000
838 285 1
2248 1433 2
4 2696 7
1117 1703 8
2130 218 5
479 1278 5100
479 1266 5100
2776 2064 7
2263 2426 5
2242 207 7
594 1713 6
1119 1748 6
2457 1095 6
2665 2088 6
1609 865 3
1451 1529 5000
490 1759 4
479 870 5100
1709 724 9
479 1020 5100
12 662 3
2935 2754 3
1451 2564 5000
1393 1593 6
617 21 6
1425 1858 3
1651 1474 5
479 884 5100
1770 740 9
1451 1208 5000
1232 187 5000
311 1302 6
1232 1363 5000
1972 2634 5
501 2490 10
2579 2088 9
515 1106 4
2981 2308 9
479 2071 5100
705 828 3
1232 131 5000
1416 2710 2
1451 2225 5000
2298 2110 5
1232 420 5000
2118 2499 5
2970 309 1
1204 1240 2
479 79 5100
2660 73 7
2348 2929 4
1949 2929 3
1367 1774 1
1312 2268 5
962 55 8
479 99 5100
2300 2515 10
1451 2760 5000
401 1305 8
2644 2470 7
2544 1682 4
2410 2823 8
479 1551 5100
2093 2173 6
206 1197 4
1451 2121 5000
1232 509 5000
479 2193 5100
1451 1544 5000
33 4 10
109 2573 6
479 691 5100
1412 2111 2
2508 751 5
1318 2697 1
1451 2785 5000
1451 222 5000
412 1474 3
1232 214 5000
479 2832 5100
1877 2232 8
1232 2001 5000
1451 472 5000
2176 2284 9
1884 347 4
479 2045 5100
763 246 10
2107 2484 1
1232 997 5000
1451 503 5000
1658 2374 10
1195 1371 8
1232 647 5000
2964 1253 9
479 1615 5100
479 681 5100
216 1804 6
2921 913 5
426 1267 10
1232 2259 5000
1451 1306 5000
1908 696 10
2110 1752 2
479 2664 5100
1868 638 4
776 499 10
479 240 5100
2414 1267 8
1104 840 7
1971 1679 9
876 2990 6
479 107 5100
130 784 2
479 1686 5100
1168 168 8
593 2594 9
2507 255 7
1478 196 4
377 2744 2
2714 5 2
1952 377 3
2220 298 2
479 1224 5100
1232 2406 5000
1421 1696 7
1451 1147 5000
874 641 7
1243 1263 3
479 2746 5100
2200 1183 5
1662 945 9
2686 1610 8
706 2520 8
712 2396 5
1451 1148 5000
1521 148 5
1516 1860 2
637 1627 1
2100 2590 7
1451 1983 5000
1232 973 5000
1232 1357 5000
1232 61 5000
1569 2902 1
479 569 5100
1185 298 1
2909 1263 4
1705 457 1
452 2088 7
1181 1379 3
1451 2526 5000
2513 319 8
795 1809 8
479 743 5100
1601 2573 10
195 2973 1
1786 2756 9
848 2017 6
1451 2873 5000
1863 2124 9
2132 2803 8
2488 42 2
2168 1698 8
946 1229 3
2453 2719 9
692 2875 4
1232 2978 5000
479 614 5100
983 1781 2
2399 383 4
1386 2315 2
1232 675 5000
2944 2697 3
2523 1609 4
1068 2109 2
2185 1986 3
1907 2885 3
479 1299 5100
2332 2208 8
138 2375 6
2806 39 1
1451 1866 5000
1232 851 5000
2884 1264 4
1232 56 5000
479 2863 5100
1232 1338 5000
1451 1366 5000
2875 209 9
2360 1604 2
1232 757 5000
1232 1978 5000
2838 2941 7
729 972 8
2525 2056 9
1451 2798 5000
2813 180 1
689 2920 5
196 2456 4
1921 105 3
2194 1859 3
1226 2295 1
2616 182 1
219 1553 4
2535 2874 4
2466 327 9
1451 2382 5000
1232 1089 5000
1350 2305 9
2716 1310 1
2754 2258 2
2458 1018 10
890 2628 9
2296 698 1
1451 2372 5000
479 1640 5100
479 809 5100
2739 2993 3
1836 2830 6
1404 2179 10
2131 2788 2
2407 896 2
2188 72 3
1232 2297 5000
1650 2590 10
1451 90 5000
909 1680 7
1797 630 6
76 2078 6
2104 620 2
2745 2318 6
479 1397 5100
2994 1837 1
1869 2475 7
934 1588 10
1232 2498 5000
2836 295 8
469 1307 2
1451 364 5000
1270 2994 9
1207 182 3
1451 1780 5000
1451 965 5000
1886 829 5
479 665 5100
1232 325 5000
2367 1411 2
68 1673 7
693 1964 3
1451 1871 5000
259 1478 3
529 1754 9
1232 536 5000
1451 166 5000
1451 2127 5000
2356 2773 6
852 1587 8
479 1742 5100
1451 2326 5000
2868 2338 1
409 2668 5
1763 105 7
479 527 5100
2590 1446 6
277 854 10
390 377 9
905 2993 1
1232 1000 5000
2769 2337 10
319 803 1
1232 1981 5000
2972 541 10
2238 193 7
1451 2829 5000
1227 127 1
479 2275 5100
344 512 10
386 1505 10
186 841 3
2647 1724 9
1232 1182 5000
2473 1270 10
978 1604 6
2119 2951 4
562 2510 6
1565 779 7
1451 1314 5000
2327 1475 7
1982 2726 5
1232 2890 5000
2208 1450 2
2344 1566 4
1451 2611 5000
1232 1486 5000
479 1548 5100
500 2362 3
116 1736 2
1875 2951 5
479 1995 5100
2861 1507 10
1451 517 5000
1232 440 5000
1067 43 2
1232 607 5000
479 917 5100
722 2699 4
2103 1150 10
2021 773 2
393 865 7
394 1748 7
801 346 4
1976 556 5
1451 798 5000
1930 2951 5
493 2973 4
2919 2486 5
460 58 1
159 2861 8
137 1938 2
479 2734 5100
1461 949 9
2899 1833 5
627 443 5
1451 2397 5000
2468 2486 5
882 2761 8
1954 2023 4
748 182 1
871 2421 2
1451 2450 5000
1232 1295 5000
391 2794 5
1451 745 5000
1144 2337 9
2733 2177 1
2950 2160 6
2715 858 8
1485 2915 4
2778 2803 9
1232 365 5000
1451 1065 5000
479 2933 5100
2558 972 4
1451 2180 5000
1138 1775 2
1451 1059 5000
1926 2049 10
479 379 5100
1451 603 5000
71 1973 3
2186 105 8
1247 2019 3
2856 630 5
1232 398 5000
1232 1152 5000
1088 1898 6
479 467 5100
151 2830 4
1233 1620 7
1439 1898 2
1490 1387 5
1424 2303 7
479 1676 5100
2696 494 3
891 927 8
2924 2620 10
862 1018 8
1125 2741 4
1451 2082 5000
2800 1070 1
479 1783 5100
2122 852 8
1012 236 10
1442 645 8
479 1072 5100
1695 2464 1
303 2088 4
1328 2952 2
479 2587 5100
1905 255 9
425 1627 1
1232 1349 5000
1894 2720 4
1975 2467 2
1451 300 5000
1211 2466 2
1451 1156 5000
2056 1748 1
1602 1842 9
1773 298 2
1451 2931 5000
2887 1383 3
1969 1123 9
479 752 5100
990 2826 6
479 2693 5100
479 270 5100
479 1931 5100
1451 2002 5000
2452 2720 7
2675 2711 2
1448 1762 9
479 1828 5100
125 1236 10
1232 1957 5000
1232 322 5000
1232 2588 5000
2902 942 1
935 1038 1
2538 1771 9
1451 982 5000
2279 2235 6
1985 932 10
2633 825 7
193 570 2
437 97 5
2662 2415 6
1253 2338 6
758 2078 6
208 1748 3
2779 362 9
1535 969 6
903 2339 5
479 2495 5100
1923 2547 10
479 1820 5100
1512 2517 6
2307 2486 10
447 2510 7
734 1362 5
1454 1236 1
2599 373 8
1451 2561 5000
2050 2299 2
287 197 7
1232 2052 5000
1232 1939 5000
2852 2391 7
1232 1607 5000
170 105 3
1261 243 8
1451 65 5000
147 1703 6
1451 735 5000
1232 616 5000
148 890 3
1232 1892 5000
1636 1809 10
1451 2434 5000
2388 1243 8
1382 401 6
1232 1633 5000
1583 523 6
2700 2443 6
1638 1566 4
1146 1354 4
1451 455 5000
2273 2789 8
479 2403 5100
479 2294 5100
1457 1714 6
1489 2942 9
1810 708 7
996 1992 8
918 2813 9
1232 2989 5000
2213 2109 5
2843 628 1
1451 2894 5000
249 1076 7
1451 0 5000
1232 1401 5000
413 1256 3
2025 1899 8
2983 650 2
1973 799 6
1451 726 5000
479 1824 5100
896 2576 6
1232 1276 5000
2548 2484 9
1673 226 5
2606 644 7
479 599 5100
479 2156 5100
1612 1018 4
673 896 5
2692 1018 5
785 1600 8
931 2571 6
888 71 1
479 2698 5100
481 340 4
1744 2914 9
479 2805 5100
82 314 2
1460 2790 4
41 2337 1
638 2776 6
1232 2612 5000
1232 2227 5000
932 1056 5
1451 93 5000
2717 1588 4
1444 295 10
1451 2020 5000
1632 2857 1
479 2083 5100
2270 825 2
1107 1307 10
1451 596 5000
1451 2580 5000
1451 985 5000
1437 375 2
1451 1536 5000
828 1206 2
479 2145 5100
1451 1764 5000
589 72 5
1232 1205 5000
2065 1926 6
746 194 1
2158 1507 8
1232 64 5000
479 1172 5100
1232 1103 5000
47 1226 1
1232 1694 5000
244 1315 2
479 1024 5100
1451 974 5000
479 1850 5100
54 1729 10
1188 2789 6
1451 488 5000
1451 2336 5000
1381 592 10
1149 2647 7
1451 747 5000
1733 2799 1
1796 1264 1
479 2205 5100
1946 1076 10
879 2857 9
800 2311 6
1085 2337 6
1451 2135 5000
1232 389 5000
894 2034 8
1232 2039 5000
2444 2502 9
1451 465 5000
2980 1714 9
732 2644 5
479 755 5100
1652 2313 2
2051 2202 3
2230 2774 8
2620 1659 9
1283 5 8
1271 296 7
1235 1420 7
608 87 3
1765 825 10
466 858 2
1451 26 5000
1935 1748 6
1232 1741 5000
1337 1395 6
2683 1637 5
1522 2670 10
2304 1282 7
1451 265 5000
1232 1417 5000
479 623 5100
1947 2860 4
1451 2797 5000
479 530 5100
662 200 2
479 49 5100
479 2413 5100
830 2934 8
173 1767 9
1641 1665 3
1451 2974 5000
1232 429 5000
1232 2901 5000
2076 2307 7
479 289 5100
2530 556 2
1599 238 2
707 804 6
1232 363 5000
1216 2922 8
1451 1911 5000
953 2790 7
296 1988 3
479 2357 5100
1451 320 5000
1212 2800 3
2313 1898 4
2634 2745 5
1232 2454 5000
2810 2019 1
868 2035 6
1199 1993 3
1645 2292 4
479 459 5100
2876 112 9
454 1425 6
1669 2653 10
1451 1265 5000
2703 2103 6
1232 1139 5000
2539 1726 8
1232 334 5000
2801 2639 4
2690 1184 1
1232 50 5000
958 2697 4
1936 630 4
2682 268 7
2067 1319 2
157 972 3
1232 2441 5000
479 2689 5100
479 2596 5100
1819 2199 7
191 1371 5
291 2427 10
297 2544 6
1451 1203 5000
1739 2789 3
2384 1050 10
66 1523 4
1365 1474 10
1232 2244 5000
1232 590 5000
215 535 6
1347 70 2
1069 993 2
103 2942 5
1826 2123 6
586 2313 9
2374 1392 8
479 548 5100
834 381 9
1037 1390 7
366 1778 9
1960 2146 1
2280 299 10
2519 449 1
1661 1809 10
119 2961 2
1451 1465 5000
1009 2789 10
248 2499 5
254 684 5
2316 1434 1
1002 1582 3
479 1801 5100
1451 1963 5000
1451 1557 5000
1672 2724 6
1209 1904 6
477 547 4
2840 2552 7
2310 1517 7
651 1793 8
479 88 5100
86 2553 5
1254 266 5
1451 1100 5000
1451 633 5000
1451 1895 5000
1232 1818 5000
1451 95 5000
1451 1143 5000
1578 2754 4
338 1067 10
995 854 7
889 1201 4
506 2942 7
2034 881 3
1558 1650 6
1900 1127 7
2009 1878 3
786 1364 9
1223 2268 1
1232 831 5000
1232 2077 5000
1238 2993 10
1559 721 1
1451 1834 5000
2017 2325 4
102 1452 1
1196 1070 3
1232 2216 5000
2593 2556 6
827 1461 6
1215 1294 1
1451 2925 5000
479 539 5100
1197 1442 1
479 975 5100
174 2138 7
2629 861 6
611 2235 1
479 2721 5100
1778 2381 1
479 2959 5100
2251 972 7
1187 2616 4
479 2401 5100
406 858 1
2302 2874 2
1725 2742 3
1917 2720 9
1451 2811 5000
2991 2109 9
2898 105 2
1267 2695 3
479 59 5100
1675 80 7
709 738 1
2479 2051 3
479 1563 5100
597 2973 3
1845 255 8
194 2302 10
1232 2129 5000
810 628 9
1008 158 2
815 2415 3
1237 1904 3
1611 2328 5
600 355 2
1781 2982 8
1451 1897 5000
1451 1844 5000
1728 1027 8
1232 639 5000
505 2337 8
479 963 5100
984 102 9
1232 2383 5000
1232 2429 5000
1562 932 1
476 2962 10
1789 628 3
1451 2637 5000
836 1879 7
1606 2339 6
1232 2293 5000
479 2937 5100
2343 2170 2
1232 2139 5000
1232 144 5000
479 901 5100
1924 2719 3
1451 1580 5000
1451 161 5000
1451 2638 5000
2905 2234 6
1509 908 5
2650 101 9
1451 1133 5000
1553 228 10
1451 399 5000
1451 526 5000
1232 274 5000
1451 936 5000
2821 2337 2
770 1989 10
479 2433 5100
1920 463 1
572 293 4
2743 1379 8
1095 728 5
2783 1772 9
2516 1498 1
479 1078 5100
479 1549 5100
1232 461 5000
201 2200 9
634 1282 6
1906 381 6
127 2476 2
1451 736 5000
118 2696 5
1832 2787 6
479 1596 5100
1899 2812 3
1232 808 5000
2827 1771 4
1451 1250 5000
1232 1807 5000
1715 630 3
2073 2659 5
6 2040 9
479 1846 5100
1857 1246 8
1843 1474 9
522 1471 1
280 2109 5
2128 474 4
1768 863 4
321 555 4
893 1903 4
1232 2512 5000
1467 2573 8
479 1033 5100
1232 2736 5000
754 1387 2
1232 2189 5000
1292 724 10
1440 711 2
1232 27 5000
772 1282 9
2661 1662 2
631 1302 8
2694 1635 6
479 887 5100
479 2411 5100
40 2673 6
479 1503 5100
38 1460 3
1232 2346 5000
1872 1560 8
2625 87 5
1814 1904 9
1451 1340 5000
1451 2163 5000
1451 2706 5000
1451 2141 5000
1232 2491 5000
1190 2183 7
1451 2419 5000
1451 1816 5000
926 2393 4
947 2486 6
479 1376 5100
221 2253 7
1451 284 5000
1232 81 5000
1232 113 5000
961 2660 8
479 670 5100
1451 1838 5000
1451 1543 5000
2395 2982 10
479 123 5100
563 375 2
236 1343 8
479 725 5100
1451 796 5000
957 964 8
2465 2100 9
1142 285 1
479 663 5100
1690 1420 9
2449 2788 3
1912 1129 7
235 867 4
677 2573 8
1380 1150 5
200 613 8
112 642 7
1451 1901 5000
2267 1140 7
1668 636 3
2723 1952 5
2932 1723 8
1938 563 3
1273 413 7
1043 2198 3
1625 771 6
1451 2256 5000
2891 2967 1
2943 1144 4
2515 2700 3
676 588 5
479 1727 5100
332 2709 8
1232 1704 5000
1885 2415 7
479 199 5100
1229 1360 2
764 2330 6
1332 1553 6
574 563 10
2178 245 9
1451 2223 5000
1451 559 5000
558 2040 9
710 1500 4
819 1677 3
698 2373 6
2622 556 9
2676 6 3
1 2486 7
992 1806 5
1451 950 5000
524 2573 2
479 328 5100
1083 1311 7
1984 2520 3
479 1528 5100
2741 1056 10
1232 1891 5000
1451 2615 5000
1145 2842 6
1451 2412 5000
1232 2554 5000
2871 1723 4
2048 610 8
1232 2684 5000
2140 2230 2
731 998 8
1451 176 5000
445 1527 5
2822 2697 1
1232 304 5000
941 91 1
479 2089 5100
2134 2573 9
1734 2499 2
1344 1527 8
479 1784 5100
2108 1898 10
1451 643 5000
1684 2359 4
1232 1937 5000
1418 1267 6
1232 683 5000
479 1953 5100
1186 492 2
2084 2234 6
1451 256 5000
1028 1898 9
2435 1537 7
479 264 5100
286 216 7
1451 977 5000
1451 2271 5000
2420 1108 3
1232 1663 5000
1451 1977 5000
1451 678 5000
479 2483 5100
101 2130 8
1432 1371 2
1176 2464 6
1753 1359 2
479 1504 5100
2849 2316 10
2472 2158 1
1232 892 5000
1061 5 5
1451 374 5000
479 605 5100
2666 1076 2
2595 1016 1
1670 928 3
1232 1685 5000
2323 1183 6
479 203 5100
1751 30 2
2375 2330 8
252 1443 2
2437 1179 1
1232 2159 5000
479 787 5100
331 1509 6
560 355 1
1482 2384 8
1232 164 5000
1232 1499 5000
2685 2547 10
1451 2858 5000
1451 117 5000
407 650 1
769 1775 5
1426 451 6
1858 967 1
2364 2964 5
1221 1302 2
1232 2409 5000
1803 381 7
960 2782 8
2537 508 3
1451 92 5000
1451 2416 5000
2957 189 7
1517 1158 1
2174 2982 5
1451 777 5000
479 1515 5100
1513 1231 5
2426 2160 6
1451 1045 5000
1316 854 9
1451 1415 5000
2284 1621 10
2671 2153 3
1567 1707 3
1647 2803 4
1495 994 10
1214 1474 3
2794 2775 4
124 12 6
1232 741 5000
479 1252 5100
2007 451 6
2120 82 8
1678 359 4
352 2008 9
2330 1408 2
2598 2004 7
479 37 5100
1805 588 1
288 91 9
479 1890 5100
2726 1328 5
1232 1447 5000
2839 2951 8
479 2877 5100
1232 1653 5000
359 1174 10
1232 1883 5000
2680 268 4
552 1777 2
1451 968 5000
696 1483 10
1313 2140 9
2091 128 5
1665 2574 10
2954 830 4
1232 367 5000
2977 2444 5
2203 2351 8
1051 2653 9
2181 238 4
1451 1927 5000
833 990 1
2837 1932 10
609 1302 2
1708 1671 10
1451 1540 5000
2848 1701 3
1303 1452 2
1451 1481 5000
1746 2567 3
1518 2603 10
2604 1135 8
1451 342 5000
916 323 3
2207 2724 6
302 2887 6
479 2358 5100
2541 2233 9
1232 1351 5000
1232 794 5000
2321 761 3
1232 1468 5000
1232 1377 5000
1047 2796 2
1073 2962 3
479 952 5100
1232 2646 5000
513 2233 9
2171 2653 9
479 2770 5100
2192 2756 3
1451 2353 5000
1827 1146 2
1296 2155 9
2053 2796 2
48 1609 7
2095 860 5
954 1600 9
479 521 5100
18 2146 1
479 970 5100
1256 1761 5
2386 2513 4
63 1476 4
2063 1666 4
1616 381 3
1487 708 1
1767 753 6
2396 352 1
2190 2186 3
1010 218 6
1232 2815 5000
1232 2440 5000
1530 1104 2
1550 2830 6
1269 1307 3
861 1190 9
1451 2802 5000
479 618 5100
538 2285 2
1699 714 10
479 774 5100
414 91 8
2825 1005 1
2146 2610 3
2771 122 9
1909 448 2
1232 2966 5000
16 1217 2
1859 3 10
2867 1534 9
2335 353 1
1277 1872 3
2377 78 8
2255 2146 6
2013 790 2
875 1746 8
2055 2571 8
135 2654 4
1717 2516 2
537 1356 3
1719 540 5
479 1782 5100
1626 724 7
60 1500 4
580 2677 8
1399 2273 3
1375 2936 1
737 2484 8
2162 333 2
1451 2164 5000
2318 1954 8
1451 2221 5000
2758 724 2
1390 1675 6
1290 173 9
479 1464 5100
2197 996 1
804 873 5
443 1290 9
1451 1554 5000
2946 155 6
1232 1630 5000
507 2833 4
1395 1352 8
2241 2226 6
762 68 6
855 951 1
2266 362 9
2643 547 3
1232 2627 5000
1021 1076 2
2814 1315 1
1740 1641 7
1537 2059 3
2586 1482 4
1451 358 5000
2502 1359 8
1118 462 1
143 2201 10
872 2942 7
1151 2310 7
387 1724 1
380 1226 3
438 1076 4
1754 1285 3
615 724 1
1451 1345 5000
1121 2101 7
792 5 4
479 2074 5100
2984 953 5
1451 2878 5000
1232 181 5000
479 251 5100
479 1346 5100
1451 2400 5000
479 1141 5100
1232 416 5000
479 2347 5100
1001 189 2
2317 1031 5
841 1768 3
2477 2675 3
479 1175 5100
604 1588 10
2823 495 1
1232 315 5000
818 2511 3
1451 2888 5000
479 668 5100
1232 1711 5000
1893 838 7
666 2816 7
2759 2696 6
1451 2165 5000
1232 1864 5000
479 471 5100
479 1093 5100
2956 298 4
1700 2542 1
1929 2475 3
1232 2309 5000
1324 2993 8
2524 2909 8
2777 812 1
1213 2982 10
1560 1718 1
479 2807 5100
479 247 5100
1232 2820 5000
791 478 5
920 1683 10
1232 1099 5000
811 2556 7
479 1171 5100
1451 1449 5000
479 667 5100
1232 1830 5000
778 474 3
2169 2603 4
23 1714 4
1657 1775 9
2710 1420 6
2903 2733 4
2545 909 8
535 1733 5
2046 2327 6
2175 2093 10
1466 2284 3
1032 1476 6
756 908 5
1451 2099 5000
814 2268 5
1230 1745 6
1451 575 5000
2900 29 1
640 48 1
479 1882 5100
150 1530 6
1451 2621 5000
999 298 5
141 700 3
1058 2004 3
1232 2424 5000
2781 1745 10
330 100 9
1159 722 8
1841 2570 5
1451 531 5000
1451 591 5000
2500 2339 4
587 2123 3
2833 2659 5
2709 2924 10
1232 2010 5000
1443 2685 8
1064 2041 3
29 2793 7
832 878 9
624 1583 3
51 2373 6
1451 1258 5000
2212 2024 4
2792 285 6
543 784 6
1991 592 3
955 2339 8
2773 2750 5
544 409 8
479 1170 5100
479 1792 5100
1451 46 5000
100 2922 6
1374 883 7
231 1779 9
1232 1248 5000
479 2365 5100
2766 207 9
479 2228 5100
1370 2997 4
1581 2642 10
1451 1006 5000
479 1455 5100
1232 847 5000
1232 1327 5000
479 699 5100
1531 1809 3
2371 1859 1
1339 1610 9
479 1853 5100
479 44 5100
2631 211 7
1451 349 5000
1323 1900 1
2032 143 7
479 680 5100
2752 927 2
128 313 5
327 2696 4
2928 91 5
1232 739 5000
2040 1102 8
153 2415 7
110 2511 5
479 701 5100
1525 1379 6
479 83 5100
1055 165 4
2229 179 8
1835 1294 8
1242 992 2
1514 344 10
1451 1829 5000
1232 2804 5000
674 285 4
1671 298 7
479 2557 5100
820 833 10
479 1955 5100
1232 2927 5000
1232 220 5000
1232 688 5000
1268 1204 2
1232 2817 5000
2947 332 5
1693 552 2
2378 2789 2
2362 1257 1
1451 1086 5000
382 724 6
294 1677 7
1451 281 5000
1232 686 5000
1451 2626 5000
357 2234 8
2064 302 5
1451 1999 5000
1451 1228 5000
2609 1048 6
479 121 5100
1217 2532 9
2948 5 5
2092 2950 10
1484 889 9
1232 2691 5000
2767 1884 9
479 1029 5100
2338 1435 2
2969 1898 10
2859 1692 8
257 1476 5
1384 2345 10
2555 1018 4
2724 1964 2
1451 2301 5000
1398 2455 5
2990 1379 6
1177 2789 6
479 2469 5100
1591 2261 10
324 155 3
388 2591 9
1232 1458 5000
2552 1174 4
790 1298 10
1400 2004 10
718 1404 6
2529 1852 2
2008 1431 7
2331 2830 8
1855 2923 3
850 2801 10
1308 2282 1
479 69 5100
1232 2940 5000
1470 541 2
1702 2777 8
1232 2835 5000
1255 1908 6
1232 2705 5000
2022 1658 10
788 2979 10
1232 824 5000
1113 155 9
844 1264 5
730 912 9
877 640 8
1232 1114 5000
2913 1521 9
1451 581 5000
1232 940 5000
2987 2667 8
2481 2314 3
1451 2054 5000
2649 412 2
74 2339 10
938 2144 5
671 2423 4
309 2782 6
1153 2415 4
1992 2592 6
2261 54 9
2370 2803 10
2090 2950 7
462 2954 1
479 719 5100
444 1183 9
1025 91 5
1285 1555 9
2262 1076 10
355 2809 4
1451 1136 5000
2772 1070 2
276 105 1
2143 2719 4
964 1613 2
479 1094 5100
1451 371 5000
1585 193 6
835 2267 4
1402 1841 9
1451 1122 5000
1232 418 5000
1232 2740 5000
1463 2432 3
2501 1047 7
898 2942 1
1451 419 5000
1451 519 5000
2214 946 5
1918 791 5
1738 2677 2
1352 291 10
232 2486 3
1451 845 5000
669 1411 8
2136 1255 6
1410 641 8
479 842 5100
1232 2224 5000
1232 2366 5000
479 2058 5100
1451 956 5000
1392 2095 6
479 1916 5100
479 1990 5100
2963 190 7
479 2236 5100
2464 2571 7
479 1766 5100
1329 233 6
1336 2908 8
1232 2845 5000
1232 716 5000
479 2687 5100
492 1902 6
62 2951 5
451 1333 4
479 312 5100
1689 641 5
1244 854 6
2342 1731 1
1696 946 7
211 2204 6
1232 649 5000
1608 381 1
1232 2531 5000
1232 1722 5000
1451 2657 5000
1451 1334 5000
1948 1765 9
1970 311 4
2239 362 1
2889 2033 5
859 378 2
2191 1577 7
1232 1888 5000
1451 2918 5000
479 1642 5100
1451 1082 5000
2467 630 4
2462 1932 9
1451 1014 5000
1232 2917 5000
2258 1067 5
479 1496 5100
1383 2976 1
829 1452 7
479 2707 5100
317 169 1
2000 1379 2
2345 211 9
1831 51 2
1257 1867 4
479 329 5100
2996 1146 8
1132 2523 2
1451 2958 5000
567 894 1
98 2185 8
2030 1002 2
1451 621 5000
233 2606 8
1451 2897 5000
2695 2 8
498 2369 10
1451 1477 5000
781 73 3
479 839 5100
1232 307 5000
479 1441 5100
1409 2142 1
1232 1942 5000
376 641 9
212 709 6
1584 163 10
1524 866 6
585 2641 1
1451 1394 5000
479 133 5100
1456 362 4
1479 2235 6
479 1896 5100
479 395 5100
766 1566 8
1996 2903 6
551 2973 6
340 2942 7
1281 1076 9
733 1347 5
1940 2719 7
1232 2097 5000
1451 2306 5000
1428 724 2
479 857 5100
2421 182 6
2607 388 4
1389 2982 5
2432 1522 4
949 572 9
149 2475 9
1451 1811 5000
42 1064 4
1200 1474 1
1154 333 1
479 1080 5100
1232 269 5000
479 1966 5100
2669 1904 5
1451 1943 5000
2402 1703 5
2968 708 3
1232 1813 5000
568 2073 2
1232 1331 5000
290 373 5
2247 1809 10
1851 2086 3
1356 1151 10
2560 2211 7
370 2781 1
2359 437 9
2594 1043 4
400 1425 4
1865 1350 6
30 169 6
238 2169 7
1876 1982 10
1232 2725 5000
1422 1307 7
1757 2560 5
1902 1426 7
1232 1817 5000
2392 854 9
1291 1754 6
1280 2417 6
546 1491 4
479 1848 5100
1015 2116 8
479 1925 5100
1232 1077 5000
55 1015 10
1592 2504 8
486 957 7
1232 2405 5000
2215 2869 3
921 913 3
1451 2352 5000
1232 629 5000
479 134 5100
1218 630 10
1451 2459 5000
2639 712 5
2536 2653 9
479 1595 5100
1589 1502 7
2265 1433 5
2816 1046 9
1378 2109 10
1232 1419 5000
1232 528 5000
479 410 5100
2546 2768 1
1772 1771 1
346 601 8
1666 115 6
479 94 5100
2057 1538 1
2448 2088 9
479 986 5100
1451 1533 5000
479 2737 5100
2844 258 2
1629 1832 2
555 1462 7
2299 2796 4
243 763 8
1962 1495 3
1451 2094 5000
2673 1842 6
333 2833 8
2522 2556 6
479 2422 5100
1232 2866 5000
2081 209 1
1534 2761 7
2292 1526 2
1660 2619 1
479 2260 5100
1993 1842 6
36 2377 6
1232 2613 5000
2080 1242 9
436 1998 2
58 1932 2
2037 1375 1
1451 1075 5000
479 682 5100
1451 392 5000
2445 641 7
479 2150 5100
2998 1409 3
479 2497 5100
1039 2556 5
2480 1433 8
1889 1128 5
1451 1322 5000
508 2488 8
1232 2881 5000
846 362 10
2949 1347 7
1729 1115 6
646 498 9
323 2206 8
2061 1264 3
1232 2117 5000
129 580 8
1451 1634 5000
479 96 5100
1451 1342 5000
1451 1137 5000
21 1620 7
479 2376 5100
2955 124 9
1451 549 5000
1158 1057 2
2581 91 10
1232 2834 5000
169 1127 7
479 7 5100
2349 2670 8
479 421 5100
1451 690 5000
1232 658 5000
479 1597 5100
1232 470 5000
2151 962 4
1220 5 4
2198 1506 5
1451 704 5000
2911 2942 9
906 2965 2
1462 914 9
1232 2763 5000
261 964 5
1451 910 5000
479 661 5100
782 2258 4
1232 565 5000
1761 916 10
1232 2938 5000
1173 1582 2
2209 1264 10
1451 1003 5000
1451 806 5000
479 2550 5100
2447 2922 7
479 2047 5100
383 2185 8
1087 1728 10
1867 1982 6
1232 2732 5000
2455 1679 4
2276 2178 9
1300 1601 1
2308 2992 3
744 854 7
1451 1124 5000
2033 2064 6
1232 2572 5000
579 2556 8
1232 687 5000
479 2272 5100
1232 2494 5000
1451 1959 5000
305 580 8
1294 2950 1
1232 553 5000
397 2235 8
1887 2481 4
602 1566 5
1232 310 5000
1620 1491 5
1102 1036 2
1274 2874 1
1961 141 3
759 1523 6
17 2285 4
1451 339 5000
408 2597 5
1451 1369 5000
981 2697 8
2098 5 5
1232 1041 5000
1232 183 5000
301 816 6
1022 206 6
1232 1488 5000
2892 1418 5
1575 2851 4
2571 768 9
479 1494 5100
479 2341 5100
1131 1854 5
20 393 6
1919 1534 2
1232 2038 5000
2520 1034 1
1730 2381 9
2630 252 7
1232 2655 5000
1060 541 3
2505 1738 10
2283 268 9
1451 1501 5000
1232 1368 5000
578 2337 9
2965 1393 1
308 143 3
479 1279 5100
479 2702 5100
2430 231 5
2795 2871 6
2885 308 6
1232 2870 5000
479 2910 5100
411 700 9
2768 2298 9
2847 1270 6
2764 359 9
1056 2542 10
2509 1370 10
2850 1309 6
2786 902 1
1180 2234 3
897 2809 6
2915 1282 5
1232 1758 5000
479 1112 5100
1232 1674 5000
1232 1251 5000
1913 2765 8
1232 1111 5000
479 2872 5100
937 1243 5
278 1433 3
1169 362 4
356 2025 7
479 723 5100
1174 2842 6
1309 152 1
1232 1697 5000
1510 1903 4
1130 1387 1
1451 911 5000
1232 2514 5000
2393 104 3
2534 2176 1
1414 2167 5
1451 2379 5000
1206 1508 10
1232 1914 5000
404 515 5
826 541 1
479 904 5100
2553 2499 8
1451 385 5000
1232 204 5000
2808 1484 8
550 637 3
2489 159 8
1451 2027 5000
2521 2882 9
1755 2078 5
807 1621 10
479 2960 5100
1737 2146 6
1232 2904 5000
57 2697 1
1451 1802 5000
2014 1452 2
479 1403 5100
1451 2005 5000
2619 2235 10
1232 988 5000
2253 454 10
1451 453 5000
1451 1239 5000
89 1629 10
1232 2322 5000
2315 563 8
1546 1333 6
479 694 5100
1222 209 8
1880 2654 3
1451 2880 5000
1105 2800 1
817 1759 9
1944 2790 6
2105 2339 8
1881 1584 2
1232 132 5000
512 1066 10
479 2245 5100
479 2533 5100
1123 697 1
2971 1667 7
479 1950 5100
1179 2847 8
1451 489 5000
1451 1958 5000
1317 1285 9
2028 362 6
479 2578 5100
1451 2036 5000
2568 48 3
1451 576 5000
1720 2252 2
2681 2004 1
1004 2926 2
2062 878 9
625 641 3
1451 67 5000
885 1183 9
654 1917 8
511 972 7
1232 2663 5000
449 979 6
423 1012 8
1232 2540 5000
1451 2195 5000
479 31 5100
583 1446 10
1451 2312 5000
479 1922 5100
1451 1234 5000
1451 837 5000
2711 1348 10
1933 2455 10
479 1096 5100
1232 369 5000
1968 2855 7
2391 671 7
1232 577 5000
2485 1933 5
422 771 5
1774 2992 5
479 1570 5100
24 666 5
1326 724 9
1451 424 5000
1232 2672 5000
384 2268 4
993 588 3
2755 2348 6
1502 1435 10
479 13 5100
335 720 7
1232 1335 5000
2784 674 1
1451 2985 5000
1232 895 5000
1568 2993 1
2869 2658 8
1219 2109 8
1232 1594 5000
1232 2182 5000
479 1429 5100
15 854 9
479 111 5100
1232 2727 5000
1042 1411 2
1724 1681 10
1232 2648 5000
1520 1402 4
2252 543 9
2201 2604 4
2636 2487 10
1451 2528 5000
595 1333 3
1232 2425 5000
217 2234 10
812 1559 2
2218 2993 3
1451 2549 5000
2106 1387 5
180 2136 6
2278 464 10
1063 2335 2
1232 813 5000
1451 273 5000
1752 430 8
1451 192 5000
1627 733 3
1232 1321 5000
821 913 10
2257 1805 1
1232 2149 5000
479 2463 5100
2289 184 3
479 2361 5100
2470 770 2
1232 2701 5000
456 2654 6
2851 1577 2
1691 1433 6
8 142 10
1097 1055 2
1405 636 9
2566 2158 1
2668 915 6
1232 1623 5000
1506 1293 7
2656 1302 7
816 2130 5
2912 541 4
653 2694 4
1436 1307 10
479 2166 5100
1451 2886 5000
2490 2967 8
1184 1004 4
1129 1038 3
1304 145 10
1232 1162 5000
1079 650 3
1451 2791 5000
1232 727 5000
241 86 4
77 1610 9
230 2252 8
1451 1262 5000
126 114 6
1007 2583 9
2584 2173 6
1542 1145 1
1128 295 2
479 939 5100
779 841 9
1498 2288 2
145 1880 1
479 2269 5100
1373 1193 5
1232 1210 5000
1793 47 9
1451 976 5000
1232 52 5000
479 53 5100
1798 2602 6
239 935 2
2368 1282 1
1232 2762 5000
1053 1183 10
1354 2013 5
1664 1679 3
518 155 8
1232 2907 5000
479 750 5100
951 540 7
749 2653 3
479 1547 5100
1451 1120 5000
2324 272 4
2006 323 1
2860 1887 10
479 1997 5100
479 1480 5100
479 2389 5100
1821 1285 5
2939 135 6
1493 878 10
1232 361 5000
1451 1840 5000
479 545 5100
1451 223 5000
914 2072 5
479 1624 5100
213 209 5
1232 557 5000
479 1191 5100
441 2337 8
1049 2830 7
2574 2545 9
479 428 5100
479 924 5100
2908 2042 5
1341 298 10
479 802 5100
2320 1635 3
1451 2460 5000
1165 866 3
1451 326 5000
172 734 8
2133 2973 9
1232 702 5000
1050 1040 5
1232 2436 5000
2287 2338 1
1106 1491 10
479 2404 5100
1451 2757 5000
479 1023 5100
2506 2199 9
1787 309 3
1451 2069 5000
1556 255 7
2517 915 5
1232 2152 5000
479 622 5100
368 2992 4
1232 2708 5000
1116 1264 5
1385 913 8
479 2704 5100
2340 1577 1
2303 1785 3
1451 2569 5000
1157 2371 3
2651 854 9
2428 106 10
160 1740 5
2780 377 2
775 2004 8
1232 532 5000
1325 1474 4
2559 2825 5
1451 162 5000
479 1710 5100
2124 175 5
1451 1017 5000
1232 659 5000
2562 2790 7
1451 1438 5000
263 468 3
2818 174 4
1330 2682 3
318 2677 1
43 1713 2
720 171 10
479 2066 5100
525 2688 5
2167 2087 2
2019 1967 5
2826 2246 7
2988 2233 7
1951 1772 10
1451 2577 5000
9 541 7
479 944 5100
655 878 8
1451 2126 5000
902 2614 8
1582 313 2
1445 2323 4
178 2351 10
2748 2712 7
2172 641 1
2249 2398 10
2291 2231 7
479 2600 5100
293 360 7
650 1610 1
1451 1822 5000
2237 2235 10
1646 2951 10
2906 556 8
1189 507 5
2712 1472 5
1849 122 8
1232 1987 5000
1687 1667 5
1232 2187 5000
2799 2848 9
479 210 5100
2115 1656 3
106 2712 9
1613 1592 4
1451 2079 5000
2576 1109 9
479 767 5100
2582 1091 9
2641 1313 9
434 2486 5
2941 116 6
873 1492 3
1451 566 5000
1272 820 8
1451 473 5000
635 2057 1
25 2004 3
163 1337 10
353 760 7
561 1907 6
2824 2004 8
1408 401 4
1777 2688 9
1451 679 5000
1108 1860 4
1232 584 5000
479 224 5100
1232 2011 5000
2456 282 5
1289 2682 7
1451 1870 5000
1451 504 5000
487 1387 5
1451 343 5000
2408 793 3
480 1264 5
1013 2783 1
1232 2601 5000
2828 2719 3
715 155 9
1232 84 5000
2735 2982 9
2111 2671 3
1232 1110 5000
1232 2161 5000
279 2982 4
1688 2603 6
1232 516 5000
1785 2444 5
1451 431 5000
805 700 9
479 1800 5100
2363 2998 9
2305 286 4
479 2222 5100
479 2953 5100
510 1307 1
1910 2823 5
271 228 9
1232 435 5000
1451 1161 5000
1074 2021 5
448 2984 2
2474 2386 5
1232 405 5000
479 2995 5100
1232 2281 5000
2148 298 7
1453 381 1
402 295 1
1808 724 2
1451 2854 5000
1451 2026 5000
1361 560 10
1019 1673 5
1451 1598 5000
922 2719 10
1232 253 5000
1759 1343 9
1681 356 8
514 350 2
1232 2999 5000
1532 2780 2
1126 2767 6
1956 1230 2
2862 1762 3
1232 2879 5000
1492 1513 9
1232 2865 5000
1423 888 8
943 689 10
2602 866 9
1451 1617 5000
479 1198 5100
1677 287 8
989 1714 8
2678 2078 9
14 71 10
1232 2632 5000
2493 1302 5
479 2264 5100
1590 1753 8
652 1566 3
2624 1207 6
1856 1770 4
479 167 5100
1794 1904 2
1747 184 8
2742 791 2
2290 797 4
2184 362 6
479 2747 5100
1451 1164 5000
1098 2619 1
226 2509 5
2920 445 5
439 2685 2
479 1011 5100
2153 2438 5
1451 348 5000
1232 1812 5000
1035 878 6
1561 105 4
1052 854 8
120 2951 5
479 2217 5100
664 2484 9
2031 628 5
2333 1703 8
292 1714 5
1451 1372 5000
1791 1379 1
2979 737 5
2635 468 10
1232 1994 5000
632 3 10
502 104 3
2351 2120 3
1861 601 8
1847 1778 6
2652 1993 5
765 2268 7
1451 1297 5000
1232 1735 5000
1451 1750 5000
1577 1988 5
479 1788 5100
860 2844 9
479 1874 5100
1823 660 10
2518 1903 7
2016 2360 4
2390 1857 1
34 628 5
499 2449 6
1878 819 4
1362 2321 4
1232 482 5000
1091 825 10
45 1600 7
598 1264 5
1030 2942 5
1451 2645 5000
1508 843 7
2274 2850 2
1232 1980 5000
479 1573 5100
2565 1703 4
1232 1619 5000
179 87 10
994 820 6
2060 2446 5
1319 142 3
1451 283 5000
1579 2200 6
2029 2022 4
189 978 4
620 567 2
479 1062 5100
979 2629 6
1451 780 5000
479 1915 5100
114 1420 1
2809 2024 7
1166 2339 6
1934 913 8
1232 2157 5000
351 86 10
2155 2492 10
1232 337 5000
485 913 6
1979 2088 6
867 163 8
184 2332 1
883 987 6
1232 971 5000
479 2883 5100
1451 1101 5000
1232 930 5000
2240 474 7
900 1155 8
1286 1312 6
229 863 1
1232 227 5000
272 1038 4
2775 319 9
479 2210 5100
1275 1364 3
2896 155 9
864 105 5
2617 889 2
28 2775 6
2503 604 9
1451 1287 5000
1232 442 5000
479 2864 5100
1593 732 3
2543 2109 9
1790 1307 10
2532 1131 3
721 2408 7
2112 1418 3
2583 2369 5
1140 1564 10
479 1644 5100
2068 1329 8
822 1225 4
1178 2738 4
573 1374 8
2015 2529 2
2204 2986 5
372 1566 4
1232 2478 5000
1649 2987 5
1497 2486 8
1451 1092 5000
1451 2482 5000
1749 346 1
907 87 7
2893 878 3
1635 378 3
880 1618 6
1232 619 5000
479 1622 5100
919 2035 6
1232 2196 5000
2334 855 1
2527 2415 5
2857 2680 3
1232 1259 5000
2423 886 8
39 1038 7
1760 2313 1
2926 2380 10
2492 2730 7
479 345 5100
1232 1839 5000
1471 585 9
2667 386 10
1576 1315 10
2219 72 6
1232 260 5000
695 1387 5
1451 140 5000
1066 89 6
1451 2254 5000
175 1277 2
1355 1703 9
1451 2125 5000
648 630 6
2043 2029 6
32 2930 6
928 1859 6
2718 2214 8
1572 2922 10
1731 1996 9
479 1721 5100
479 783 5100
2102 1390 4
1815 2203 5
1232 1407 5000
475 636 6
1284 2 1
1574 541 4
685 1476 1
1232 415 5000
1232 991 5000
2137 2078 2
316 630 6
1135 1743 9
2101 1738 7
1090 437 4
450 468 10
483 1700 1
479 202 5100
2138 1877 4
2329 2204 2
2589 34 7
2774 2831 4
1232 2623 5000
2923 2676 4
122 912 5
1167 2078 1
479 336 5100
479 1795 5100
2936 542 1
1451 2018 5000
2179 900 3
717 2710 3
479 2749 5100
2751 119 2
1723 266 9
2551 1904 9
479 22 5100
1451 267 5000
886 36 1
1084 463 7
1451 2003 5000
1427 2068 10
1941 1500 8
1232 1648 5000
2049 1991 10
1451 2431 5000
19 2041 5
2713 5 3
75 1016 3
2328 1168 1
1406 1591 9
427 1714 1
2446 1087 3
2183 1928 7
1451 1192 5000
1451 188 5000
1614 2317 9
275 738 5
1232 2731 5000
2075 2457 9
1232 823 5000
656 402 10
1232 2471 5000
1451 929 5000
1451 2728 5000
2640 3 5
1391 1387 9
2243 1819 4
242 2685 9
1451 2563 5000
2012 2235 8
433 2830 8
684 2300 2
1451 1081 5000
1320 1833 4
479 959 5100
606 2742 1
2314 673 2
2246 1473 5
1451 582 5000
479 237 5100
1643 912 9
146 641 4
2961 1535 8
1232 185 5000
403 2096 5
1232 484 5000
1451 2418 5000
2895 684 5
1232 1541 5000
1974 104 6
2756 2167 10
1451 1716 5000
610 2963 10
1301 2653 10
2729 1157 4
588 193 10
533 829 7
697 2369 9
2385 1571 2
1260 2951 2
2286 2144 8
2096 858 2
1232 2044 5000
496 571 4
479 177 5100
742 507 7
2916 2252 9
1232 899 5000
942 2874 2
1945 2951 9
1552 1446 8
2250 2830 1
479 205 5100
1232 108 5000
2442 2559 8
479 250 5100
246 1972 6
1040 2046 5
789 1037 10
1603 331 4
2142 2477 3
1655 359 3
2277 2830 3
1348 2636 7
154 815 3
1193 2603 10
2688 1712 8
234 499 2
2654 1163 5
1769 1968 1
1134 2123 1
1245 601 2
1232 703 5000
1618 2253 1
2085 1527 5
869 91 4
495 1519 6
2914 2993 6
1451 1605 5000
520 2697 5
1026 141 3
479 554 5100
479 2113 5100
2628 2479 2
1928 2387 7
626 1538 10
1232 1044 5000
1194 1303 1
1225 2653 3
156 400 1
139 1354 6
2945 2146 2
479 1249 5100
479 2605 5100
2570 1769 2
2975 2233 5
2170 2913 5
479 2585 5100
262 601 2
1526 2850 10
1639 628 4
479 2354 5100
1057 514 5
1692 636 2
1310 2369 1
2819 1018 8
479 923 5100
1756 445 9
1726 104 3
