1000 874 1000
742 670 5
173 536 5000
173 418 5000
685 133 10
297 615 8
962 252 3
162 747 10
864 782 10
173 171 5000
15 838 5
173 693 5000
65 670 10
173 316 5000
539 395 2
620 377 7
766 150 6
214 190 2
215 89 8
480 42 5100
549 9 4
939 648 1
173 768 5000
240 542 10
480 563 5100
407 558 5000
301 363 2
853 927 9
550 653 6
912 51 3
480 8 5100
127 605 6
720 816 3
407 547 5000
721 440 1
407 773 5000
407 472 5000
700 602 4
553 713 5
639 765 10
480 362 5100
407 501 5000
317 249 5
54 320 1
407 290 5000
467 670 6
209 718 7
795 147 2
686 424 8
453 491 2
163 36 7
480 94 5100
669 799 2
801 634 2
480 973 5100
70 354 6
760 357 7
407 523 5000
173 461 5000
480 417 5100
38 254 10
959 696 6
448 906 9
480 27 5100
480 141 5100
846 907 5
792 747 10
173 474 5000
19 522 7
480 198 5100
175 50 8
303 920 1
173 4 5000
883 859 8
559 190 3
933 100 10
68 450 8
480 445 5100
212 101 3
889 542 9
151 424 2
139 542 8
61 828 9
402 264 1
882 440 9
407 433 5000
480 921 5100
594 424 7
407 667 5000
609 388 7
407 123 5000
173 745 5000
173 436 5000
173 684 5000
774 111 8
167 401 3
655 351 10
480 195 5100
173 911 5000
924 399 9
630 209 4
613 706 8
200 350 1
997 896 8
373 210 9
218 40 1
676 604 5
486 78 7
407 57 5000
495 91 4
152 719 10
338 765 10
703 462 9
572 570 2
420 766 9
3 863 6
521 723 1
492 529 6
916 219 7
407 625 5000
705 80 1
832 641 6
300 395 3
407 743 5000
117 787 5
24 221 6
407 699 5000
830 197 8
76 817 3
173 736 5000
728 542 10
844 149 3
750 241 2
480 457 5100
173 341 5000
993 690 8
458 164 9
518 199 3
405 252 9
902 620 10
383 395 2
854 68 1
407 484 5000
508 913 2
221 152 3
480 499 5100
731 946 2
480 940 5100
503 87 6
480 394 5100
173 46 5000
634 335 6
407 554 5000
604 749 5
407 43 5000
103 717 7
480 64 5100
658 427 1
480 597 5100
282 650 2
386 968 5
330 982 2
211 896 10
480 426 5100
145 874 3
353 570 9
148 254 2
592 886 1
849 920 2
979 754 10
715 799 10
389 551 9
407 230 5000
191 476 5
37 505 6
841 460 4
869 44 2
991 85 7
173 115 5000
480 305 5100
425 638 7
941 299 4
872 888 4
856 998 5
249 683 5
327 810 5
407 824 5000
809 122 7
239 494 10
863 48 6
173 470 5000
701 378 6
464 747 5
480 566 5100
480 202 5100
173 376 5000
399 555 2
706 775 8
463 896 5
229 934 2
144 696 2
480 154 5100
943 982 2
480 342 5100
387 666 6
529 126 8
40 534 1
382 892 5
480 136 5100
5 252 4
407 958 5000
407 477 5000
814 560 7
407 778 5000
173 349 5000
480 917 5100
413 355 3
586 103 10
945 517 3
210 648 10
7 459 8
480 624 5100
204 424 10
729 473 5
836 787 9
480 901 5100
75 747 1
480 875 5100
298 839 8
807 648 4
545 428 10
906 548 10
517 492 3
600 454 3
173 222 5000
960 250 7
29 48 8
224 252 4
488 491 10
741 101 6
374 442 6
407 315 5000
407 88 5000
231 286 6
173 132 5000
490 724 3
77 863 7
738 44 9
232 604 4
881 748 6
173 956 5000
196 354 7
936 594 10
966 252 8
363 853 4
173 789 5000
422 851 3
761 354 8
243 932 7
407 489 5000
407 937 5000
825 932 3
318 785 10
888 659 9
173 234 5000
414 314 1
173 744 5000
408 998 8
173 662 5000
173 538 5000
480 18 5100
173 961 5000
877 500 1
480 69 5100
843 153 1
173 722 5000
678 395 9
988 424 2
480 562 5100
466 41 6
74 156 3
831 952 7
752 812 8
307 971 2
407 950 5000
407 557 5000
480 780 5100
149 712 1
480 679 5100
407 128 5000
87 45 9
173 569 5000
398 200 8
951 975 2
84 133 4
288 584 9
12 982 2
407 238 5000
934 519 4
984 286 2
407 331 5000
978 542 9
674 77 6
608 953 7
135 491 3
476 126 8
446 156 6
36 844 1
173 788 5000
177 920 4
411 977 9
79 859 9
480 262 5100
541 314 7
622 653 8
480 691 5100
173 800 5000
375 101 1
333 740 10
160 631 5
579 982 3
511 713 9
668 766 5
173 689 5000
159 706 7
659 790 8
839 423 5
150 757 1
173 138 5000
480 267 5100
173 697 5000
480 329 5100
840 263 1
972 690 5
91 989 10
173 280 5000
480 415 5100
645 650 5
173 432 5000
648 826 2
970 670 4
377 930 1
431 514 1
785 910 8
407 257 5000
295 380 4
769 670 6
838 567 8
170 54 10
642 518 8
952 580 6
480 657 5100
709 855 4
927 860 9
96 733 4
180 24 6
407 954 5000
695 60 3
264 646 5
407 898 5000
739 774 4
407 266 5000
596 116 2
480 561 5100
407 365 5000
407 253 5000
683 748 5
480 260 5100
28 491 10
998 963 10
660 302 7
493 767 8
886 650 9
480 842 5100
407 928 5000
23 872 7
142 133 2
407 451 5000
340 677 10
574 816 7
192 209 7
206 920 1
480 591 5100
173 702 5000
989 160 7
480 833 5100
480 621 5100
173 673 5000
526 706 4
568 896 3
287 101 7
407 11 5000
480 207 5100
480 242 5100
407 485 5000
730 328 8
455 395 2
552 843 6
407 974 5000
397 909 4
410 493 2
504 130 6
407 471 5000
337 50 5
672 740 5
855 440 8
407 852 5000
857 874 3
794 847 2
947 251 9
480 430 5100
948 810 10
92 863 4
370 816 7
797 920 3
821 951 2
930 226 9
976 555 10
546 386 4
114 874 5
480 627 5100
33 492 7
690 596 1
173 294 5000
407 819 5000
173 942 5000
173 161 5000
344 466 7
777 438 8
828 812 5
173 16 5000
407 813 5000
276 560 4
867 190 9
407 791 5000
371 912 3
173 692 5000
25 902 5
479 752 4
603 528 5
173 640 5000
925 713 7
407 81 5000
407 358 5000
480 595 5100
808 412 7
496 605 10
878 155 3
384 946 8
407 404 5000
412 233 5
173 865 5000
427 740 6
173 873 5000
100 465 5
407 644 5000
173 880 5000
86 909 5
480 870 5100
707 881 5
480 10 5100
407 714 5000
480 437 5100
113 111 9
173 578 5000
407 915 5000
173 356 5000
478 696 5
407 270 5000
407 188 5000
681 354 1
173 876 5000
95 320 6
293 101 8
724 179 9
105 289 8
935 913 8
220 638 2
682 739 4
564 512 1
407 698 5000
186 350 7
274 252 1
407 983 5000
407 908 5000
407 256 5000
60 483 2
51 858 3
235 713 4
236 56 3
918 771 2
641 423 3
631 364 10
480 339 5100
173 762 5000
173 636 5000
893 19 5
173 104 5000
407 326 5000
110 254 4
0 272 10
480 468 5100
480 914 5100
407 964 5000
894 546 2
601 9 1
173 815 5000
537 237 2
903 946 3
63 463 6
360 814 9
407 890 5000
923 913 8
967 281 10
407 47 5000
308 765 10
771 167 8
450 157 10
938 184 9
407 759 5000
173 675 5000
719 236 2
357 62 8
716 863 9
173 834 5000
965 976 2
173 336 5000
173 955 5000
986 965 8
165 676 8
480 6 5100
480 322 5100
502 263 4
532 801 10
687 25 8
173 931 5000
173 39 5000
459 758 4
483 861 4
480 131 5100
98 601 1
480 205 5100
727 946 6
334 948 5
900 670 4
438 532 5
480 665 5100
837 747 2
447 671 4
407 811 5000
173 524 5000
480 134 5100
907 656 9
407 189 5000
555 248 9
407 120 5000
268 181 7
616 382 7
173 475 5000
593 509 3
480 581 5100
55 896 4
480 379 5100
407 891 5000
62 219 6
272 345 2
985 968 7
781 896 3
599 286 1
480 737 5100
118 542 6
299 459 3
576 874 3
359 650 7
407 469 5000
480 661 5100
53 232 2
325 696 4
419 963 3
480 897 5100
246 212 6
78 182 8
407 244 5000
635 765 6
20 677 9
407 535 5000
173 922 5000
647 920 4
885 30 8
258 948 4
525 9 2
173 845 5000
173 587 5000
173 981 5000
480 588 5100
407 58 5000
462 194 5
977 435 7
30 314 2
217 183 10
173 403 5000
806 288 3
790 610 6
173 905 5000
269 395 5
173 311 5000
407 119 5000
480 137 5100
776 874 8
480 506 5100
407 805 5000
173 654 5000
157 185 3
481 59 2
173 848 5000
261 213 9
804 100 1
347 345 10
173 93 5000
798 696 3
440 237 4
345 193 2
818 427 6
755 650 7
285 814 2
197 220 9
407 283 5000
772 414 8
35 424 7
758 831 6
407 146 5000
480 583 5100
793 856 2
443 565 10
497 22 3
416 76 5
227 15 4
868 528 9
173 73 5000
368 774 1
56 700 6
520 286 1
533 874 3
480 14 5100
407 582 5000
147 794 6
987 650 7
717 944 4
708 286 6
173 879 5000
407 850 5000
618 695 5
378 301 1
519 593 2
407 348 5000
434 147 5
651 427 2
757 503 5
573 497 8
173 158 5000
291 542 10
304 239 9
516 528 10
265 59 9
407 513 5000
385 395 3
173 72 5000
480 216 5100
498 209 8
480 172 5100
271 302 3
173 400 5000
531 909 6
407 632 5000
281 219 4
401 652 3
366 101 1
259 775 7
452 871 9
208 696 4
273 814 8
509 864 8
767 183 4
324 670 10
480 786 5100
122 881 6
704 320 2
449 281 7
173 277 5000
17 854 6
201 361 6
871 863 9
173 396 5000
494 112 3
944 504 5
381 787 7
173 439 5000
666 498 2
480 643 5100
480 52 5100
751 874 6
710 112 4
577 85 9
26 896 4
306 817 4
173 507 5000
49 219 6
480 607 5100
617 874 7
247 113 1
173 543 5000
505 444 1
823 289 5
173 585 5000
480 663 5100
407 187 5000
480 544 5100
312 793 3
590 747 9
512 847 5
530 361 9
480 166 5100
407 992 5000
671 410 2
565 328 10
71 44 6
390 946 9
783 774 3
680 965 5
480 999 5100
173 275 5000
611 252 7
173 664 5000
407 919 5000
176 747 9
514 855 8
173 32 5000
859 749 3
391 872 2
97 747 5
584 500 9
346 913 8
957 491 10
407 31 5000
480 633 5100
251 858 9
480 140 5100
380 560 2
480 487 5100
352 243 3
820 213 7
372 442 3
45 106 7
910 95 9
637 164 10
332 570 5
2 302 7
754 122 3
351 835 2
80 328 6
367 491 3
732 806 8
480 321 5100
112 729 8
862 304 4
779 715 7
407 606 5000
184 696 2
292 250 9
733 227 6
109 740 8
407 770 5000
435 264 1
173 441 5000
580 310 4
313 671 1
407 203 5000
725 960 10
173 802 5000
953 986 1
480 169 5100
619 211 8
734 251 7
406 181 10
628 199 6
480 125 5100
173 124 5000
173 556 5000
605 147 5
510 462 9
614 740 8
929 521 6
178 23 8
480 598 5100
969 502 5
996 933 3
90 181 3
746 650 1
887 274 2
407 13 5000
407 129 5000
456 9 9
629 319 3
296 862 5
428 573 2
726 542 10
309 438 5
168 972 7
480 827 5100
173 756 5000
782 486 1
407 143 5000
407 623 5000
711 913 9
421 50 7
173 995 5000
480 284 5100
407 245 5000
241 276 2
108 771 7
990 551 7
884 920 2
575 920 10
694 787 6
753 810 10
480 527 5100
571 190 8
829 168 7
173 899 5000
89 892 5
656 344 4
173 121 5000
909 528 6
153 715 8
173 764 5000
323 254 10
465 816 1
723 703 8
228 868 3
263 76 5
626 359 6
480 895 5100
612 687 1
319 126 4
407 482 5000
199 977 10
173 255 5000
392 542 1
407 429 5000
980 423 2
173 589 5000
407 21 5000
107 761 7
67 572 10
407 34 5000
343 225 7
515 44 4
480 796 5100
223 333 10
480 649 5100
480 279 5100
534 777 10
688 669 3
407 278 5000
407 99 5000
735 787 7
480 393 5100
712 540 3
784 826 4
763 799 9
369 837 10
409 448 6
174 83 7
567 878 2
822 159 7
