1000 845 1000
540 787 5
71 403 4
838 980 10
50 85 5
556 815 1
788 336 5
818 561 7
484 409 3
187 806 5000
187 634 5000
674 38 6
318 934 5000
999 427 2
192 278 1
931 357 10
187 432 5000
678 271 7
300 456 8
203 158 10
40 210 8
922 229 9
488 357 7
789 865 7
392 602 6
729 113 8
66 463 10
318 701 5000
318 848 5000
700 137 10
187 185 5000
318 283 5000
21 314 1
841 680 5
162 757 8
318 497 5000
69 32 3
187 603 5000
275 406 5
224 147 4
138 796 6
11 209 5
187 573 5000
293 414 3
104 373 6
318 480 5000
187 982 5000
471 143 5
318 997 5000
318 154 5000
923 285 2
318 564 5000
675 322 1
318 640 5000
187 59 5000
855 767 8
187 633 5000
168 456 2
645 787 4
132 758 8
893 687 6
366 141 6
792 666 1
904 56 10
428 546 7
12 981 2
466 747 9
41 958 6
242 891 3
877 900 4
298 840 4
817 316 4
187 112 5000
911 115 7
584 687 3
611 756 5
964 916 7
187 785 5000
991 184 4
530 299 5
318 455 5000
779 831 8
187 233 5000
318 469 5000
370 234 5
25 944 4
187 926 5000
423 338 3
531 981 9
318 706 5000
28 613 4
860 745 6
849 85 7
96 18 7
95 299 4
277 672 1
13 161 1
830 501 8
528 781 6
318 330 5000
334 588 8
646 326 1
171 52 4
483 839 1
772 591 9
187 755 5000
798 257 6
391 730 9
318 609 5000
187 869 5000
778 76 7
19 335 4
217 275 9
756 681 3
318 524 5000
783 161 9
426 413 5
187 62 5000
227 793 10
318 121 5000
467 837 4
187 487 5000
163 294 4
386 463 10
89 229 8
496 161 2
773 210 3
988 620 6
909 704 1
82 796 2
318 100 5000
156 164 6
813 32 10
187 811 5000
318 873 5000
939 364 9
248 856 6
976 219 7
505 103 4
525 793 1
434 463 9
347 537 7
837 787 3
215 699 10
285 728 7
318 458 5000
187 917 5000
29 103 10
263 405 8
984 881 4
671 700 9
187 551 5000
523 234 9
306 486 9
141 808 4
664 158 2
220 757 8
498 352 9
318 144 5000
187 461 5000
318 98 5000
318 575 5000
256 299 2
187 443 5000
763 677 6
191 209 1
46 447 10
919 372 9
177 67 7
372 749 4
142 757 5
279 851 6
690 165 4
257 509 2
379 336 1
975 745 9
187 354 5000
761 743 10
780 107 10
441 956 7
101 302 6
948 808 8
34 674 6
351 559 2
311 730 9
318 292 5000
810 405 5
723 373 6
920 816 7
541 209 4
905 979 10
883 316 9
318 725 5000
318 200 5000
511 793 2
339 322 3
355 591 10
427 93 4
705 881 2
269 396 5
946 310 3
605 513 6
446 382 4
403 798 2
374 389 4
416 414 8
992 322 9
187 534 5000
597 716 6
741 316 1
852 61 3
709 780 2
129 158 10
895 396 2
51 85 2
187 295 5000
765 977 8
650 757 3
495 872 10
394 671 1
318 833 5000
187 649 5000
286 682 6
312 85 10
614 85 6
187 126 5000
318 216 5000
259 485 8
187 464 5000
318 74 5000
103 317 2
187 662 5000
945 463 6
324 831 8
130 816 4
204 189 10
941 139 8
775 456 4
187 55 5000
318 346 5000
562 485 4
927 793 5
318 799 5000
187 517 5000
771 310 9
913 210 3
48 485 2
642 572 1
88 677 3
411 731 8
966 63 1
318 150 5000
207 587 10
579 731 2
574 234 3
397 770 6
952 847 4
318 507 5000
7 830 9
968 486 1
639 822 8
271 349 10
318 350 5000
187 368 5000
845 122 3
462 572 7
187 506 5000
187 578 5000
273 521 7
436 234 1
986 338 4
187 252 5000
782 75 8
253 555 6
199 981 7
187 582 5000
627 38 10
337 234 7
211 306 2
9 92 2
318 504 5000
54 116 5
318 289 5000
187 819 5000
318 834 5000
545 356 9
600 356 2
318 965 5000
318 378 5000
375 306 3
367 176 1
722 373 7
902 738 8
187 583 5000
493 854 10
187 625 5000
955 831 3
348 621 10
812 327 7
727 392 9
187 2 5000
53 405 4
187 181 5000
876 516 6
655 890 3
652 800 3
77 134 9
743 353 8
439 687 10
97 447 1
318 255 5000
201 877 8
318 892 5000
943 224 7
648 367 1
187 935 5000
613 823 10
489 265 4
369 63 4
94 874 10
78 17 5
27 822 6
872 971 3
318 417 5000
238 561 7
470 322 10
118 672 10
5 278 6
291 822 2
448 338 5
176 29 4
90 114 2
318 688 5000
183 895 8
983 787 1
527 167 4
588 898 3
111 258 9
803 856 8
318 237 5000
35 377 2
949 250 6
880 724 8
791 362 4
759 831 10
244 161 3
784 563 7
972 542 10
644 143 10
576 815 4
857 197 1
187 566 5000
720 890 10
187 882 5000
152 347 8
978 258 4
774 579 1
769 856 9
231 757 5
630 518 1
212 25 9
522 63 5
187 618 5000
961 995 6
364 610 9
296 274 1
956 412 8
318 230 5000
187 475 5000
809 747 5
187 30 5000
514 627 5
800 152 6
180 202 9
49 906 3
686 627 1
36 408 8
123 26 9
294 933 9
198 728 4
762 658 6
764 985 6
318 157 5000
571 64 6
758 158 8
460 209 3
281 687 5
418 787 2
569 322 5
726 520 4
510 796 6
318 425 5000
994 336 9
520 44 5
305 499 3
318 628 5000
197 240 1
921 164 10
17 863 2
318 407 5000
4 677 4
885 212 4
166 658 2
102 373 4
550 905 6
444 201 4
998 856 4
486 320 8
187 684 5000
75 20 10
691 336 1
592 857 9
358 499 2
754 647 3
607 303 5
950 781 6
45 823 10
187 910 5000
318 399 5000
109 361 9
187 221 5000
331 977 2
131 716 9
318 884 5000
193 579 4
713 541 9
318 288 5000
105 976 6
593 929 1
3 853 3
170 793 1
297 463 3
380 226 7
454 919 6
344 389 7
654 158 5
107 19 6
340 714 4
58 499 10
187 8 5000
518 473 1
529 831 4
711 863 3
719 881 8
187 120 5000
226 943 1
187 239 5000
136 481 7
282 316 7
509 133 1
786 409 6
710 218 4
172 805 5
985 878 4
559 67 7
318 930 5000
676 856 7
184 357 3
901 316 1
318 581 5000
60 116 3
37 638 5
187 656 5000
553 822 8
318 264 5000
963 896 5
187 159 5000
829 521 9
301 124 2
502 274 2
318 635 5000
91 586 1
187 598 5000
951 447 5
971 338 5
146 906 2
318 807 5000
552 268 3
318 824 5000
6 774 6
410 143 1
408 802 8
521 922 9
318 694 5000
422 781 3
318 580 5000
319 864 9
18 796 1
929 958 5
401 956 7
365 299 3
585 26 9
472 24 7
187 457 5000
933 695 1
828 710 5
333 85 4
776 853 9
491 906 8
243 71 4
721 687 4
987 865 7
591 253 3
196 25 2
501 402 4
303 908 8
953 122 7
912 831 10
479 665 5
206 204 7
187 445 5000
717 155 3
836 122 9
187 861 5000
278 165 7
870 356 2
31 447 9
187 381 5000
914 389 1
39 448 8
318 897 5000
742 602 5
620 977 3
377 136 3
749 450 9
149 316 9
15 685 4
537 140 8
304 322 2
734 210 8
318 284 5000
108 32 8
419 886 3
745 610 4
538 707 4
318 47 5000
267 677 8
570 630 1
695 915 5
318 532 5000
826 384 2
753 210 6
696 705 9
670 839 10
801 815 2
178 822 8
187 214 5000
990 839 3
967 405 7
261 793 7
187 421 5000
318 235 5000
187 22 5000
70 105 3
752 831 6
124 372 9
689 602 3
969 158 6
83 986 8
632 842 3
86 63 9
667 391 2
896 441 2
543 672 1
482 822 5
160 757 3
907 677 10
139 616 9
853 44 2
393 815 10
38 791 6
127 890 8
587 429 6
318 169 5000
740 815 9
623 739 5
323 793 3
313 749 6
113 784 10
513 35 5
735 995 4
560 357 7
638 909 5
349 180 5
673 724 8
318 451 5000
539 485 10
384 620 5
915 128 5
703 372 9
748 687 2
321 793 3
318 80 5000
797 716 3
187 315 5000
903 890 9
730 646 9
827 677 3
318 106 5000
175 81 8
318 385 5000
16 466 6
887 36 6
318 1 5000
563 472 8
187 589 5000
318 568 5000
595 143 10
318 435 5000
328 561 4
187 867 5000
898 376 2
187 631 5000
959 777 4
329 822 6
626 862 8
835 837 6
187 272 5000
440 334 5
879 687 1
167 961 5
657 844 8
262 327 10
318 744 5000
318 205 5000
187 478 5000
187 974 5000
187 558 5000
637 787 2
187 624 5000
702 258 10
881 134 3
318 125 5000
526 60 6
468 610 10
318 500 5000
240 94 5
318 804 5000
187 814 5000
683 658 5
187 190 5000
738 887 10
894 538 9
187 424 5000
430 890 4
516 868 4
318 760 5000
548 229 10
622 940 4
878 708 7
353 207 1
187 619 5000
187 942 5000
864 667 6
245 316 7
663 73 7
601 658 3
57 535 8
388 336 9
318 117 5000
318 957 5000
187 308 5000
318 325 5000
173 936 9
119 728 3
189 186 8
65 373 7
187 14 5000
236 413 4
318 536 5000
666 761 10
0 871 1
260 499 7
228 447 9
268 781 10
858 876 1
842 42 10
33 839 4
307 210 7
318 746 5000
309 555 2
768 796 3
549 972 7
621 134 1
318 223 5000
318 715 5000
318 343 5000
318 254 5000
766 340 3
847 145 5
508 316 9
187 996 5000
363 800 1
866 719 9
544 856 3
387 32 4
402 109 4
962 342 9
970 316 9
908 608 6
846 327 1
187 718 5000
477 767 9
128 925 5
693 787 7
490 119 4
940 736 8
412 629 7
218 782 10
820 673 4
685 91 2
153 756 1
519 456 10
617 485 7
280 767 3
669 812 10
777 620 7
596 167 8
24 632 2
290 815 8
116 894 3
10 58 6
187 241 5000
395 968 7
481 766 4
993 669 1
187 476 5000
72 822 1
187 615 5000
668 179 6
318 557 5000
641 70 7
659 831 8
900 709 1
87 680 3
265 12 3
64 79 6
188 672 2
137 962 10
660 485 2
512 796 7
473 949 9
371 444 4
179 924 5
187 651 5000
187 918 5000
868 805 2
832 23 3
643 360 1
533 373 5
954 815 10
843 499 6
187 99 5000
145 440 9
747 278 10
577 454 4
155 85 7
187 345 5000
535 665 10
636 822 6
318 606 5000
679 420 5
187 110 5000
318 43 5000
681 474 3
318 148 5000
187 465 5000
889 258 7
187 653 5000
194 90 6
928 680 4
222 163 9
492 831 1
594 499 7
932 356 7
84 890 1
737 428 7
980 652 3
604 311 3
449 389 9
352 778 6
276 570 8
314 823 7
151 922 4
390 356 5
195 890 6
208 389 8
698 856 6
318 712 5000
938 63 2
76 626 6
187 733 5000
251 310 5
409 863 9
187 850 5000
246 839 3
342 225 3
442 875 4
187 750 5000
682 63 5
187 692 5000
608 964 5
187 438 5000
973 164 6
859 207 7
318 790 5000
187 751 5000
266 572 3
52 322 8
708 611 6
437 32 5
187 431 5000
794 253 10
93 648 4
736 607 5
732 535 4
318 821 5000
415 716 4
805 679 4
547 122 8
503 499 2
318 937 5000
546 888 9
565 699 3
888 825 2
494 548 4
359 85 9
979 380 5
341 161 7
287 485 4
318 612 5000
332 531 7
404 548 1
936 396 6
453 268 1
187 947 5000
382 242 9
542 737 5
871 526 9
318 795 5000
808 275 6
213 163 9
318 68 5000
164 961 10
770 366 2
182 815 4
