2000 1701 1000
20 1472 5
212 188 5000
809 1090 9
18 929 5
799 1242 7
1295 213 8
467 1480 10
83 852 4
676 530 7
1077 60 6
675 775 5000
982 1013 8
1536 1662 4
675 1025 5000
1523 842 7
121 47 8
675 1103 5000
1560 215 1
212 1567 5000
133 54 10
572 1240 1
212 1172 5000
946 1856 1
1699 52 10
1474 1633 7
626 1515 7
675 1214 5000
212 1292 5000
675 639 5000
595 338 7
212 870 5000
158 1898 8
1816 1922 10
523 259 4
1244 952 3
88 513 4
95 1430 6
706 1100 10
299 387 6
1749 17 1
212 659 5000
1993 1278 1
1820 322 8
1801 1086 3
1097 1603 9
675 358 5000
664 1802 2
710 769 8
212 628 5000
675 377 5000
675 224 5000
675 1291 5000
805 957 5
1869 885 5
949 298 9
1196 1420 4
551 690 9
1509 963 10
55 1429 8
212 253 5000
1857 654 5
1732 1483 6
1371 1759 1
951 1895 1
825 1841 2
288 1585 2
212 1499 5000
212 610 5000
716 674 7
1202 1047 2
1337 195 1
212 650 5000
1199 328 9
1832 1168 6
212 1255 5000
415 1749 8
516 258 5
1946 485 2
217 700 5
238 522 6
955 797 3
157 577 9
675 1527 5000
1593 842 8
66 1127 3
675 1004 5000
1090 295 1
1294 1455 6
498 1164 7
1317 1030 6
50 1201 10
337 1740 7
212 1189 5000
1970 52 6
1177 1127 2
675 540 5000
1307 1024 6
212 792 5000
1099 93 5
1841 1179 7
248 1698 1
1695 143 8
1470 1400 6
830 1242 9
212 192 5000
985 266 2
795 743 9
212 235 5000
675 106 5000
279 1922 3
1579 836 4
1968 1947 4
1941 343 9
296 1136 9
675 1368 5000
1549 678 9
819 322 9
663 848 6
776 63 10
208 492 10
878 1662 9
535 45 5
991 1678 1
212 1415 5000
675 486 5000
212 179 5000
1472 560 10
675 1607 5000
1167 462 9
456 1348 10
1191 1162 8
212 1481 5000
740 1462 9
463 1802 10
675 297 5000
449 823 3
372 193 5
564 1924 1
656 54 6
1353 974 6
418 554 3
1620 415 6
1063 804 4
1218 696 3
212 1964 5000
1883 1465 3
271 1454 5
110 1753 9
1784 1362 2
416 178 5
914 9 3
734 1975 10
1685 1450 8
1182 109 4
1165 1196 5
1737 1895 5
1430 39 3
675 735 5000
212 1305 5000
1679 663 10
371 1285 9
1429 191 3
379 273 7
1461 1175 6
1395 393 2
675 814 5000
697 755 6
1228 63 3
212 1105 5000
506 1799 9
675 48 5000
345 595 4
1498 857 6
64 244 3
687 978 6
1614 1418 10
212 730 5000
1273 608 6
696 711 4
910 492 10
1818 155 4
675 1710 5000
1387 1492 5
1947 1638 5
1391 60 3
675 1892 5000
909 1921 6
1493 654 4
1065 1039 6
1445 707 6
1503 1431 8
212 757 5000
931 555 1
439 420 3
197 1887 10
1996 1924 2
1285 1469 2
472 867 9
1658 200 5
550 654 8
403 1655 1
727 1557 1
212 245 5000
293 1192 1
1469 1680 2
285 1242 1
1720 1405 10
589 667 2
675 1847 5000
395 1010 1
1978 1637 9
212 362 5000
212 1195 5000
902 354 3
544 267 7
193 723 5
212 250 5000
222 673 6
675 348 5000
1927 246 8
675 1067 5000
978 769 8
1398 1104 1
675 1419 5000
1845 1391 4
1441 1312 1
635 496 2
1373 1992 4
212 937 5000
1617 1492 4
1948 1456 9
517 804 9
675 1026 5000
1413 1175 6
114 1910 3
1763 1267 9
675 969 5000
91 1127 7
1450 260 9
1073 1788 6
1811 154 3
1777 1882 4
373 1944 4
675 961 5000
1985 496 4
974 302 10
1074 1049 7
675 1142 5000
836 249 2
1089 191 6
1544 291 9
675 567 5000
1979 914 8
1270 172 2
1959 1480 8
675 1230 5000
984 747 10
960 1148 10
897 267 7
598 432 10
128 1959 3
481 1754 2
675 508 5000
247 929 4
853 1355 1
1118 690 8
1800 1937 4
1792 634 1
118 350 3
1268 215 7
675 749 5000
1407 1693 8
620 1166 1
489 22 2
1037 685 6
300 416 1
0 965 3
1024 1409 1
1488 226 7
1484 289 9
675 140 5000
212 824 5000
675 44 5000
1693 1047 4
1628 284 1
1091 1065 5
1711 658 7
1843 490 9
349 564 1
592 432 5
212 28 5000
1680 341 6
480 654 5
675 874 5000
212 542 5000
1070 532 6
212 528 5000
858 1037 7
933 1137 10
1965 474 8
762 804 10
190 1408 4
1875 784 9
1967 1740 7
1508 1277 8
675 1468 5000
675 1417 5000
1865 1861 6
578 109 2
212 1565 5000
972 256 8
1048 1531 6
212 1954 5000
675 1187 5000
675 268 5000
1839 59 9
782 853 5
675 37 5000
1136 442 6
675 385 5000
570 120 5
177 630 3
182 74 10
1410 566 10
1848 434 1
262 1701 7
409 1838 9
1463 64 6
283 1288 5
1814 1350 5
153 11 2
212 1121 5000
211 1334 10
1795 352 3
1697 1343 8
212 606 5000
1974 921 9
1548 1798 6
1372 590 3
1271 1662 10
675 835 5000
841 568 6
531 148 4
643 882 7
1312 891 5
1483 14 5
212 438 5000
212 1514 5000
212 503 5000
494 906 6
453 1876 1
715 1081 8
675 772 5000
527 1192 8
1747 1961 4
675 1248 5000
1265 1794 5
675 1813 5000
680 1925 1
75 1975 4
205 1944 3
1538 120 9
1535 952 10
893 1552 2
1973 1347 4
1722 453 3
1062 692 8
1363 520 9
675 329 5000
502 685 8
1053 135 4
303 38 3
879 1744 9
675 1176 5000
1526 492 5
1451 653 3
1556 473 5
543 654 6
210 705 9
1989 842 1
1465 1424 2
216 685 2
212 840 5000
865 1282 2
225 121 10
1600 1794 4
675 13 5000
607 1119 8
287 1175 2
1766 1775 7
1896 149 8
1584 1242 10
1884 1122 3
558 1911 10
1627 397 10
212 632 5000
1726 1263 6
800 564 6
1344 291 7
675 1960 5000
1253 1183 10
743 614 10
1324 267 4
1951 457 10
212 1982 5000
1446 753 3
1830 1286 2
212 317 5000
675 915 5000
1201 705 9
212 421 5000
1269 1465 5
212 545 5000
675 1322 5000
93 1074 5
1272 1034 6
1877 1431 7
751 1330 7
1604 394 9
1209 1692 9
1393 964 6
1001 1104 6
675 1388 5000
675 69 5000
1621 432 8
212 1563 5000
675 1852 5000
1328 1338 1
1522 685 8
1778 1298 9
1708 1342 7
675 81 5000
324 1129 1
1571 54 2
1467 23 8
707 1359 3
1161 1789 2
1734 1124 9
212 1254 5000
1952 596 4
675 741 5000
843 233 10
109 429 2
212 1014 5000
1907 993 7
675 363 5000
1510 1707 10
1880 736 3
282 1242 6
514 596 7
1239 294 2
1457 1444 7
1533 786 9
1803 432 7
212 916 5000
180 397 9
675 681 5000
675 1829 5000
1325 563 4
454 511 9
675 721 5000
562 678 4
1899 685 7
129 322 8
1856 529 6
1933 118 3
442 105 9
1028 826 7
875 496 10
541 420 3
212 1169 5000
591 684 10
191 1043 7
1692 1403 9
212 764 5000
1436 921 7
862 929 10
756 462 9
131 1592 5
1021 1525 6
14 751 10
1696 496 6
1057 1755 5
1180 273 10
478 1412 1
582 273 7
675 1919 5000
957 38 5
327 1076 2
883 712 5
1770 155 10
1589 161 8
1997 1611 7
575 555 6
1038 1538 4
675 27 5000
1936 1164 6
115 215 3
1046 617 6
1664 816 1
1060 842 6
636 1129 2
780 1345 2
941 169 3
675 720 5000
1904 1694 1
856 1349 10
90 1509 8
212 1425 5000
1671 279 1
162 987 7
87 864 10
1566 345 2
1562 39 10
258 1604 10
1594 1206 9
212 616 5000
675 1113 5000
1707 1155 6
261 555 9
675 1302 5000
648 1175 4
1754 1154 2
675 1346 5000
1332 371 8
1340 1753 2
1729 1681 9
212 1464 5000
686 241 5
604 310 8
1478 397 9
820 1378 9
104 667 5
1315 1529 4
1750 914 9
1409 1767 7
675 1864 5000
1225 403 5
361 1667 9
212 1643 5000
939 1599 2
928 215 10
3 211 1
212 1088 5000
212 1068 5000
1613 1751 8
1798 504 10
1116 1479 7
649 63 3
100 948 3
1401 202 2
1130 1452 5
219 1431 9
212 808 5000
130 692 7
330 846 1
1320 1439 4
622 1941 4
1908 1310 5
1139 108 2
212 881 5000
1442 1444 10
1007 596 2
1557 1638 3
675 1772 5000
1682 1697 2
675 1016 5000
872 352 3
464 1129 8
1945 1979 9
150 1479 10
675 1250 5000
1351 921 3
212 1264 5000
576 294 6
212 1588 5000
127 561 10
1235 52 10
32 1605 7
212 1768 5000
1282 583 9
1738 1755 1
482 511 7
726 1566 5
513 1170 1
515 1605 7
212 1831 5000
413 1392 4
347 1662 1
666 1802 9
1045 330 4
212 1827 5000
474 222 4
386 1092 10
468 1288 3
1155 1158 2
350 1034 10
116 256 3
1440 1516 10
1357 163 8
1406 1369 8
900 982 10
1232 1552 3
1642 53 10
529 936 2
977 1166 6
1822 23 3
212 785 5000
1206 900 5
212 547 5000
1423 1944 6
705 370 10
390 273 8
212 431 5000
703 1835 5
970 1240 5
1083 1164 4
353 1660 3
198 685 9
1746 677 6
1860 1238 9
1889 450 6
251 852 4
832 1270 9
964 1660 8
42 462 10
307 1041 10
1365 706 6
212 184 5000
212 1131 5000
1306 122 3
1645 273 8
1543 181 8
212 1736 5000
241 1638 3
675 1783 5000
1618 867 1
1494 150 7
212 132 5000
691 1605 10
1980 558 7
212 1352 5000
1781 1251 8
537 277 1
1190 1258 1
76 705 3
1590 1763 3
1081 465 1
314 206 4
690 1744 4
768 420 4
1420 1993 5
861 1552 3
212 1583 5000
675 1914 5000
441 816 2
212 1926 5000
675 1079 5000
185 127 7
573 267 8
552 34 8
1397 304 1
810 802 6
675 1300 5000
51 1099 4
1249 1370 10
1381 474 3
619 1448 9
1644 1145 5
675 1582 5000
675 1826 5000
1042 322 9
994 1937 1
1133 1773 7
212 597 5000
1950 842 5
722 1381 9
1917 907 9
23 859 9
854 300 6
1619 1893 8
465 185 2
1348 1231 8
1999 322 3
504 401 1
675 255 5000
675 236 5000
1005 960 6
1713 226 4
704 993 2
871 141 8
1018 1127 9
1689 202 6
445 354 7
446 1065 10
212 67 5000
212 1308 5000
19 1370 5
774 1444 3
376 1066 5
212 408 5000
675 1723 5000
1667 95 5
1654 509 5
212 101 5000
9 1020 9
1851 974 4
1377 404 2
1504 63 1
1335 739 8
407 1215 10
935 571 1
1686 657 8
1030 750 8
717 981 5
1546 684 1
212 760 5000
306 685 2
1154 1123 8
930 860 5
675 359 5000
1141 1824 6
675 1916 5000
675 1171 5000
675 600 5000
1587 1435 2
675 538 5000
675 85 5000
791 284 4
59 1427 3
212 1622 5000
675 7 5000
675 1318 5000
212 1977 5000
987 1521 4
212 1150 5000
212 761 5000
212 1575 5000
1198 5 5
944 1288 9
1531 156 2
733 256 2
212 593 5000
1799 1398 7
45 678 4
560 890 5
1601 1947 5
333 1242 5
302 1966 10
212 834 5000
1635 1784 7
794 267 5
155 876 2
1953 344 2
62 539 1
1402 1129 8
402 762 6
1124 479 2
33 684 2
384 273 1
675 1321 5000
212 1241 5000
1243 631 8
973 1917 10
675 924 5000
1943 1740 6
234 708 2
675 950 5000
308 266 9
1047 783 7
1632 1124 5
301 1470 5
675 983 5000
1408 370 1
1293 1759 5
695 397 6
1976 1231 7
675 1333 5000
675 779 5000
1714 1695 3
459 1694 9
744 206 6
12 797 2
1280 1506 4
212 702 5000
1414 505 2
1289 1722 2
1301 323 5
675 382 5000
947 2 1
212 1709 5000
1928 1693 3
798 203 6
585 1744 9
426 1651 4
212 1918 5000
212 877 5000
675 1577 5000
212 1786 5000
1152 857 9
212 901 5000
1940 1130 7
675 1200 5000
1886 60 1
1641 193 10
146 1992 4
1267 759 4
1859 1940 9
1217 496 8
675 518 5000
979 367 4
1879 1866 10
212 1745 5000
1930 1802 2
1236 752 9
1598 782 9
1836 75 7
1871 493 3
899 654 1
1017 564 7
1986 1937 6
675 160 5000
1887 1788 4
212 1059 5000
1197 1702 4
405 215 8
259 684 4
675 410 5000
1885 1129 3
1539 1659 6
689 1353 3
11 381 10
1486 1755 2
451 842 8
424 692 9
471 658 4
524 1879 9
212 1051 5000
1140 1804 1
777 488 5
487 189 9
336 579 7
1102 1915 4
1824 860 2
80 238 1
401 703 4
233 277 6
714 149 2
92 1127 2
212 536 5000
526 1175 8
748 63 10
889 1461 4
1029 163 3
1098 163 1
675 1275 5000
1684 657 7
1162 729 5
212 1888 5000
1810 149 7
212 1438 5000
212 512 5000
1356 120 9
1595 462 4
1611 1289 8
675 838 5000
624 695 10
1828 1257 2
725 884 5
30 227 3
566 1181 1
1449 496 2
645 564 9
1108 871 1
675 98 5000
1143 568 5
675 1031 5000
434 849 4
1341 995 1
605 1646 7
227 1372 9
998 189 9
1040 921 1
959 619 1
675 254 5000
599 460 2
1626 857 7
675 1501 5000
850 557 3
212 1850 5000
212 855 5000
1794 57 2
212 1266 5000
892 1282 4
212 1665 5000
488 1531 8
1656 138 8
212 1422 5000
675 1881 5000
1752 841 7
212 926 5000
1873 1790 4
1551 137 1
1044 52 7
1597 683 4
1336 774 6
1718 1272 2
520 742 2
1903 1780 3
1521 1747 3
126 797 10
1010 1811 7
1703 1568 1
1066 831 10
212 72 5000
212 1382 5000
1602 267 1
812 5 1
1647 163 4
1434 242 8
1086 622 3
675 672 5000
609 237 3
675 1421 5000
1821 94 6
1223 647 7
679 1227 5
212 1995 5000
1032 310 5
1855 1821 8
675 997 5000
1631 906 2
174 1770 1
398 1354 7
907 189 2
212 119 5000
212 1144 5000
675 1319 5000
212 967 5000
709 701 10
789 755 10
1585 989 10
1957 1646 9
1672 492 4
569 294 4
1072 1104 1
1525 1306 7
1500 1646 9
1753 867 4
1159 354 4
1471 1443 10
1350 918 3
980 596 1
675 144 5000
96 646 9
1194 1444 3
667 1843 6
269 388 4
166 215 4
137 1652 4
212 159 5000
675 61 5000
611 131 1
1490 1048 9
1462 979 8
770 322 10
212 21 5000
698 1905 1
579 157 9
1868 295 2
212 1087 5000
880 1168 3
904 215 8
845 1902 3
682 1496 9
675 1817 5000
1145 173 8
938 732 5
1867 1992 6
212 497 5000
212 97 5000
890 1997 9
1815 1151 9
747 966 2
675 934 5000
1739 1992 8
839 1307 8
212 484 5000
1491 1163 5
1990 1701 1
1540 892 5
675 1314 5000
887 555 1
1862 1259 6
640 272 7
8 510 7
1564 267 8
509 1596 10
391 654 9
17 16 8
1806 692 2
94 953 1
1399 206 1
1181 43 7
1591 1861 6
264 356 5
1894 596 5
331 388 3
1767 1052 5
212 1111 5000
675 922 5000
1676 1080 2
457 1047 6
811 396 6
1603 1122 6
647 687 1
962 1573 10
1135 310 9
1716 420 8
34 266 4
1049 939 2
1117 1234 5
1657 1043 5
1840 816 3
1934 155 10
139 1898 8
675 427 5000
212 1912 5000
1596 787 5
815 1757 3
999 1757 7
821 177 4
212 183 5000
309 935 7
675 1550 5000
164 711 3
1846 1613 3
675 117 5000
986 1790 1
675 1331 5000
1673 5 3
364 1785 5
212 796 5000
212 204 5000
1572 1724 5
1984 54 3
1785 1156 1
1854 946 1
1219 911 3
1205 228 7
844 1915 10
1229 966 8
1712 842 1
352 1337 7
675 851 5000
1705 1244 4
212 1782 5000
603 1524 8
1224 1851 1
1354 167 5
396 568 8
1151 1117 7
145 1861 9
1274 1015 5
675 1581 5000
918 694 4
1220 1427 6
1972 842 9
212 621 5000
675 1386 5000
525 467 6
1262 1431 4
992 1209 10
675 1297 5000
658 1802 4
1477 1511 4
675 84 5000
1675 1825 4
1748 1315 10
1277 829 10
942 1662 4
342 882 10
1502 1552 10
412 256 9
729 1617 4
539 423 10
339 564 3
976 1986 8
143 365 10
212 1939 5000
298 1365 4
1375 163 7
952 1179 5
1343 417 4
1592 430 6
1416 273 6
212 383 5000
321 985 1
212 1569 5000
1663 244 10
1779 802 3
522 905 6
212 1367 5000
1788 114 1
618 1825 1
1370 351 3
1677 88 10
1212 619 2
328 1312 10
675 822 5000
1106 1293 1
355 1790 9
212 477 5000
737 1703 1
1379 1681 3
771 1610 2
125 1981 8
675 196 5000
89 1944 7
1624 1280 3
700 771 8
1085 643 1
319 1510 9
675 4 5000
212 1528 5000
1640 1312 5
1342 1211 1
419 475 6
429 1166 3
1125 1378 5
646 906 2
316 1594 10
1870 511 8
675 738 5000
1616 108 10
387 589 9
1530 237 5
675 724 5000
670 265 3
634 3 2
212 257 5000
78 816 10
1915 1023 7
612 1524 6
675 731 5000
587 1273 10
1454 1491 10
732 1391 2
1114 310 3
1338 102 3
1466 816 9
212 26 5000
332 1240 3
675 1313 5000
1278 671 3
1013 1246 9
1688 1398 5
1146 678 1
1298 396 6
793 1242 3
212 1559 5000
753 725 5
817 1140 8
675 220 5000
1634 1701 3
675 1812 5000
212 1485 5000
1691 1459 8
996 432 10
1615 1752 2
311 108 7
1971 273 4
675 1891 5000
212 1252 5000
475 891 4
15 272 10
752 276 7
212 1221 5000
351 821 3
389 462 10
989 1946 5
212 123 5000
565 988 2
1938 698 10
581 1479 5
107 755 10
675 745 5000
675 286 5000
784 1045 6
675 655 5000
212 1842 5000
479 614 2
122 1543 6
981 45 4
212 549 5000
557 852 2
1009 1886 1
1452 376 5
1791 754 6
548 151 3
1608 1174 10
207 1861 8
675 1809 5000
29 570 10
896 513 2
212 440 5000
499 554 1
806 812 9
212 1909 5000
675 58 5000
1112 1128 3
1055 1315 6
1188 654 1
148 844 4
374 202 3
6 1648 8
212 1109 5000
1149 1727 5
1570 353 7
1 319 9
436 1861 7
171 267 1
601 43 9
675 313 5000
644 1598 1
1700 1156 4
651 1272 10
1731 483 10
847 1636 8
1762 1837 1
1775 1715 10
212 1426 5000
1625 1431 6
229 964 9
1126 1323 3
1519 1086 6
1935 679 6
876 642 8
493 1138 7
31 1122 10
675 134 5000
1929 1952 6
1404 277 2
1555 574 7
1507 1012 4
212 232 5000
1496 1731 1
249 1623 2
701 1744 4
1022 256 3
212 625 5000
956 1033 6
831 1374 5
366 1859 4
675 1207 5000
1576 215 9
723 1216 1
675 718 5000
590 963 5
1147 500 5
1093 256 10
1261 1662 3
175 1944 8
675 1115 5000
199 797 5
829 1094 10
1309 689 5
1000 327 6
1041 1862 8
212 1101 5000
124 1681 2
675 1237 5000
1174 608 8
1893 154 3
1418 894 5
168 614 6
25 1129 1
584 949 10
1495 1240 2
995 556 4
662 1802 2
281 1790 5
828 496 10
1453 816 10
212 406 5000
1132 684 10
367 966 3
919 1902 8
675 869 5000
447 152 6
1727 1473 7
375 1408 1
958 857 1
675 1987 5000
1568 1731 7
894 1880 8
318 397 6
1361 321 9
414 1731 1
1774 1795 9
167 1579 10
1511 234 5
641 1651 8
242 1597 6
746 256 5
1639 52 10
161 1942 6
1003 294 5
1455 1893 4
212 209 5000
1787 496 8
923 555 1
212 1520 5000
212 79 5000
1706 1953 4
807 1573 9
1110 1700 4
1512 267 5
1036 1605 8
927 294 4
1364 1902 1
1222 959 10
1878 388 5
675 990 5000
437 1702 6
860 1008 1
1251 1427 9
1874 301 10
553 1797 4
1489 1249 10
425 1861 7
212 1476 5000
1789 45 5
212 1650 5000
675 218 5000
212 214 5000
617 1434 10
276 481 9
1163 1661 5
40 1861 3
886 1830 4
759 1397 5
231 1175 1
1735 200 4
1227 565 4
675 1796 5000
675 594 5000
615 151 5
135 120 5
1863 690 8
675 1606 5000
675 1279 5000
1506 669 10
675 1376 5000
668 1509 10
826 959 8
912 1729 2
1991 1701 9
813 742 6
1561 907 1
212 1518 5000
1403 935 1
1153 1443 4
1804 1759 7
354 202 5
400 852 10
212 945 5000
712 305 4
411 797 4
661 63 2
491 1717 2
763 462 3
699 1219 9
399 1455 5
1096 1070 9
954 1853 5
1537 827 3
920 1944 1
1764 215 2
1730 52 10
675 1383 5000
1276 1825 3
212 633 5000
212 142 5000
675 275 5000
675 1769 5000
1906 241 6
270 696 2
38 1529 3
212 435 5000
10 1975 4
1405 1047 8
1123 386 9
675 908 5000
803 1904 9
758 354 9
326 1927 6
917 1907 10
1120 1614 1
1447 1379 10
212 1303 5000
1844 1284 3
510 1508 1
340 804 3
669 1903 6
675 898 5000
186 450 10
657 566 8
1246 954 4
344 1125 10
1027 397 6
136 1127 4
228 1992 7
1610 533 9
1334 447 7
940 121 8
1833 462 4
1866 599 3
212 1897 5000
1259 82 9
859 1937 6
1078 1695 8
423 1624 1
1482 1129 3
675 112 5000
71 321 8
212 1247 5000
212 1743 5000
888 239 9
203 1339 4
629 1181 3
212 1849 5000
1651 350 3
1629 550 9
212 1932 5000
675 56 5000
1969 34 10
212 201 5000
1988 1015 2
252 1327 9
637 765 9
1056 202 2
1349 1497 3
280 1659 8
246 563 6
428 1326 10
1290 462 9
1064 163 10
534 1288 8
1760 322 7
430 369 9
1389 940 4
675 70 5000
1299 256 10
1542 1273 9
675 1586 5000
1721 511 10
675 230 5000
754 189 7
212 1432 5000
873 1179 7
165 804 3
675 1687 5000
1751 265 1
1545 804 8
1724 883 8
466 1804 4
1922 1854 9
1148 1435 1
1459 1431 8
1158 863 8
1234 1676 3
212 49 5000
1741 1744 9
781 1776 4
1780 368 9
561 623 2
507 1396 4
1071 420 9
848 32 4
971 677 9
675 1226 5000
675 1178 5000
675 274 5000
1805 754 10
212 903 5000
675 1204 5000
1756 1156 4
1761 732 1
1326 1815 3
713 1474 5
675 790 5000
404 1000 5
1905 510 2
1069 1913 8
346 1274 5
105 1046 3
212 1134 5000
675 470 5000
77 381 5
1920 977 6
1215 531 3
212 788 5000
638 163 4
212 1513 5000
1819 36 6
1185 462 10
476 1821 10
74 1901 6
533 263 1
212 1834 5000
837 1242 8
577 1245 8
1728 952 2
1704 1935 8
1287 1698 8
212 187 5000
975 1996 3
147 1654 6
627 1797 2
41 1175 2
312 47 4
1104 941 7
1505 495 10
675 1983 5000
212 24 5000
675 1612 5000
675 925 5000
675 1758 5000
212 1384 5000
448 1414 1
1082 1861 9
212 320 5000
99 1785 8
675 1256 5000
356 1138 10
392 52 5
1962 1072 5
736 1823 9
173 1874 2
1949 1240 10
675 1666 5000
212 1670 5000
243 1175 4
675 1487 5000
993 1656 3
750 1406 8
675 1084 5000
1515 1069 3
1890 1168 10
1284 609 2
554 1755 8
278 1628 7
675 325 5000
1286 1762 4
111 755 4
675 660 5000
452 1992 9
1955 804 2
688 1992 7
675 1649 5000
1456 87 4
1411 43 1
212 68 5000
675 1061 5000
461 1274 5
1599 1304 3
1260 1238 5
212 1669 5000
675 1160 5000
675 194 5000
530 1216 8
455 1444 5
223 370 7
200 1006 6
1994 1902 9
675 360 5000
675 693 5000
501 966 2
968 1574 3
675 433 5000
5 933 10
1966 847 1
443 511 9
1208 270 6
1385 951 1
212 665 5000
675 1742 5000
1541 816 5
1369 1948 7
36 1657 10
422 1875 5
885 1225 8
323 1448 7
212 1858 5000
495 1788 5
675 103 5000
1900 476 7
932 1316 9
675 1193 5000
338 778 5
675 1931 5000
505 611 1
1733 300 1
1757 1785 4
212 1609 5000
766 1125 6
801 704 4
444 1902 6
212 588 5000
212 546 5000
675 1719 5000
1807 266 8
212 1923 5000
1956 429 6
46 1552 2
818 944 1
1329 1379 6
1683 507 6
1674 1141 6
1958 1690 5
458 1790 8
895 583 10
1668 1037 1
212 1630 5000
1360 228 10
765 832 10
675 728 5000
742 422 2
469 781 7
773 1802 3
1661 478 8
221 1944 7
1394 1861 1
521 570 7
1925 1824 6
767 1429 6
1517 1753 2
212 170 5000
1075 1694 10
868 466 6
212 1475 5000
1054 1662 6
913 797 10
1392 1517 8
73 1249 8
1186 1077 3
1358 1492 7
212 586 5000
290 206 6
1765 32 1
1998 1552 9
1203 137 4
911 6 10
212 1460 5000
1633 1766 7
739 1774 4
1366 891 7
583 677 1
823 344 5
212 1311 5000
1035 555 9
292 259 7
240 1660 6
265 1446 2
212 1107 5000
602 239 2
357 581 5
1553 700 9
1458 1509 6
1211 524 6
1330 1828 3
580 684 1
315 310 3
212 35 5000
2 1598 6
827 1529 5
212 1433 5000
1427 1698 10
65 91 7
212 1771 5000
1963 1773 6
1050 272 9
675 1554 5000
1901 272 2
343 1006 8
1717 388 8
1184 1298 1
1076 1108 8
1497 626 10
675 1011 5000
1823 1848 4
1872 483 5
1173 670 5
295 307 10
1019 1116 2
141 1428 8
473 1553 4
833 323 3
1283 1192 5
212 1725 5000
