2000 1668 100
1103 434 10
810 1713 6
1 334 7
481 616 5
765 1920 4
1855 1096 9373
1212 1658 8
599 777 5
1131 694 4
1702 512 3
1362 1602 5
244 745 8
1637 624 6
567 714 3
575 1283 2
363 434 9
934 699 5
1785 138 8
1855 533 9213
1897 1624 9
915 1983 1
650 1217 10
495 771 9
887 1397 1
1203 139 8
988 602 9
1478 1537 6
206 271 7
1855 1786 9139
297 1663 2
1855 39 9587
1855 501 9144
549 34 7
1059 506 8
522 1902 7
1855 812 9329
484 210 9
1544 1239 5
376 1920 7
377 870 8
662 1057 2
248 132 5
1306 552 4
405 92 9
526 1130 8
829 1798 8
336 1990 8
1293 286 2
809 1130 4
1372 312 1
498 1662 1
1855 1327 9795
1855 1493 9155
98 1602 8
266 122 8
1931 1301 7
1855 1248 9319
1182 1756 4
531 1409 9
1827 599 8
538 1888 1
385 1290 3
570 1660 9
1000 708 7
1119 252 2
379 218 10
1855 1353 9461
1437 624 3
1855 728 9748
1461 431 8
1680 1006 6
892 668 3
1420 1940 1
1592 92 9
1858 602 7
78 217 5
1317 139 4
235 490 4
32 241 6
1457 1192 9
223 389 9
1926 303 10
1494 1902 9
1914 1627 8
613 13 1
48 943 1
759 1847 1
455 67 3
1034 359 2
1279 1668 5
554 1706 6
1080 889 1
23 38 9
1526 1178 7
1271 1699 6
866 623 9
207 295 7
1855 1303 9947
373 933 4
1177 96 4
1855 1777 9254
648 1915 8
439 401 1
1157 222 4
1219 658 7
1739 1581 7
1041 1282 9
131 1954 7
1573 789 6
1855 437 9629
1939 1646 7
735 551 5
977 230 8
1855 267 9259
1855 860 9511
547 635 10
1855 1220 9062
357 984 5
1962 1411 9
1486 557 4
159 313 5
681 1014 9
702 218 6
596 650 10
1855 151 9853
583 300 1
1724 130 8
485 303 5
1264 1450 7
249 369 2
1614 690 1
1999 467 3
555 919 7
689 1131 6
1855 991 9944
182 1658 10
1769 1384 6
1679 1160 10
528 1816 7
1843 1677 3
1154 1450 5
1836 929 9
862 1581 10
1194 1494 6
587 1524 6
451 774 2
456 1847 10
750 111 2
945 1959 1
893 952 7
657 1273 10
1927 1229 3
1855 93 9072
465 927 4
686 1379 6
1855 1700 9500
990 712 8
1759 1271 5
1772 201 7
16 980 7
70 876 3
584 217 8
1406 1179 8
1855 1841 9050
1657 1706 7
1032 1996 1
890 898 6
835 472 8
1316 217 1
1855 205 9840
1791 1829 1
1860 537 6
490 1574 10
996 1595 5
811 1384 8
1085 929 3
516 43 4
1894 677 7
1726 34 10
1117 1872 7
1071 419 4
1521 382 8
1671 447 10
1100 1060 5
1773 819 8
233 1531 6
20 426 4
406 1591 8
755 292 8
1855 10 9979
1636 1440 5
836 1106 7
1566 52 8
1855 71 9121
1687 282 5
1215 154 8
1442 859 10
989 1986 1
1855 1249 9627
1828 971 7
60 11 10
678 829 7
1855 867 9304
1207 1282 6
30 919 1
882 677 1
1733 235 9
1363 217 3
1175 233 1
1149 470 10
766 985 10
818 1689 4
1883 1468 9
1228 140 7
920 881 4
578 1581 7
783 1959 9
1792 826 7
875 130 4
962 167 9
1537 1791 1
975 1758 1
999 1142 1
879 546 5
1028 995 7
1807 1839 6
734 1407 10
1855 797 9112
756 83 3
89 1151 2
243 617 7
1252 1758 9
8 1340 3
1594 546 2
581 1833 5
1670 1046 5
1335 1160 7
69 1488 6
733 859 6
201 1796 9
726 1389 1
670 715 3
1822 1505 7
253 489 7
252 1582 3
951 1862 3
1595 619 1
627 779 7
1855 1896 9817
816 1175 7
1528 1163 5
907 1889 4
1530 1832 2
502 1656 1
1855 232 9048
1855 1771 9891
1855 680 9770
1065 13 7
294 158 8
1146 1954 2
271 1908 3
1855 1092 9123
132 1083 3
1444 1350 4
1903 542 9
839 790 2
1974 1529 3
114 325 4
998 1061 10
1855 1504 9653
852 1886 6
1823 918 7
285 33 1
1855 539 9207
905 467 8
1108 1379 10
1202 1225 6
1688 1880 3
1855 842 9050
1819 89 1
1905 402 2
1048 1641 6
1758 65 6
1186 130 5
14 973 8
268 779 8
785 115 4
515 1576 1
1597 1534 7
611 1252 7
1563 1009 10
420 1295 2
47 510 1
360 635 2
1966 416 7
1035 292 2
917 1930 8
622 985 6
1524 802 2
1340 1368 7
721 595 2
1231 1418 8
1155 708 6
530 745 2
160 1764 4
1855 1422 9750
311 1872 2
646 1053 3
1201 710 7
543 776 7
586 142 6
1855 125 9001
1855 1803 9132
1348 613 9
3 1580 1
1947 181 2
1143 92 6
1855 553 9502
605 777 5
984 363 7
242 462 3
1770 115 2
877 1788 2
1584 38 8
598 1198 3
1390 487 4
660 1970 3
938 1876 2
343 793 3
1662 1346 10
1855 474 9334
1911 1709 9
1417 745 7
1395 1863 7
652 1732 1
1855 1553 9562
192 1078 4
840 699 9
1930 1555 6
211 556 2
321 1602 1
88 1450 4
1611 1568 5
1857 1967 9
59 1709 9
1968 587 6
507 41 1
1354 1811 4
355 1297 3
1855 725 9860
167 21 1
601 92 8
796 1046 6
1496 1339 6
1855 1114 9237
1531 1834 10
540 442 8
1978 139 4
615 1736 10
1698 699 1
1991 1886 10
1982 466 2
1744 1945 1
518 208 9
1318 864 9
1067 565 10
1855 55 9657
805 517 1
711 274 9
1036 1076 1
1855 91 9315
1855 736 9117
534 1501 10
786 1308 2
422 1970 9
100 1231 9
618 1063 8
895 1983 1
372 435 2
1210 139 6
289 1653 2
1824 1561 8
511 1945 3
928 1920 2
1606 1782 7
837 677 2
156 1046 7
1855 1809 9048
1021 687 7
410 1451 5
1375 273 2
1393 1695 4
964 110 2
1855 1950 9533
954 255 7
763 1166 7
1259 919 2
87 1093 6
1326 602 1
1315 1829 9
1278 392 6
1855 1242 9068
1996 1081 8
1933 565 9
857 668 2
1158 1349 2
1491 1577 1
1661 1811 7
1205 521 4
1979 1130 7
1855 427 9586
1855 1585 9853
1042 1886 10
227 1475 9
1522 334 5
1855 364 9613
1405 1920 4
517 1795 9
603 602 2
707 1370 1
272 307 8
1855 121 9088
365 261 4
1855 17 9499
1852 502 8
795 45 3
1919 1711 6
1562 395 4
841 1852 3
1855 362 9182
375 160 8
1347 1732 1
1686 724 4
138 1111 1
1740 1602 9
884 1065 7
903 1005 7
1910 1681 9
1305 1677 2
1555 703 3
571 1520 2
1712 760 2
1576 1985 7
782 822 3
1977 1653 6
49 1710 5
1729 769 2
394 635 6
1855 600 9548
1855 1783 9696
633 217 8
398 1945 7
50 1210 8
521 1850 7
1766 1913 4
561 1508 4
1995 11 3
1855 1541 9750
431 1011 7
123 430 9
1196 383 3
868 1920 1
1882 1160 6
886 826 2
454 677 4
794 620 5
737 1369 4
974 1258 8
40 1183 8
908 801 5
1639 1046 2
1965 573 7
817 1671 8
692 387 9
1855 1464 9607
412 1869 9
1430 1720 10
710 963 4
1153 5 1
1855 1650 9985
1855 1102 9049
1855 493 9078
1741 668 6
1929 1795 1
1164 1349 3
685 472 2
1030 1586 3
1054 1038 2
1855 1458 9554
926 1642 10
1403 1714 4
1342 1283 1
390 334 3
1984 389 5
1801 1603 5
746 705 5
1663 1617 9
1388 1529 6
1855 1328 9718
68 1308 7
828 1009 6
1027 641 6
347 354 2
1855 75 9612
1357 34 9
382 1888 1
1855 1569 9153
1033 1706 8
873 1602 1
1757 496 9
1948 38 8
1613 158 6
1855 245 9597
1855 649 9186
1192 1782 2
696 314 1
1855 1525 9272
1855 1385 9872
1765 1465 3
768 1433 7
1855 1371 9185
959 116 2
1861 996 8
260 165 5
1232 565 9
655 635 4
536 295 9
1630 1971 5
1290 1267 7
1734 303 2
724 1589 5
180 1506 8
1161 58 6
957 115 8
1855 1410 9292
806 1996 9
1608 635 8
306 130 9
1050 721 4
411 56 5
499 312 10
1313 641 7
413 158 9
1448 1166 9
1855 1527 9943
1855 453 9946
140 409 3
804 1308 1
105 346 1
496 1402 9
31 896 5
1855 869 9689
1136 1238 7
1106 313 3
147 87 6
1204 677 4
1854 122 4
1020 1769 8
1587 1758 2
952 1734 7
1275 1652 8
1534 693 2
1163 1762 9
184 442 10
1502 580 5
770 1782 8
566 1646 2
901 1626 2
1519 1648 7
1621 1059 8
136 115 10
891 1528 6
185 418 1
1079 1847 9
1855 1776 9636
1830 1965 5
925 1822 1
1873 162 6
1545 1566 6
296 450 4
997 791 1
956 1904 5
1871 162 4
1247 546 7
1855 1797 9349
619 332 10
234 849 10
520 1130 2
1855 1866 9986
1681 1123 6
1998 1065 7
1990 123 10
748 1660 5
480 1630 8
126 477 7
1743 1782 4
1467 1211 3
588 472 1
341 434 3
1763 1640 4
28 1886 9
1359 1484 3
1855 1299 9127
339 1816 10
913 70 3
204 142 7
760 1644 7
1482 22 2
1855 634 9203
111 960 7
898 387 9
106 1581 8
909 753 7
1855 695 9695
932 12 10
1297 1819 6
671 1696 5
124 327 8
1424 912 1
1257 851 2
463 980 10
1989 589 6
743 407 7
993 1285 5
701 1959 5
1083 265 9
1139 1904 1
1632 1811 5
1296 1199 5
64 653 9
349 1454 7
1421 372 9
821 1577 8
79 92 1
509 1201 6
1935 11 7
1878 1940 9
943 1050 6
651 1379 1
883 1847 8
1855 483 9635
1097 552 1
1855 143 9833
1994 416 8
1647 1112 6
1473 1361 5
1565 1643 9
699 1193 8
1907 1604 8
1738 602 4
594 912 5
1561 1273 5
1855 848 9134
1168 1581 7
1489 34 4
1605 826 10
784 1821 1
54 1450 2
1596 881 10
1176 705 5
813 1496 10
293 1784 1
889 393 5
1426 1111 1
574 1141 7
414 1959 7
1855 279 9787
1571 1407 9
1949 387 3
1833 764 4
503 1104 6
1399 826 10
195 1147 4
792 546 5
1188 367 3
1446 1460 2
923 95 2
1855 1386 9114
1109 1089 6
761 1687 5
1087 1732 5
878 641 10
1644 1298 9
429 1970 3
308 289 6
44 905 4
855 442 2
1775 1111 9
719 1693 8
856 1758 6
644 325 9
452 624 1
1298 965 3
1971 532 8
1938 1140 1
1850 7 10
1244 1920 3
1855 654 9019
723 1396 1
108 1790 3
1093 418 7
450 1827 4
1590 522 2
275 745 2
1954 83 6
262 859 6
1855 1276 9613
1975 1378 2
1855 1564 9082
1673 740 6
1051 753 10
1879 1965 8
1855 798 9746
1334 1480 7
1855 1768 9506
1040 110 3
1885 370 6
1351 831 2
1170 1686 2
97 1012 5
1855 1466 9263
229 192 10
177 1904 3
1812 1991 1
1855 1607 9884
1368 839 2
168 117 8
850 118 9
332 1086 3
1118 12 10
764 1383 6
1523 719 5
1746 1104 9
1855 558 9199
1508 1754 8
112 1273 2
1855 186 9497
1988 741 8
291 1611 3
971 1675 1
1937 1465 4
1536 662 5
445 1177 10
494 1409 2
754 1817 10
1468 872 4
1329 1529 4
1134 467 6
1198 1166 3
261 1182 6
1459 1577 10
475 722 9
1629 726 5
1696 1201 8
61 1603 6
280 406 6
99 896 7
1037 203 7
620 1636 3
1855 1593 9836
1122 854 10
1156 1261 7
1711 315 10
639 1061 2
1274 615 9
625 1709 5
18 488 3
929 1392 5
1838 1360 2
107 442 9
1942 1384 8
0 183 3
169 1160 8
1719 275 10
1685 1199 10
965 410 4
820 1165 3
1952 312 6
1113 718 5
1864 1835 6
175 910 1
1855 1570 9211
1038 1440 10
1221 1450 2
1133 258 7
1703 1646 3
663 1061 6
790 1214 1
969 677 6
434 838 3
1137 907 2
1270 635 9
435 814 8
1049 802 7
1855 1802 9076
922 309 10
1214 57 5
1957 1566 6
477 185 9
1449 1445 1
982 165 6
319 1183 8
771 1881 8
1116 745 10
144 1430 1
425 217 9
359 229 7
787 689 3
200 407 4
1855 322 9593
1151 1490 8
830 1375 5
1441 1839 7
423 1049 10
351 497 7
1946 1629 7
1546 992 9
199 1706 1
1855 1615 9866
281 1046 8
961 1904 4
1325 202 8
704 874 4
119 442 5
1429 708 4
1451 1683 1
1280 1839 6
1855 1898 9962
80 436 2
504 563 8
491 1837 8
1943 983 4
1245 1479 3
500 101 6
1855 433 9918
188 334 1
323 1261 3
995 705 4
1855 1750 9602
1382 1732 10
1294 1292 9
1955 297 4
72 127 9
1250 912 3
773 1257 7
861 203 10
1915 19 1
863 1529 10
409 164 9
1266 1406 2
1084 744 3
444 224 2
1752 748 4
1874 710 3
1855 1735 9537
329 1171 5
1855 1365 9931
1655 1007 9
161 1176 6
176 210 10
844 1970 5
1888 1626 9
535 1055 7
1855 1337 9308
45 1080 9
822 290 1
944 1618 9
1338 467 1
1572 313 9
352 34 6
832 667 8
580 417 1
1855 301 9732
808 1818 7
134 681 7
1120 467 8
1855 37 9531
1855 148 9132
1855 1552 9498
1272 1945 2
1367 178 3
288 1621 6
1226 1465 4
1658 1039 6
380 1732 8
687 561 9
700 1561 6
1314 488 3
1932 1341 7
658 248 3
800 1046 1
1778 1770 2
1855 1485 9663
1993 543 6
1428 1782 2
302 1205 3
81 387 10
226 1400 9
1010 1519 10
1184 1219 8
1730 757 5
512 378 8
1804 1278 8
368 1414 6
77 699 6
314 1344 8
843 1633 8
220 753 9
548 1407 7
1517 1179 5
1855 1240 9762
1961 1520 4
1018 189 8
1855 871 9766
1855 1159 9322
902 750 8
470 1366 1
1187 1674 9
1742 970 8
1107 683 4
174 1674 10
374 1557 3
894 1445 9
1634 242 8
1814 1111 9
1144 672 3
731 447 5
1291 1150 3
1253 731 7
1172 1332 2
853 1130 7
845 864 2
309 24 2
407 1617 10
458 158 10
738 354 1
1855 457 9852
1820 1804 7
149 1793 9
720 513 4
1310 1209 9
529 559 1
178 1288 4
1398 1874 4
318 110 10
1981 472 10
1380 1137 10
43 1176 3
33 640 10
1870 614 4
84 912 9
527 942 1
936 1442 7
197 1673 1
1855 1019 9864
564 1074 4
1289 1952 7
1190 1906 1
1447 1063 3
1336 668 1
973 408 1
471 1886 3
1855 585 9353
1745 617 6
1928 389 2
1906 1943 1
42 1520 10
166 285 2
1855 1944 9856
791 1903 9
1285 487 9
1855 157 9109
62 495 6
958 1865 4
1855 1900 9004
1649 2 10
402 1438 3
1304 1188 7
170 1904 5
1369 646 10
438 1732 1
1138 832 2
953 1196 2
1484 1926 1
1909 1983 1
82 1384 4
612 1555 8
1643 815 10
1713 1646 7
198 1793 7
1855 1579 9465
1488 320 2
1716 980 10
1129 1061 5
1784 491 5
1060 1039 5
541 1674 1
1789 1945 3
1281 1723 1
1262 487 2
1539 776 8
1779 1839 10
562 990 4
1374 1660 6
1324 1988 5
1288 1034 5
1012 481 6
730 1913 3
163 863 5
1551 559 8
576 336 10
208 144 5
1550 1758 6
1654 896 10
1015 1624 5
897 1256 7
36 130 7
1855 1152 9298
1855 1073 9305
133 1308 1
1855 173 9731
1855 1439 9252
640 1934 6
286 351 8
13 1842 3
468 1524 8
1855 632 9696
978 487 4
1851 1440 6
608 313 7
1855 572 9200
443 123 3
1068 208 4
384 1135 8
1376 383 10
1767 1921 10
478 1379 1
128 816 2
757 1312 1
270 1660 4
1121 1478 7
1031 1591 10
1535 1269 10
449 389 9
210 391 4
378 14 5
1225 158 6
1855 1462 9576
1081 1324 1
1969 1940 8
9 1624 2
276 1153 5
819 772 6
1683 237 5
1070 1294 8
815 1434 9
337 34 2
1690 313 10
22 1677 8
1171 515 2
1185 442 2
5 1144 7
569 1056 1
1481 1076 7
1800 1935 8
1855 73 9745
251 1890 10
1483 1730 2
326 892 6
137 1839 2
361 419 2
1427 78 8
1501 1857 6
713 334 4
1180 47 9
992 1733 7
333 389 1
400 1341 8
972 1392 6
1983 122 1
1200 668 5
1642 80 8
967 255 3
328 1937 9
250 1904 2
1855 937 9303
1855 823 9741
395 329 1
342 1818 9
63 881 10
1510 1982 7
29 401 6
1463 110 7
1855 331 9654
1666 1972 9
1309 1208 5
986 1142 1
1213 635 4
421 196 1
95 1412 9
976 1674 5
436 97 4
1664 1959 9
1052 1185 8
1855 1127 9227
1443 1597 7
698 987 2
74 1987 8
381 753 10
181 146 6
1826 1548 9
1452 1555 10
4 1633 8
1855 424 9212
282 1190 8
448 826 1
353 1886 8
729 773 5
1774 69 3
497 1544 6
1391 1198 7
304 1726 9
1855 676 9413
1543 1709 7
1855 1436 9208
1110 1455 8
1855 1181 9019
258 92 5
76 1801 6
299 1891 7
1616 142 2
1540 1111 7
751 1222 10
1295 1591 4
416 1449 10
335 130 10
1980 1938 7
1855 35 9908
524 1677 3
1684 1547 8
899 818 1
1855 1243 9648
1191 776 7
1057 355 6
1875 142 2
316 334 9
1099 1586 10
1855 1169 9369
1425 358 1
1128 594 1
1628 563 1
46 1856 6
1798 226 6
327 1931 1
1538 677 4
793 1068 10
672 464 9
340 34 1
747 1017 9
661 1393 2
1356 1816 5
1951 881 6
1223 1529 6
523 739 10
1321 165 10
1591 858 9
916 211 3
222 1431 7
117 674 8
1332 256 8
1542 668 1
1934 1149 7
1855 1045 9351
1105 951 10
1635 417 6
1923 1920 9
1560 1920 2
1047 1617 9
846 211 3
577 1970 3
1431 1070 9
1016 1602 5
1855 906 9190
214 1406 10
85 594 3
86 1561 7
1855 1470 9375
1055 661 8
27 158 1
1749 221 9
1287 1411 1
778 223 2
1918 139 2
930 1282 8
283 388 9
370 958 5
1855 1432 9116
486 641 4
1378 1018 10
849 291 2
1855 1125 9001
209 1763 5
645 1643 6
1747 1123 3
1344 26 8
1855 1094 9122
1345 1121 3
1884 183 3
1846 1749 9
1714 1421 1
1855 1023 9434
1704 570 1
1260 865 3
1089 1500 4
1132 52 6
1924 1651 5
230 931 3
1498 896 1
1676 1282 1
1095 1729 2
941 779 5
1625 838 5
419 13 9
441 782 7
1723 1715 5
552 292 9
630 787 2
781 1816 5
666 674 7
120 756 3
129 623 7
667 774 2
888 210 9
284 776 10
1718 48 5
1254 1761 3
970 684 8
1101 1959 10
752 1310 1
1799 311 9
1855 775 9617
742 1064 7
325 881 8
1641 1845 4
1025 1847 3
1239 1823 5
1793 1653 4
1960 813 1
1855 278 9967
679 995 9
1855 1844 9873
1780 1940 7
1727 1763 7
1855 1682 9978
1029 1367 6
629 779 3
1855 799 9333
1855 1235 9781
1627 712 4
1618 104 4
935 443 2
1411 1261 6
593 1048 2
1414 1263 8
727 1450 6
1251 769 4
642 711 10
1855 264 9054
579 645 3
25 1283 8
948 1170 6
788 115 4
1387 1059 10
1001 1790 9
1855 1495 9302
154 303 10
592 1302 2
145 20 4
1195 779 3
404 681 4
1855 269 9163
691 206 6
1236 1496 8
659 758 8
1678 1308 5
987 330 9
1855 263 9854
65 1352 6
1515 1624 10
1320 896 3
26 1588 5
1672 1581 8
1518 1815 4
664 442 7
706 115 9
1086 53 7
1855 1404 9602
1479 1598 6
1610 1061 2
560 1710 1
1855 1167 9765
940 1449 6
628 1013 5
824 1172 9
1755 858 7
1845 1416 4
1737 467 10
947 92 1
1855 1533 9808
1013 1526 6
1582 1648 3
1366 1110 4
1074 1486 6
851 1333 9
1360 908 8
1373 1667 7
1787 1308 10
744 891 5
1855 246 9350
476 677 4
1813 1816 10
265 1351 10
1396 1486 9
446 1712 9
1751 605 4
113 1046 7
1855 1831 9719
631 1715 5
1418 850 7
550 1135 4
1840 1283 8
1509 1669 5
900 769 6
904 1904 4
1557 1835 2
665 488 9
392 251 3
1401 1547 4
949 383 9
749 1677 9
769 1224 3
1916 1141 2
1173 593 5
179 1879 8
1091 881 8
946 1621 10
1855 231 9332
697 1282 10
1855 153 9254
1941 472 5
164 913 5
1323 1361 3
1855 102 9373
1148 1373 6
1022 1888 7
393 445 3
556 1917 5
1855 1090 9261
1921 606 3
346 1535 10
647 1793 7
985 1199 1
103 8 7
604 1158 2
874 1622 2
1893 1061 8
1419 462 1
1227 1396 1
924 1945 1
1631 1516 3
682 776 7
1855 1322 9550
1796 1189 8
219 1694 7
1413 914 1
673 1773 5
1806 1103 7
722 1517 8
1453 779 10
228 1341 9
1936 1795 3
994 1886 5
1855 1513 9614
1300 1142 8
1855 135 9329
1855 1887 9962
1855 1912 9382
67 1238 3
1183 1224 4
789 573 1
426 630 6
636 1341 4
1725 1851 9
118 1330 3
981 1790 2
1908 1483 5
545 795 10
189 954 2
428 500 2
90 217 5
626 1104 4
305 1014 9
803 1279 3
1705 864 5
1825 678 7
464 338 3
1350 990 9
1044 1061 1
310 522 9
1024 1130 4
1754 1838 1
1609 864 1
1189 1003 9
1818 345 6
1556 472 1
1748 881 1
1855 1364 9005
1986 670 9
807 534 9
1855 1319 9721
1346 1002 5
1652 1677 1
1499 117 3
880 865 9
277 1160 10
1855 1145 9895
1997 1049 7
1895 1460 10
1821 1919 1
525 1742 3
1600 1577 7
1922 1283 9
780 1423 4
505 1732 7
1855 1286 9230
1976 1591 4
1645 1870 10
1284 1350 7
1575 487 6
24 1601 4
1331 1959 8
1477 532 9
1370 567 6
1623 1103 10
1855 1077 9904
1135 1818 6
1612 1392 5
1849 610 10
224 127 9
1492 1782 9
1855 386 9725
1267 1325 10
1532 919 2
344 1816 8
1456 1709 10
732 1414 1
1115 1602 5
614 1258 8
675 1512 7
1567 1577 4
1958 1689 6
19 737 5
774 887 4
1815 1311 6
1307 1529 4
1707 387 3
1389 1254 4
1126 1835 9
225 1266 4
141 1663 10
1174 573 7
1855 240 9270
479 1097 2
955 85 3
1963 1137 9
703 1794 9
1837 1245 2
1855 492 9234
1781 130 2
1480 391 5
1891 596 9
1604 52 7
1638 1959 7
1237 1621 5
403 1694 6
1715 1376 9
417 1946 2
366 919 5
1967 563 9
469 1970 8
1956 962 6
1855 1808 9373
966 117 6
669 62 9
1917 239 7
1855 1435 9446
621 1005 3
1255 1732 7
519 1595 9
358 375 5
653 1039 4
513 589 7
847 305 7
1072 546 2
568 1501 3
1017 1722 10
1497 295 2
1006 590 5
460 896 1
1471 597 2
1855 833 9937
1208 1954 5
1558 1863 2
1209 302 4
152 1905 3
83 1433 3
827 668 10
1601 902 8
1150 1408 5
371 387 6
1514 995 6
1708 313 8
127 1699 9
1598 1124 6
1066 1302 7
914 1636 9
1277 1061 6
202 939 8
7 254 1
968 387 1
762 1965 10
1855 607 9560
717 1602 9
1697 1577 6
1358 1970 8
1728 1936 4
1165 1774 10
1855 1216 9144
1753 646 5
1578 1863 9
979 387 2
1855 1162 9923
1855 911 9292
1987 985 4
767 1990 4
1665 241 3
1756 1265 6
1855 459 9081
1881 498 3
1234 110 4
1233 1147 10
1400 441 3
1855 238 9273
1669 1646 3
1197 411 2
1415 1617 5
317 565 4
12 312 10
194 1782 9
1206 1104 8
1619 38 6
215 182 9
397 643 4
191 1674 2
709 851 2
1692 779 5
1476 1061 1
1892 1407 2
1992 559 5
582 1379 8
1554 1084 5
638 1937 1
1490 1503 4
1659 1475 5
1472 1281 9
415 1179 1
1805 181 10
1026 753 9
1731 1058 4
257 249 6
1487 1001 7
1301 105 8
350 66 2
1409 870 10
606 385 6
1721 776 5
825 1352 10
1855 1973 9032
56 32 5
1651 203 9
187 1529 8
1062 747 2
236 138 8
155 753 2
51 826 2
1695 1701 2
1736 707 1
298 635 5
367 1121 6
273 1486 9
1877 1523 8
1848 977 3
1460 1545 7
1008 1449 5
950 126 3
1058 581 6
1620 1282 4
834 1379 7
150 643 2
172 1341 6
1901 1379 1
1218 1649 7
1855 190 9952
1855 1583 9813
637 1005 6
1568 1885 1
1381 165 3
885 1180 1
683 1772 5
287 467 9
1656 1718 5
1855 1004 9899
1855 1853 9338
1258 1549 1
1880 1641 7
241 1877 6
1760 602 6
1574 440 7
831 15 5
1043 1686 2
1434 704 9
388 659 6
247 638 4
741 751 6
109 1339 3
960 1631 5
939 94 9
983 675 7
1147 1597 2
1599 487 9
1580 966 6
1810 545 1
1855 396 9196
212 776 8
918 1647 2
544 1238 7
216 1975 4
1007 436 8
1985 482 6
1855 6 9330
1075 1633 4
1178 1578 5
1867 1788 4
1082 864 6
432 405 9
1855 1355 9718
1889 373 5
1855 716 9126
1343 142 8
1859 1173 9
356 677 3
1469 467 9
1402 1311 7
532 257 1
1076 1860 5
1868 912 5
690 599 1
1855 1559 9992
