100 98 10000
90 76 5824
98 43 9151
18 87 9381
96 57 5765
6 64 4269
56 83 4545
54 1 2445
66 5 7765
52 30 5255
19 51 2644
64 47 9165
95 37 4800
48 71 5042
41 2 4172
20 15 5244
35 63 3623
53 36 7585
44 65 5838
40 42 4870
88 90 2377
35 45 9075
40 48 347
20 43 1685
95 55 3749
59 31 9918
27 7 4849
21 14 1847
16 94 182
73 95 5664
13 85 9250
87 30 5138
61 3 1635
25 49 5139
65 48 7727
16 31 4583
86 93 2009
21 26 4893
34 72 3251
69 96 8821
33 51 2552
0 92 7222
0 77 663
90 61 975
30 82 3210
49 81 9443
4 66 3226
40 8 4428
32 26 6165
66 2 1807
18 22 6909
58 37 2862
69 85 2921
64 11 9154
50 79 3377
89 75 1540
74 92 3657
28 88 4776
46 69 2913
81 54 8072
70 3 9387
80 23 6318
9 39 7459
10 28 7860
72 73 7918
17 80 398
24 38 5638
7 99 8454
26 89 6866
54 5 7060
59 67 279
12 91 5420
29 92 7669
10 8 5400
94 84 9029
97 0 2313
26 62 608
8 56 7183
9 79 7485
86 60 3960
78 15 1286
26 27 6529
68 50 9077
98 21 2518
7 11 9846
97 35 1577
36 55 4779
74 40 7874
53 50 6162
51 73 6053
26 68 5599
60 24 5312
5 80 360
3 69 2156
31 54 6760
93 18 2450
16 32 3111
22 11 2641
12 85 2291
