100 98 1000
16 8 364
42 53 909
21 25 494
53 77 1000
79 59 372
54 88 86
95 21 2
88 50 929
82 92 369
57 22 143
60 61 527
63 38 974
49 87 375
40 91 520
53 68 578
93 98 454
45 34 777
89 69 417
30 21 611
62 55 606
38 23 14
99 12 759
74 29 362
69 84 658
20 23 724
13 26 59
53 66 824
24 26 873
25 31 827
33 84 651
6 81 358
35 81 989
87 67 793
0 1 538
94 29 776
78 90 478
15 76 237
90 16 59
61 43 87
34 10 961
17 2 733
59 66 13
88 28 294
26 77 153
44 90 791
53 7 231
83 5 422
4 8 450
75 57 19
9 64 682
65 97 336
34 3 516
47 57 939
51 52 346
92 52 518
34 96 591
53 56 599
91 0 190
85 37 964
58 85 14
8 0 490
39 73 261
11 33 711
29 64 716
81 44 443
8 36 855
25 60 952
37 48 542
27 99 919
88 25 632
46 58 742
76 67 955
38 18 40
80 96 339
14 21 117
86 73 359
29 92 738
87 65 752
38 49 77
55 93 524
19 84 75
8 88 236
73 9 6
2 70 26
69 46 626
71 12 600
2 41 568
5 98 808
34 75 574
32 86 731
69 72 848
8 83 621
69 53 884
12 64 349
87 17 163
87 34 170
53 22 281
8 71 486
