100 98 539
49 97 7
16 43 10
39 80 4
51 25 9
81 67 3
79 75 7
24 20 1
21 29 5
3 6 5
8 47 7
55 63 7
19 63 6
66 54 7
40 89 8
91 41 10
64 31 2
90 78 8
60 69 2
62 61 5
5 84 4
72 55 4
0 69 6
73 68 3
21 67 2
6 32 5
7 73 1
18 65 1
99 33 7
61 15 8
74 1 7
67 38 8
82 54 1
13 72 5
88 26 10
3 49 6
87 48 10
43 83 5
85 28 7
92 45 8
8 94 10
24 46 4
51 79 3
13 11 3
22 57 3
22 66 10
53 59 7
50 75 4
39 1 9
36 75 2
73 34 7
92 56 7
77 87 3
89 81 10
79 17 10
46 59 10
15 12 8
37 33 5
76 66 5
23 47 3
48 95 9
12 2 1
65 93 4
39 65 6
30 88 7
35 7 10
99 74 6
4 35 6
90 30 1
98 42 10
71 81 9
14 11 8
86 21 3
44 31 1
27 12 3
58 30 6
34 70 10
73 92 7
10 18 8
9 88 8
98 35 6
45 41 9
25 59 5
46 69 5
13 85 5
44 66 10
23 45 1
39 28 5
72 22 1
52 24 10
16 4 6
84 46 1
58 23 1
97 99 1
29 96 6
48 86 3
69 63 6
87 90 9
99 34 5
