100 98 10000
0 84 10000
99 87 4
98 96 3
97 0 3
22 74 6
98 0 10
94 80 7
95 30 9
93 5 7
91 55 5
42 79 6
99 40 8
21 83 5
90 84 7
86 17 2
20 63 7
56 34 2
24 9 9
85 78 10000
81 33 1
94 4 7
4 82 5
4 72 6
4 86 9
80 52 4
52 15 6
82 68 1
52 53 3
17 12 7
17 77 4
12 60 2
94 56 2
80 50 7
53 70 4
60 71 9
94 76 4
70 33 2
82 55 1
94 23 6
17 26 4
70 59 7
17 41 6
63 35 2
72 19 6
4 69 10
15 25 6
92 7 6
23 64 5
68 62 6
52 31 9
47 39 8
76 74 1
23 98 8
21 57 7
33 73 6
35 67 1
77 16 9
76 49 9
12 51 1
27 29 2
80 54 7
52 1 5
59 45 3
84 37 10
24 7 6
96 47 1
73 66 8
64 6 6
64 10 8
69 79 7
4 46 6
55 58 3
86 95 4
74 44 7
0 11 4
17 14 8
8 75 10
67 89 8
23 48 2
42 9 7
91 29 3
65 68 3
48 28 9
92 3 6
50 89 9
17 93 5
88 40 9
72 2 10
30 18 10
20 32 3
69 36 8
50 40 7
24 21 10
76 43 1
62 61 10
69 13 1
93 75 5
49 38 2
