100 98 10000
65 77 2410
20 84 6610
84 89 3880
27 50 7172
10 99 9430
83 31 8077
97 22 2538
90 78 1218
54 8 7125
55 44 7485
91 9 8417
3 75 1619
57 76 6357
13 70 3964
76 40 1017
6 70 1483
36 21 9689
66 94 6664
74 69 8819
62 12 2202
57 36 1823
37 53 9471
79 82 9398
58 11 915
19 47 9676
20 98 51
2 5 342
4 37 8551
66 95 3810
33 79 9076
69 87 5478
80 71 8068
92 39 7434
35 94 7276
55 32 7874
60 26 423
15 10 1890
17 22 9743
25 97 954
34 51 221
42 68 4305
7 9 5720
12 83 7134
78 94 31
88 18 9704
21 54 6045
29 39 8600
0 13 7752
85 92 5570
52 28 974
41 59 2929
61 45 8795
51 50 8312
8 47 9851
56 23 93
63 61 2751
64 59 6636
3 46 9895
86 92 762
30 67 2838
73 96 5069
7 19 847
58 1 4653
5 30 7802
23 52 4246
42 64 4178
50 52 8969
44 8 1854
48 43 5233
26 82 7949
80 73 8213
70 65 2288
75 86 8519
81 38 6857
83 52 60
51 5 2251
88 48 1610
87 16 7028
17 18 4021
5 87 1997
46 15 1131
14 58 9984
24 38 6275
49 78 9263
80 17 4714
96 7 6186
13 37 7576
93 17 2075
23 79 4423
61 24 9342
98 52 2505
61 3 7248
41 13 9962
72 1 5336
0 17 6331
95 72 3802
53 29 9774
34 70 5058
