100 98 10000
0 16 10000
99 31 4
98 88 8
97 21 3
96 91 1
13 25 6
95 14 6
93 49 2
8 16 9
92 10 6
90 28 7
89 42 7
98 57 10
88 52 7
88 7 8
88 54 1
82 46 4
70 56 3
57 34 2
54 33 7
52 47 10
88 18 9
7 84 8
57 37 3
7 78 9
52 32 4
98 51 8
98 71 7
18 56 6
52 63 2
52 27 10
27 40 1
6 53 8
47 20 6
70 75 4
97 12 1
37 66 1
32 64 3
35 45 7
27 67 4
27 22 6
33 93 10
98 82 8
85 6 7
48 60 10000
64 14 1
70 59 3
59 50 3
48 30 10
14 5 5
37 61 5
7 43 6
29 72 5
49 41 9
86 94 3
20 81 6
73 19 5
41 58 10
42 83 9
98 45 10
58 3 3
24 13 9
40 77 6
93 79 9
45 94 4
58 38 10
88 76 4
20 91 4
98 24 9
98 80 6
14 87 4
44 69 9
22 26 9
87 69 7
34 21 8
49 73 4
66 90 8
95 92 7
66 23 5
66 99 4
92 0 8
79 1 9
93 9 3
32 65 10
26 2 5
27 17 6
69 4 5
61 55 6
63 11 8
23 68 4
39 6 8
17 39 8
31 29 2
99 74 4
73 83 8
77 15 10
27 36 1
0 62 5
