100 98 497
94 87 7
2 88 9
23 98 3
67 92 9
3 90 6
36 40 5
80 50 10
42 43 10
51 53 5
24 71 9
92 73 10
75 87 6
15 57 2
98 12 1
84 54 1
11 20 4
44 49 6
97 12 6
11 74 10
18 3 6
17 4 10
48 60 6
85 27 8
0 5 3
59 99 3
68 34 6
20 94 6
89 65 5
39 70 3
59 76 7
62 36 6
57 92 5
64 96 10
44 98 10
35 58 4
55 9 2
53 10 3
91 0 10
96 13 10
41 6 7
30 1 2
66 93 6
6 63 10
14 47 3
59 78 7
42 96 4
52 36 3
27 83 8
21 47 8
56 1 8
95 82 5
28 25 4
19 86 4
35 33 6
93 61 2
4 22 5
67 75 10
25 14 9
43 60 10
99 79 8
69 38 3
0 93 10
54 16 7
45 32 4
29 34 9
90 35 6
26 50 6
95 59 5
49 24 8
75 46 6
12 50 5
77 14 10
29 39 6
38 1 9
86 98 7
37 81 2
78 69 6
60 84 6
71 83 2
37 3 3
63 62 5
8 45 4
17 46 9
75 66 7
6 15 10
11 97 8
8 76 3
29 37 3
72 25 6
47 53 10
21 31 8
80 7 7
76 2 10
33 63 1
55 43 3
28 91 1
65 59 6
81 13 7
