100 98 10000
84 90 8665
0 15 6517
98 20 5221
97 6 8059
96 1 4186
95 85 8354
94 79 5536
93 40 4967
92 51 7756
91 49 7876
84 38 7250
38 18 4434
18 81 546
54 66 4114
78 52 1655
38 83 9539
90 87 7548
87 13 6739
38 48 3531
87 71 4500
84 5 7764
5 9 5755
13 97 4247
83 22 3590
9 39 5906
5 63 234
13 89 1710
89 80 8146
65 24 3823
5 74 2195
63 1 4628
48 7 1682
22 82 7980
22 4 3370
7 50 2997
93 76 5116
60 58 3765
87 46 1478
13 53 679
18 34 1567
4 45 7732
34 33 1424
80 55 9958
7 32 5489
12 77 4708
38 16 3538
66 59 8160
80 94 6869
53 69 8167
74 0 8284
22 78 8996
81 51 5395
18 44 2782
6 67 9636
95 88 767
27 70 9649
9 65 326
21 70 423
87 56 9072
4 37 2975
40 26 6576
0 17 4046
35 25 9779
24 57 1452
18 23 7605
79 2 1313
48 11 494
5 73 4551
92 70 8781
31 28 6364
83 59 8033
97 10 1091
5 64 1304
10 49 3992
60 99 6079
50 61 9143
6 8 3891
89 85 2349
60 43 703
13 36 565
90 42 8117
66 75 1501
57 68 2320
37 14 2218
24 62 3358
71 19 7887
53 35 6545
13 26 40
57 47 1950
5 77 2614
80 98 2943
91 86 6124
64 30 7770
13 29 6108
12 72 9144
84 31 9798
92 58 8172
41 3 9794
