100 98 1
53 23 227
18 80 4
49 1 5
91 20 1
41 2 5
16 87 1
59 7 2
83 91 1
40 92 1
52 21 5
77 89 3
86 13 3
11 9 5
19 93 5
76 3 1
73 50 4
8 57 1
84 35 5
29 40 5
61 56 3
6 31 4
99 30 3
61 49 5
58 75 4
33 54 2
66 36 4
48 98 4
77 78 5
82 60 1
94 65 5
37 68 5
17 88 3
34 66 5
44 8 2
51 84 2
71 79 4
27 44 5
16 15 4
86 33 5
18 42 1
28 70 1
5 32 3
10 24 2
28 41 5
71 81 4
83 55 5
46 73 4
47 0 2
5 97 3
55 38 4
95 61 1
74 29 5
62 4 2
62 64 2
78 38 3
45 48 3
11 17 2
86 47 3
28 15 1
10 14 3
95 59 1
76 64 1
14 26 3
99 25 1
45 34 1
74 45 1
19 37 5
15 12 1
63 6 4
94 74 4
67 22 5
27 63 2
26 96 3
81 59 5
96 12 4
67 19 4
67 69 2
51 43 5
42 52 5
94 96 2
39 63 4
53 39 3
85 78 1
43 65 2
72 43 1
76 11 3
52 82 4
90 46 5
82 72 3
58 69 3
60 25 4
85 53 1
9 97 3
81 47 4
85 0 2
97 58 2
90 75 5
0 25 2
