100 98 10000
86 53 10000
23 24 8
19 62 10000
77 1 10
93 99 3
41 64 2
88 16 10
27 69 9
58 60 4
84 25 5
32 42 4
32 68 9
85 45 9
72 51 6
48 90 4
22 21 1
4 70 1
22 52 10
5 98 4
16 63 2
41 30 5
7 59 5
12 29 5
8 71 8
85 67 5
44 65 8
51 1 8
64 61 3
98 66 10
7 44 7
3 78 5
32 97 6
57 73 6
25 46 2
34 56 10
88 53 7
49 63 5
76 0 4
87 36 9
17 35 10
78 93 1
35 98 9
84 9 8
86 94 4
62 92 8
89 50 3
59 1 8
57 28 6
4 55 2
20 36 9
41 39 3
23 57 7
4 71 9
34 40 6
46 81 4
54 14 2
6 82 1
12 10 3
37 78 3
13 85 2
76 8 6
54 57 4
45 1 2
50 12 10
31 43 6
74 4 9
15 54 5
20 73 8
98 99 6
83 11 4
69 91 9
31 7 7
91 6 5
60 82 2
4 80 10
82 47 1
33 11 4
22 38 4
79 95 4
19 96 1
26 61 5
75 2 3
34 28 4
18 16 6
97 20 8
21 62 9
19 10 4
58 9 3
63 69 1
79 44 5
80 98 6
20 30 4
11 44 1
76 48 9
18 55 9
16 26 5
75 3 6
12 59 5
