100 98 10000
48 12 10000
79 72 10000
71 63 6
98 61 6
58 42 2
99 39 5
11 82 9
46 99 9
3 8 9
77 0 10
92 7 9
29 83 7
56 31 8
8 87 2
57 68 6
73 61 1
28 50 2
3 55 5
94 13 8
30 4 2
11 85 2
50 80 8
41 19 2
72 45 6
47 34 1
24 69 8
26 19 2
76 15 9
90 75 4
97 56 8
64 44 10
22 28 3
92 64 7
32 83 7
2 72 10
20 56 6
75 93 10
23 52 9
52 50 7
9 53 4
33 66 3
58 95 8
69 63 7
96 61 10
36 1 6
76 90 3
35 60 5
77 38 8
9 27 2
8 65 7
79 34 6
32 53 10
43 54 7
37 7 1
14 49 6
5 23 9
31 25 1
81 68 3
68 42 6
64 69 10
40 59 2
84 13 7
87 86 9
54 74 9
38 67 2
56 55 2
32 11 4
66 62 9
89 90 10
70 88 2
13 12 2
61 91 6
74 13 6
51 61 2
95 74 2
6 88 10
36 10 1
91 9 1
47 62 5
44 77 1
98 2 10
97 21 8
17 49 7
8 6 6
36 23 5
35 54 6
35 52 8
3 75 6
4 91 6
39 24 3
40 67 8
49 78 9
90 18 2
88 78 2
38 81 1
16 89 9
19 35 4
29 15 10
