100 98 997
4 51 251
18 7 522
47 98 900
48 32 87
61 9 236
76 5 109
98 62 450
16 37 315
93 57 613
84 81 692
9 24 224
83 19 144
78 49 372
37 94 778
90 24 377
64 56 369
92 1 654
99 82 737
50 55 378
67 22 303
7 31 730
7 6 302
91 58 951
41 13 216
56 51 92
14 39 300
0 79 965
60 68 446
98 30 704
27 53 519
73 16 423
65 33 971
88 63 956
23 35 488
8 17 341
26 80 41
98 39 955
19 48 217
87 80 6
55 96 485
29 15 338
80 89 467
45 72 132
25 2 782
37 42 347
72 95 595
40 35 75
72 12 342
32 3 736
69 74 38
35 59 483
44 34 405
46 92 242
15 42 211
72 16 383
54 21 130
85 65 714
77 1 732
33 53 630
7 22 983
97 43 593
34 69 128
20 24 979
71 32 758
80 66 622
74 58 681
13 0 895
5 13 423
98 59 570
55 49 858
79 22 625
43 80 244
70 10 596
55 53 817
21 86 92
7 70 732
33 75 902
37 43 225
32 90 476
1 84 608
57 68 987
36 58 898
2 46 498
28 67 533
38 86 26
37 86 476
82 8 626
17 25 521
51 85 851
37 35 367
11 64 758
37 65 974
32 5 937
68 63 110
52 63 925
1 91 308
7 93 667
1 87 997
