100 98 1
43 79 282
31 57 4
1 42 1
33 52 2
25 93 1
30 94 1
15 81 2
30 67 2
23 10 4
31 32 1
56 1 1
97 53 5
71 87 2
17 76 4
65 45 3
86 37 3
86 12 2
85 96 1
71 66 2
73 98 5
78 97 3
43 74 1
21 68 5
23 6 5
35 9 1
38 58 2
72 92 1
12 4 5
70 15 2
7 64 5
28 70 2
48 28 5
22 3 2
41 66 5
18 27 4
67 91 4
11 91 3
40 84 4
80 13 5
21 6 1
11 14 5
26 50 3
8 99 2
22 5 1
40 73 5
46 38 4
40 69 2
62 8 1
60 83 1
24 44 2
89 17 3
7 25 3
47 36 2
65 62 2
82 5 4
18 49 4
47 88 1
65 0 3
77 24 3
0 59 2
35 21 1
46 69 3
75 61 1
78 56 2
26 95 2
7 29 2
39 20 2
82 72 3
39 77 3
74 88 4
60 55 3
59 49 1
35 49 3
78 46 2
4 72 1
4 97 1
85 14 5
39 90 5
12 16 4
9 90 3
41 2 4
75 63 1
80 2 1
63 80 1
54 29 2
95 85 3
74 34 3
34 54 4
48 90 5
63 48 5
54 33 4
95 89 5
33 89 1
16 55 1
75 55 3
32 51 5
51 60 3
51 17 4
