100 98 10000
0 81 446
99 93 1383
98 23 2933
97 86 3598
96 18 3542
95 65 1199
5 67 9527
94 70 4110
92 7 3559
91 19 5479
90 33 7492
89 11 4151
88 57 7372
87 63 1366
97 49 4078
40 7 9228
49 2 3652
2 66 831
49 48 7566
49 56 6213
18 42 8476
48 64 8445
97 74 4973
97 32 4361
48 10 1655
66 35 8754
64 77 2458
53 13 2505
6 38 2829
64 72 8479
56 96 9845
32 69 7820
11 16 7855
48 4 7731
32 46 8539
77 22 4726
24 13 2013
77 50 107
73 14 5183
49 31 5331
50 8 2109
10 41 3134
94 37 933
55 36 7044
97 26 4749
10 60 85
42 34 1402
31 43 692
42 80 5740
43 33 8455
41 17 4357
69 27 5954
74 47 3393
33 36 9783
56 21 2859
64 52 9694
2 51 3527
80 78 7081
42 25 8799
15 79 66
35 68 9286
28 99 2663
47 6 677
96 40 3738
35 54 1677
33 91 9493
17 39 7555
12 75 7297
69 65 588
51 89 7716
11 13 5076
97 44 5832
48 23 6779
86 9 4557
18 73 9951
71 3 3800
42 81 2104
9 5 5513
14 15 2423
61 58 1437
73 30 639
19 45 3043
7 99 4493
18 83 7788
39 29 7541
66 12 2921
50 59 8507
34 58 8992
16 76 6830
20 34 1336
39 84 7097
33 37 986
52 63 9812
59 88 7789
85 1 5475
88 85 651
16 82 6053
1 3 5718
