100000 517 10000
27179 73293 4954
59239 62607 856
69932 33838 2108
42238 55232 5680
93705 74227 5852
23484 32618 2763
52363 99069 7879
87785 92586 9945
32891 30513 4517
16219 54242 1197
37676 37403 1934
32677 16186 9880
63949 10629 1780
49611 87478 2314
67323 12173 6050
98352 52890 3519
39138 26549 5699
20395 31482 4999
95779 87747 5419
69589 17506 8857
65326 77634 8015
77455 54771 5369
48766 28798 9355
93045 27399 5637
21252 93826 7927
2201 97729 7656
27199 76139 2400
61778 79181 2125
24091 97222 5836
61342 98961 9443
26165 90341 6815
93379 72677 6337
75531 35211 6406
32768 31999 7515
95498 58225 2125
84487 6727 3858
51248 49220 2192
55523 83566 6577
27899 94205 6174
2972 6202 2743
68682 23339 3879
56958 99843 5982
44252 87266 4515
64921 40359 1904
69668 89558 7947
89765 5807 6794
54962 47363 5174
6043 70551 7101
6974 26496 5183
25350 22175 7565
41912 12581 8324
10816 12259 8329
95065 96606 2230
74484 67846 9420
76259 6165 8738
21690 41383 1970
52380 81830 5676
56296 72201 7228
20654 15271 4991
37656 89920 1232
7558 94994 7908
62337 726 5902
57745 46672 255
68333 48527 3687
93481 37012 7267
63706 27528 1254
23095 34463 5317
99930 3224 9547
18999 11012 424
24330 31890 7071
5532 48145 2389
59951 18869 7139
89599 17463 2966
60077 99396 2893
50220 70102 6995
16353 84037 9518
20309 5866 8904
65548 62892 9988
99111 45703 6413
8768 70713 121
65820 47040 6235
28296 13515 1924
1925 63228 408
41389 39642 1081
91648 96193 1425
70048 14401 890
73793 24170 5722
8825 87631 176
70500 23796 4110
46374 72531 5809
21904 29955 7186
97216 36305 8805
72198 88859 4959
96246 43964 7812
96755 53377 5101
1938 35833 1635
19834 22144 9674
15588 38649 7150
46252 19338 8494
43782 83988 4209
71271 53665 1658
46792 84516 3535
69423 4164 8792
5958 82092 6115
51937 23801 6650
21554 28819 7571
23771 94690 6188
96312 93234 3367
96495 16479 3179
35613 40250 3298
1861 49558 5614
16281 81105 3161
71609 53860 8859
92863 32072 1120
39187 66323 2603
80581 71929 3645
15509 62033 8048
2763 79485 8921
59235 6017 4437
68719 18781 4477
19400 32440 5557
13920 2326 8581
51480 61895 7426
49466 15908 8593
19322 35986 957
24076 91486 3607
77204 64303 345
41821 42372 3949
94930 14236 1480
72307 66407 5038
1454 68502 7480
17937 61230 3137
28838 59341 604
23306 23239 1677
54951 67551 5692
55946 96017 4271
38079 99743 4329
83497 85475 6732
56287 95169 1438
41372 59488 6365
60100 47871 3874
98788 43114 9832
52473 33365 2631
85026 13964 3919
44271 42778 2715
60301 49340 7636
92460 94329 9743
4372 96392 3799
61802 3184 2404
60061 37946 7146
69236 46477 3349
20950 1274 3443
87087 54657 8211
44177 73786 8541
19331 95785 1648
18679 1302 2727
21965 82983 937
58131 10325 5935
73365 38078 8409
91080 75744 7920
8753 51034 5142
15721 14205 4378
82065 20044 6639
39012 54154 6207
35731 24220 2571
13107 16871 5529
34406 41207 6426
23108 22612 8075
27469 21689 7129
60488 47433 7440
28710 9065 7921
25910 59541 1255
43040 90879 8274
25875 31581 3953
5678 27747 2975
54515 3807 3673
12013 73605 7961
6082 32223 2307
90490 97209 6588
19484 46921 5362
26804 5751 9905
33889 47425 4940
22425 28774 3450
33521 66606 5607
54361 26596 2162
92660 88801 1416
41839 12369 6373
39315 97133 3837
72246 51604 3287
57942 71056 3341
48633 56283 266
67239 7762 1752
8353 22199 4019
83548 15197 33
3489 82118 289
89461 92671 9243
1161 95152 4329
91418 51917 5562
49898 59608 2757
2430 39968 3850
99974 88185 7292
68811 16618 2354
33947 3873 1761
9752 47952 2669
39504 78204 1186
24850 67840 1012
30571 95766 5468
28924 99659 6760
84174 32919 1878
12326 75848 77
29195 38659 3537
41733 61082 3497
36528 17962 1716
35385 77329 587
97456 9640 6369
98110 48985 5657
95631 57294 3847
15455 99393 4339
46261 59401 8409
7679 42518 7464
97118 99694 9829
74873 23382 107
8035 28529 4662
2994 91350 6579
59562 91895 6654
60023 12993 745
1311 56421 3804
53697 28814 6460
67321 12230 1901
98198 24576 6111
95673 18926 7493
81772 42057 3131
81682 83810 62
21085 58852 4678
26951 49769 4129
14123 36125 6778
43609 97051 8934
32932 20278 1745
30667 59070 4027
62250 46345 2795
42620 52532 509
36875 5439 3347
56668 36082 7788
33295 4625 5312
93815 76586 4576
16815 40933 1186
1514 51548 2549
51307 79663 4396
64299 88706 6904
92056 96515 7285
65293 7661 7018
88215 70436 8683
65385 49663 6497
7146 90940 1643
47726 16390 2266
62352 45124 3822
95403 85854 4744
93628 9636 2499
75188 43319 6480
55519 23889 7529
40934 79356 4193
83247 12617 6339
96854 95066 365
2000 31180 6663
12226 12854 2465
64556 18586 1362
13981 45867 8194
18937 40786 276
90624 15747 4496
42689 78846 3497
82844 57406 9486
64196 12709 8403
78028 26061 5332
59028 18298 6820
99251 24187 8826
22922 96526 324
51531 42435 9309
78487 7574 3490
29622 38022 7603
71846 10584 6119
62028 76644 1482
82938 86598 3656
53420 50285 921
84597 14782 6896
96420 98264 1019
97252 90728 626
36066 6247 542
65509 69454 5484
49630 2447 875
84678 65463 6053
46626 73461 2557
53310 63066 4681
33558 64765 6883
74641 1523 4106
77755 99297 1824
86695 94921 1340
45183 77186 2266
18009 23944 4783
70000 52505 664
14186 38227 1369
33931 28968 1338
44785 30881 4664
71903 10617 1893
78414 66866 8557
81494 20584 8123
53553 64753 832
18111 69356 5565
35672 32928 6737
61825 18125 5420
1136 61446 5795
92037 8792 3017
43635 89645 3005
66437 90171 9710
9568 74226 8143
21413 65841 7442
22560 49684 7409
54137 18748 9099
90782 17468 7233
47009 43900 364
85324 21134 8607
99469 21015 7042
13229 88951 111
63223 223 2535
49514 7904 4969
88433 3058 7546
58387 27150 8026
17112 2072 4240
60855 60933 2811
37662 5418 9979
34379 41071 5633
2136 26485 3838
27225 71807 748
45173 53915 9368
70804 1692 1193
50021 88595 1837
69773 35860 5297
41663 8970 7939
31667 53834 7000
34766 98894 6303
29282 60596 3182
72047 77697 9894
5331 14995 4494
90258 53573 8307
31079 37160 471
46124 30953 8693
68444 22595 9662
35663 56571 2778
54906 71823 5449
42312 26777 3009
243 43673 834
81817 46282 2839
41664 50331 1460
20620 10549 2855
68801 90823 4791
15393 46666 5102
2305 87482 431
56046 38324 6444
24537 81613 4351
13621 92478 8531
91078 96752 5365
95859 66333 3005
74093 12620 2265
96960 66907 3524
44839 57602 5121
15162 36135 7873
80521 76456 2694
96600 31777 5662
24659 29484 5265
50141 18226 2439
32408 88286 3052
30341 18498 1139
16035 49637 3359
52863 91725 7724
18548 19155 5527
13717 50085 2817
21501 38093 2236
50837 97621 1502
99778 82160 4054
20477 59317 2510
47194 89162 4818
83895 87435 6814
7088 80279 3932
69479 31408 207
52440 27577 1551
77356 2385 3206
6512 3658 573
34929 95156 3386
76477 19266 1375
53418 54772 384
25880 44947 7775
35692 93174 4736
11395 34310 4096
98101 57501 2734
23245 2663 8088
50622 20812 2690
89977 20032 2318
3330 41751 4706
82381 13545 232
95674 60390 1155
19020 62356 4756
58572 96895 1567
28183 52140 2717
85780 79155 7873
11161 75300 3596
5049 95290 7845
70637 26076 4191
16970 65054 2871
52120 9292 3162
40476 78057 2116
30692 48939 6123
60075 37163 9837
64821 99513 2639
99546 57056 7178
23006 56664 9685
14014 85039 3149
51635 66187 5110
96159 84398 9903
93721 70016 7460
36693 87997 2932
31099 42075 3789
63822 1054 7201
44862 39165 204
68148 51720 2459
9639 30275 3387
63724 24436 2068
70452 70164 2023
72492 18757 8643
62198 82882 7476
30744 14482 5936
68194 33974 8792
81481 50644 8021
89747 18257 2017
79998 79283 1364
43650 90671 3964
97548 25281 4340
86803 74420 3597
89401 25443 6642
7545 83097 4243
35013 82279 2155
13518 81324 6144
61182 53593 7059
77668 43178 9779
83241 16118 413
81039 92491 6801
84460 40904 5280
7117 74112 1488
76255 81064 538
89863 57138 8335
1502 92111 7519
15189 82204 8619
10049 32615 5048
32028 67278 6683
49852 96807 6534
61324 4147 2488
13383 34903 4400
83880 70216 3114
19503 94709 5934
15338 86480 6010
85436 10586 6487
5617 61206 1683
5669 86476 5971
72472 79444 1061
89980 91267 845
20919 59439 6969
13773 50511 2062
12514 6412 7876
72576 32231 4939
79614 27667 8048
50249 69144 141
79393 57955 1662
22043 25787 2091
24392 39183 1584
71307 7412 9273
14445 45338 540
55335 92703 1017
61622 3785 4162
38573 57742 2369
16038 27902 2427
30601 88168 186
29280 34913 6061
32567 86712 5117
68307 22287 8703
63237 46991 5495
63088 88017 2623
8168 84766 7665
40811 54185 9193
48397 76420 4806
55773 88111 5995
5632 30722 9184
87953 20947 2062
49598 17537 5397
31208 81373 5595
50878 72784 1377
33210 88494 812
53004 34417 8157
58608 81773 304
70457 40833 6732
58425 85257 7290
30486 93043 8487
81755 74751 9770
76796 61421 9295
2896 9637 3525
51950 71184 2245
4433 43678 8848
96034 76867 6807
84435 77019 9142
34059 21596 3398
49865 4288 6923
72137 84895 2178
98126 62191 2762
5728 73514 5440
50675 11049 5543
24431 7539 2972
52604 37399 2007
82105 44553 4026
27446 83180 4802
70939 32210 4912
