100000 281 10000
1493 10124 7257
6577 23934 7800
80044 48420 9247
23049 32450 4729
12043 84776 1758
68628 60163 602
39190 1345 642
5696 40836 3551
30849 66278 3902
97926 67302 1839
57228 53349 2656
59435 41037 599
61819 5278 5999
94523 98810 2074
90136 33555 6758
62494 14785 5498
56388 98613 8921
53608 18058 4026
26089 99265 6417
87499 50149 3922
72660 37619 6137
16231 15348 2382
89086 11449 5699
53178 1004 6874
47587 67316 599
77125 60335 9849
86642 96844 2715
1464 26159 4242
81242 73855 1226
89109 82288 6168
75660 83284 8292
53801 87684 4360
38123 50088 7831
65812 79114 5696
74200 24854 4807
28034 32346 9571
77169 45930 3091
9525 80018 9501
3578 34284 4292
65515 52851 2565
48965 38322 4447
95596 57856 8749
27685 87416 6275
6522 64170 6273
12574 53736 7687
8375 94118 5213
4240 91219 8345
6225 75021 2212
53025 54631 7436
74211 20594 8744
18648 30145 4845
92270 75451 357
16005 74192 5836
37050 73722 4280
22004 83291 8599
35018 80497 4835
29814 76050 8222
25729 57520 5166
77882 69748 8271
40447 82530 5001
24453 22590 1373
92216 57187 890
91278 57079 7873
42831 84706 617
95801 32771 7560
71680 13818 2998
62377 15729 4501
80781 62238 1819
93695 54193 5615
41397 41686 4798
20402 52435 5074
16151 1754 3722
77976 48929 246
64197 92597 7818
4025 2967 5910
12293 55820 9389
77841 2467 4141
62344 77285 1808
5584 6324 7577
25615 48034 2506
90703 58805 7697
14905 38166 5772
65328 78246 9929
3473 2840 9858
5470 79570 5163
29476 60104 2622
30272 24762 5828
92718 27524 4146
64699 19777 6189
30032 3223 8306
79081 36483 9760
57001 6237 1652
6481 23116 7165
21285 64673 89
28971 55764 6461
16404 32990 4843
89272 86344 4018
78472 86668 8073
35615 70369 9245
40658 20157 6294
91594 58014 6626
70330 87918 7215
81852 39918 2082
62680 81540 7576
95553 77373 1134
74982 66588 7770
70753 97352 8886
20925 91798 9732
30148 55080 2590
87644 76480 27
83564 59232 7580
30077 26016 6620
140 21391 9817
13565 61264 209
89455 72676 6155
96405 32905 1189
39677 33154 3779
19184 54133 5584
16725 13269 9422
91735 35225 8986
96677 26167 6615
21718 80608 5043
10494 79616 5329
35539 44740 4778
30929 47520 6449
96132 26135 3930
16656 85689 4079
27132 74976 2528
93888 4584 1024
13813 98063 8872
71947 59339 2941
5776 98150 6940
78642 60028 3666
89284 42624 7840
28377 92241 8860
62845 84037 1292
67494 6860 4113
31503 69967 3515
29317 54294 3484
64515 68214 7974
73370 33244 6933
73153 90691 3730
19759 99754 5221
12068 65246 4673
73656 30542 6783
7885 20109 6936
26642 70172 3315
81175 26563 9475
5833 63795 4127
5462 90020 5240
46621 39608 981
97633 40971 1915
3079 11467 2065
80164 4933 8830
97234 87623 513
89922 83205 3330
94020 80296 3459
24038 23745 2583
20039 14478 2487
80516 61618 9512
5331 59699 2290
3736 50684 6713
86888 3274 9390
91944 22963 2573
29715 66575 4127
90555 18982 6113
39340 61114 3356
26196 90805 5063
3311 47615 1435
63866 18664 3102
20531 76823 8416
67220 25602 28
89840 1566 2738
69001 18604 3463
59372 68304 50
34745 34348 247
18396 89728 3703
69427 9838 5397
42723 27336 630
82901 78301 8279
71383 28620 3458
85504 85460 8869
61873 1176 8874
33685 50509 540
42780 9137 7072
34708 14163 9724
37618 16143 5262
65724 63897 3614
96540 86594 7057
26131 49905 1988
82970 1097 6430
27442 20813 8274
39183 66174 332
86082 6139 3115
15594 9587 1961
15258 15226 3902
67235 21426 7800
19122 11383 6275
28186 23824 1140
75849 85632 9952
63663 94283 4493
17131 69409 7312
71633 71259 8483
84839 74949 1468
15777 41429 1513
58809 72011 3572
67955 10520 9236
14635 54599 8892
34793 8988 7492
75410 63077 2984
15361 43630 9072
76846 26568 285
87827 54951 721
34333 64776 6125
16082 90401 5288
5669 19141 3132
13034 38305 4782
28848 41298 4124
96713 48193 5160
28128 23726 4060
43827 80071 4494
52198 45229 4245
41264 19042 3644
85695 24284 4846
69238 93815 3504
84954 38405 7995
43183 21870 3972
44670 66465 871
76728 60659 8025
39994 55777 3275
70427 58199 1339
18240 51765 7846
90878 83876 9175
92422 92182 7160
88797 96402 6581
9675 97894 6533
43572 45128 3676
46146 21178 9449
44499 20236 5682
66919 91825 2165
71515 56237 6733
35231 81497 8021
14589 83367 2505
93336 9563 4605
41440 90816 6595
93089 89846 2213
74332 40533 4571
9585 39268 223
58364 37377 5658
32073 35672 3766
60965 98372 274
16391 88289 7027
60839 5145 657
20687 28753 9589
38550 46781 4252
58269 38767 1643
37714 12288 5203
20210 98448 6281
56551 40422 4687
16285 77134 7029
35338 57425 2001
46646 1739 3748
93687 50819 3916
87255 1860 4829
18510 2446 4949
7685 62823 6098
47604 32003 8577
77918 56287 2646
24843 9249 7777
91894 34548 1444
37930 86993 6671
3943 55345 1839
77504 47968 1808
95937 41751 6435
28777 91556 2767
53172 12108 6940
96054 18386 3500
29058 46230 7611
65084 69148 6073
59468 94866 1980
6614 81660 9383
