100000 36 12
53191 12906 3
93739 42305 6
55136 9799 3
75691 27891 3
43996 32824 10
68278 44146 7
86885 58322 3
72999 2115 6
87767 64035 8
11175 78070 7
16033 38049 10
11063 39799 1
68928 77988 10
70272 3530 8
48667 96586 6
10525 97079 7
68526 14203 6
7215 77824 2
23624 97713 8
74042 30388 3
67686 41058 2
68644 4138 9
61879 83467 4
40960 58474 8
32950 23950 9
89001 34838 4
57267 34126 8
6764 99052 6
75163 47958 3
83282 35458 4
538 85212 10
65935 65061 4
82478 24435 7
1676 56794 3
70723 73969 4
6579 33154 9
