100000 214 10000
96155 21707 2412
95688 400 4791
32719 41586 9165
19842 99529 692
10776 68003 9737
47995 31365 6734
2999 55675 1656
97074 17603 1002
17186 5849 9041
67195 50299 5883
38286 12308 6424
27108 3485 7772
28675 7470 6814
96047 11746 8073
82909 42200 8131
34443 32443 4506
97815 80074 6277
65580 69582 922
51419 97185 496
52151 20180 1264
28557 1001 303
66201 79093 5470
75614 39927 8727
215 75238 3443
28573 41448 3404
3091 91911 8822
62520 14227 2455
81514 90175 7585
46707 31042 1661
26745 37409 9943
13372 15020 1051
23617 63628 8171
36466 45460 5653
42228 18864 2715
78635 21606 6689
31023 72838 3653
45364 36646 7376
72381 34194 6201
95251 36701 6746
68822 89349 4406
49620 45620 126
49178 12813 7030
12970 9057 1449
98175 1726 7240
84750 944 6543
1501 15270 9903
35029 47517 9696
87236 36891 7555
24643 16628 4754
82952 53555 5622
55447 5976 7832
80203 17736 1614
80265 82282 1696
70672 31019 1514
81651 94731 3225
75981 79528 816
67277 48065 6257
4891 20002 9674
20082 21816 8537
83496 48948 7381
92751 42080 5455
43325 30134 6305
41981 10002 1641
53932 85129 9520
50375 15250 8586
55242 21011 1821
35782 21706 9168
36565 85930 6936
71979 57353 8723
99418 99941 5420
37687 67023 9738
43217 86022 8657
76204 43034 8571
65305 52017 7586
28635 63724 4447
90848 94309 6789
52595 53001 1592
79944 67908 8693
40664 64522 258
37275 1224 7135
21472 51032 44
71928 96782 1382
75714 40732 3027
35158 83350 2012
86943 87233 2576
46056 28684 9510
77556 78771 1061
66231 75720 5650
58151 38911 6479
42732 88112 8121
10969 1181 3176
76223 51270 9918
69503 34831 6027
15185 19358 7268
64731 40334 9284
83392 24330 3618
3951 28911 5511
14923 17796 9697
31581 95488 4333
85004 6309 2291
40994 17072 4777
64907 25176 2684
34320 1670 6229
7582 37967 7758
46658 93247 7058
883 41813 5942
48337 85554 8794
33948 65705 708
11791 76308 8623
81678 43714 4513
69695 79916 7356
31010 11276 8933
89413 52137 2086
29925 98321 5542
52202 95574 2811
2126 4512 7354
9070 14937 2186
93877 26601 23
68 29246 594
75436 74131 4237
26075 10362 5804
19544 65184 982
37823 61201 1282
86403 24031 4040
88912 22501 6404
5425 16417 7531
47106 49075 2408
99753 50195 7185
19566 17082 4458
31807 31106 6822
81977 23964 921
41606 96292 4117
77918 53807 1453
25492 64269 9605
68371 96966 6783
40140 27186 9630
16514 71849 7821
98801 30304 2277
24903 31061 5571
74548 48148 5382
73911 15473 2557
82792 86233 4872
63198 94641 644
31094 97354 1200
80770 21652 4494
8942 8700 5042
50328 12221 8119
90099 86540 3137
54913 50996 3797
94548 5806 3161
72026 72970 8515
46615 73912 5256
58393 94402 5782
75122 19533 6537
60474 57359 8184
17446 94932 8555
645 24713 3577
2835 63980 4259
78136 2637 1759
91442 25655 6243
17308 16016 7341
10604 4464 6021
40548 29398 6359
76193 56500 4292
9968 29810 9293
19522 49689 1159
34794 82103 3042
51017 57777 8351
4387 47946 6999
96304 35672 6216
48102 29420 1245
13680 40653 2804
16435 69583 3949
79028 79237 6495
56240 80978 721
55013 50882 5286
21368 42367 5327
27775 83557 6340
64393 71335 523
37776 53129 5738
51809 87073 9393
48935 73408 4245
22506 16053 7129
66011 15998 2645
90129 61720 5724
22407 65157 2598
40055 70649 8485
96469 73852 131
14267 93331 8222
35892 417 9440
97904 5989 6979
26376 28180 5984
42138 16873 3392
30391 55662 931
95309 61505 1605
80066 40702 6218
72455 86989 6998
62546 2882 5089
7278 66306 3982
31407 29960 1573
76122 93073 8261
57312 3542 3723
93348 28916 3296
22842 63795 9016
10705 2943 3831
40473 74082 6088
83022 71098 4491
65880 16663 6502
57186 99873 9752
15544 77818 9810
50412 79867 7084
69391 94040 1772
75688 75434 7917
56769 10455 5813
