100000 333 1
15873 42176 3
7148 76639 3
36245 12767 4
4152 81536 3
60005 57763 1
38928 47669 3
95794 69783 3
47971 58682 2
49308 52715 2
69695 67346 5
6539 4293 2
7979 37366 4
33291 24925 4
63274 71306 1
67116 61636 5
87924 32542 3
1797 27901 3
71824 47742 5
32009 63279 5
91331 98107 5
7713 90232 5
37067 63838 5
51164 22040 5
75174 77864 2
46189 31067 2
96813 65813 4
32035 52953 4
59898 90106 4
89650 41272 4
15913 76720 4
562 38394 3
73918 43674 2
55219 39990 4
77381 51190 1
30018 34491 3
90415 73993 3
74702 43650 5
8901 10509 2
59127 43120 1
25745 63353 3
99850 78581 3
9646 46622 1
99375 59769 4
63065 77355 4
59408 42060 3
34570 5802 2
10889 34367 5
30206 3104 1
99840 89724 1
67812 33958 5
33749 25007 3
85331 52468 4
36056 36972 2
701 31978 3
32794 39538 3
33922 41400 2
97631 77261 5
75225 89256 5
89410 50481 4
591 77400 1
78873 70888 5
54730 28579 4
9226 48742 3
98373 92673 1
49926 52577 2
91850 45967 3
89655 38051 3
7460 46046 4
83386 19321 2
66946 23632 2
97375 96252 5
10318 8462 3
13181 47109 2
83616 89929 4
70829 50258 2
19198 60066 3
66467 52842 2
45566 91704 2
64379 53977 2
35557 88931 1
37320 88798 2
93373 53717 2
70547 4667 4
93629 24597 4
70342 23594 5
67717 32426 1
58037 38229 2
12265 34116 2
54353 19389 2
88257 44401 3
70502 1098 4
10708 2053 4
84688 48545 4
80679 26101 3
36168 43055 4
89041 9374 1
48614 19665 3
66088 11123 1
40815 84489 3
91687 29158 4
78140 9834 5
63253 47673 1
1609 79712 1
38266 45885 2
11535 30869 2
36788 51922 1
9312 67526 1
59079 70692 3
14400 25586 4
67160 95115 2
86678 77684 4
76771 54498 4
4009 16687 3
50897 54925 5
26122 28217 3
74885 16696 2
84784 52380 1
82808 89208 2
60215 93991 4
78526 28030 5
8883 9249 1
97897 60257 1
78824 29282 5
36140 52560 5
38903 26109 4
16597 24977 2
84651 74654 1
99414 5868 2
41638 59586 1
25393 92428 1
3434 68489 1
88505 57576 5
9775 42329 4
12740 19028 5
77235 82002 1
4966 44363 5
47376 43896 5
69540 80633 5
86709 6120 1
16332 22121 1
48424 18180 3
40464 14493 4
93535 50841 5
92537 45087 5
95514 97374 4
42051 57509 1
73252 17840 3
59920 25155 1
78710 63627 3
3160 82048 2
6480 3148 4
78664 3894 5
1128 23377 4
59554 35691 1
88923 45742 1
97496 54429 2
14484 71736 4
82344 69989 5
52510 63448 3
98380 71209 5
60851 45061 2
26910 24229 2
79671 89147 2
61508 48447 3
65293 31866 2
58082 19043 4
63791 43602 1
92666 4025 1
23789 89402 5
24303 2916 3
70680 54473 3
88723 76232 4
72783 20515 2
85131 89861 4
68668 53645 3
93572 56371 1
25317 31627 1
82017 35854 4
76692 88730 3
77573 3518 4
12928 25179 1
24626 33558 1
30690 93621 1
20374 95719 2
77036 28272 4
98699 87861 4
48076 81824 1
4518 13679 3
29220 60642 5
61487 27309 2
46696 1380 2
14861 50508 3
14616 72414 2
85686 56306 3
38130 2771 2
16230 54376 3
37165 17587 3
61041 92355 2
24315 95511 4
84272 39236 1
78502 8386 4
28386 61981 1
56687 33342 1
31240 96291 1
502 18158 3
67694 21436 3
60196 98201 2
65631 1732 12
85463 88757 2
55137 16417 3
35081 58981 2
20852 48404 1
78495 54192 3
21073 32976 5
94402 49677 5
43543 61004 3
36430 7260 1
81587 31114 2
46313 4194 3
98088 70681 4
4 37676 2
94724 84864 4
2536 30109 4
17172 62260 5
90657 84966 5
58858 58833 5
25908 25957 4
35635 50248 1
85582 74839 1
93700 59916 2
99147 41359 4
70614 91298 1
12414 58424 2
6032 66525 2
87832 82980 1
76064 58687 3
95952 9030 5
21125 97917 4
80608 8712 1
3654 30548 5
25396 26550 1
70903 77811 2
71760 96721 3
50413 46690 2
24 74999 4
70423 79270 3
30659 92326 2
84927 64431 2
91633 96173 2
28284 7541 3
69319 10255 4
16525 14889 2
90009 50303 1
38392 57075 3
41193 20804 2
7591 42733 4
28425 6380 4
41058 29536 2
97601 49079 5
52919 34070 2
76885 73572 5
94317 75408 1
17123 35869 2
45790 47080 2
97031 5580 3
91961 31705 1
31871 12416 2
77205 25185 2
80060 80709 5
84913 70254 3
48101 88710 5
62521 36786 3
81922 44381 2
83772 88948 5
6022 43262 2
11303 26587 1
41782 1708 3
64792 66528 1
42036 70155 1
20649 77707 5
85215 39551 3
73311 67292 3
1022 96191 2
52476 71426 3
53854 46524 3
26901 22744 5
95929 26810 3
23838 32328 2
97218 55023 2
68875 88808 5
29254 89500 3
57403 73379 3
38498 86288 3
97655 72298 5
95784 78413 3
48556 85287 4
14975 43886 1
55265 16960 5
27007 84614 4
97310 45823 3
9536 38954 5
61404 32026 3
38947 64979 5
2842 31724 1
94818 90211 2
70598 74593 1
56928 52478 2
6425 82100 2
64179 16154 2
75868 47293 3
46651 48407 2
49296 30990 2
15003 73990 3
36852 49191 1
36922 92145 3
73153 94985 1
6717 89016 3
59887 76688 5
90295 82266 5
21857 90284 5
42671 81491 3
11060 62529 5
90073 82456 1
46862 59513 1
99974 5839 2
59999 27039 4
97358 38780 1
76836 18496 2
73312 78176 2
56251 39712 2
15618 52164 2
83789 30360 3
93980 14614 4
