100000 206 12
16920 81037 8
37426 76749 10
46911 88529 6
25449 45496 4
51237 94507 5
52417 16829 7
51932 96928 10
68615 4269 6
50545 86734 3
84918 87098 3
13887 58345 1
4361 67943 8
48658 81903 3
99426 96159 5
96436 95110 8
71189 72971 3
45114 30050 6
46332 15556 4
30335 88465 1
54128 56178 1
60338 18669 5
15299 77055 2
65942 24834 10
78085 48012 1
53273 85717 7
30585 2678 8
90234 95276 4
62223 28168 5
87760 23971 6
39529 51864 6
56772 80880 1
10651 80913 1
7440 68730 6
64007 88618 8
20781 79884 4
2430 63116 9
7214 82736 4
76178 56113 7
41801 27399 1
42266 34384 4
27848 19082 7
120 37824 2
8436 23899 10
2046 17692 5
19052 99711 5
27936 62546 2
39595 48269 1
63253 5592 5
52854 33796 3
24828 16623 7
84803 85177 2
66118 76294 5
51804 2637 6
8867 93158 9
88046 6654 1
70423 31080 9
43165 75265 3
51732 42345 6
79978 54412 6
41486 63676 7
77016 5001 7
97891 17571 9
32295 65836 4
72038 7253 8
54835 52889 1
22998 20494 8
32842 83044 9
36203 87966 3
68321 81995 5
32925 8598 7
61076 77150 5
35980 88036 8
40354 46482 9
48146 58512 6
3690 83793 4
57048 56667 2
75435 66536 8
79578 30181 10
1375 7076 7
82114 45917 8
49890 70026 5
37702 1708 4
65201 82536 3
32862 64143 5
37834 98933 8
72937 14489 3
78839 17657 2
33134 87172 5
47304 7043 5
84847 39457 6
50950 65563 6
8167 60126 9
40789 78292 2
90442 80754 9
20410 52699 1
63512 17055 8
6422 3991 5
124 80902 1
994 7356 6
57824 20504 7
63305 25670 7
72319 22097 6
54197 47114 1
22639 96785 2
1181 92805 5
84972 89497 8
25145 64167 10
49837 70903 1
43349 30666 4
87322 32807 1
56233 16521 7
88279 36087 10
72944 88986 6
12829 56056 1
43689 4343 7
81215 33751 7
33956 40719 7
24017 80653 5
13451 74333 3
84545 45784 2
78804 90450 7
76405 69698 3
60665 89146 6
87665 91772 2
25797 96701 1
45774 72404 3
48233 45250 4
51668 62638 1
5313 68972 9
30753 76152 8
30631 12338 4
69786 82138 2
42048 18892 9
74099 94794 8
20472 37015 4
81050 8613 10
17289 1189 7
31887 8578 1
12902 79379 3
43082 52353 10
17511 45509 8
75653 49457 5
8469 25472 2
30926 39749 5
63285 68637 7
21397 81421 2
41478 96892 9
18085 50654 3
12285 92999 8
46548 95841 7
98912 58111 9
18075 80411 7
21324 80323 4
57543 98078 3
26130 85510 1
41716 91405 10
1814 67760 9
51603 5011 7
5935 33704 3
50813 33864 8
61884 57328 1
39828 25359 10
74253 10802 9
53795 56886 1
60189 67960 3
1166 56055 2
24496 87835 4
21588 17802 7
78390 84498 4
92373 44679 4
26604 91569 1
97443 52711 10
82031 60920 2
40239 69597 6
57266 6698 7
60608 24073 3
62352 96045 8
98034 58634 5
33825 14743 2
17959 67898 8
29559 86905 7
46410 10391 5
52974 106 2
5854 95811 6
27867 30902 5
65853 62707 3
10891 52647 9
24362 91339 8
25240 43180 8
82328 93223 4
64461 6431 1
96193 82028 8
19569 59701 3
20011 90546 3
62235 47519 5
47246 58139 5
50571 86767 9
73700 3899 6
30740 66318 6
5289 56957 6
78961 59599 9
11590 68715 6
18811 49053 7
52437 77457 7
88209 41536 8
92748 18338 7
