100000 723 10000
24550 30030 8612
80725 11889 551
21141 15508 6717
65893 2745 8750
76233 43785 4579
24577 88600 551
59715 20923 5726
53381 34634 5296
35550 51432 5926
50839 69582 895
78813 46420 7785
52157 73029 2027
39940 45611 2012
35962 47767 5254
93651 1190 6118
66850 15248 78
75865 73483 3447
63098 19474 7942
23685 91685 245
61883 38502 1677
66068 73479 7317
7693 54714 4602
43128 83223 4241
19087 40957 7478
8024 5699 1442
45508 3443 9118
89650 77944 5300
35909 67796 9020
41150 51290 2374
50922 39338 9889
82202 4872 5267
663 38555 9291
65806 4624 6043
19261 86522 3180
30415 97417 1086
190 48152 4717
78246 24179 1888
90543 17518 5474
85756 67519 3174
98112 98609 8107
22420 28416 7861
11998 7362 9904
29313 34210 1040
6019 52843 2447
64440 61418 3978
38553 18860 6312
4566 65272 5384
2957 22351 8444
11052 92207 8035
34348 93514 882
70957 3343 4223
34254 58160 7368
21087 24937 6104
43325 67071 3567
28830 92119 5776
392 64552 2600
74043 98267 7956
78145 87716 5577
20356 54401 4993
9709 58218 5201
62951 45929 3839
7917 61016 7915
2771 72866 4302
43959 46377 7065
23988 74299 5290
23073 58010 2895
64063 47317 4374
80536 70874 2786
87495 84698 1334
67423 71065 4697
16227 72002 3859
13417 17185 963
86786 26887 5488
3256 66447 8237
53555 61674 702
38792 97187 9976
53154 60135 2341
23495 53050 6781
93729 25447 5295
58060 6358 4683
21076 8316 8888
59632 73443 934
74594 48517 5281
44616 46510 4526
99489 85055 5325
73078 77282 817
33966 6446 8540
24760 76044 8109
63941 3069 2492
29665 7817 3349
30812 75442 9839
86243 91780 4784
82655 44180 1337
49344 3582 8718
65449 90062 2600
10947 12733 7227
38597 34604 7356
64621 13786 4416
91103 92571 7766
73010 76214 107
52550 45226 2816
29656 92666 1623
29046 29627 4089
25083 58905 3171
6341 92487 1705
92778 56482 1563
91112 928 5348
60138 48702 181
33228 99637 2936
74407 22921 9865
20262 55327 9520
47595 7672 5811
44805 23202 5954
50598 7829 3662
65085 59737 593
97160 17978 6765
70372 76995 9536
35589 45212 5538
27148 81099 5050
90343 876 8867
98563 9730 1387
81094 89724 9601
44305 27356 34
55533 99572 8592
44530 63723 1419
33618 96972 1833
42142 51252 3169
1815 5462 7922
20184 81039 281
17009 7847 9579
86414 14338 5377
46396 22555 7959
97076 28556 5667
92526 96388 6239
22808 66554 5348
15469 53152 3592
41395 96234 9197
86369 93893 6238
55504 23000 5782
39193 26093 1351
16976 59467 2037
99965 31754 3378
95856 90051 5467
84003 87498 7915
19346 21831 4871
1630 96197 5860
70166 97562 3505
4978 19333 8078
46735 22698 8069
28581 42265 7026
1432 50559 3568
50375 20022 363
88199 1875 4459
20857 17146 9715
32862 57930 8065
47540 96669 500
9698 96997 8155
8896 12526 1100
817 29866 6020
90304 8629 6905
41442 63984 200
21845 9369 7339
22735 82330 9050
58998 14327 3088
1024 6374 1716
3760 31253 648
12196 3340 9788
94316 56752 9670
87138 83603 2543
16264 33390 8321
77012 58046 7073
91953 61093 6335
68360 12331 6975
46389 24105 5210
51818 92640 2780
42043 50107 531
32432 43126 9683
40271 97694 5583
27298 96811 4995
45817 59060 5328
3766 78840 5659
14371 54950 9125
47943 70971 7173
63718 61050 3400
52435 21751 4174
90936 18535 9752
70497 73764 155
75426 68457 772
29239 3315 7045
21143 62857 2476
38320 43052 9974
74867 7623 6758
98061 20448 1587
55636 6136 8977
78803 77233 4286
98325 8832 4757
17376 36825 7451
18316 18331 2799
94663 89271 8803
45994 32565 7908
87331 99786 8652
24152 96715 9400
99415 37070 8285
60141 99989 526
23331 41252 8578
31923 6922 1338
53674 72681 9146
64913 29074 7161
23994 12762 5174
64527 93198 7402
5523 61412 5265
87470 13260 8857
47168 63027 6321
53101 85196 6051
59326 61857 6578
37687 21923 4634
33621 53717 71
20661 55546 6345
79549 53746 2784
36798 65854 3885
84214 69344 7614
96808 80998 1011
47759 40764 1794
65532 39087 4434
87986 72559 3788
8512 29623 1172
40128 35816 2674
11413 3741 8202
75267 11829 2118
5355 94603 8412
28079 51724 7044
19151 95199 9768
99700 40022 5688
30551 85629 7848
41305 81218 7989
32407 53400 5526
82700 37449 7634
58505 52217 2075
29318 18675 6771
70478 17876 4002
49010 74226 9545
27913 60635 5484
22845 66941 5757
22610 57128 5918
13488 62547 7008
22422 99300 176
67046 74260 6720
80664 97671 1673
4447 38291 2004
39960 50038 5336
7563 36169 6901
28563 74781 338
14463 6182 5348
66004 20074 5048
32115 93449 6269
64882 3171 8475
14956 93553 397
56539 12416 6122
48145 62551 3367
74205 89308 7865
99311 96050 664
94951 59019 1464
45213 14917 1827
83440 86103 302
55043 23205 18
40375 23835 9279
41649 75718 6929
62390 75388 8011
27723 83342 927
49751 82374 2985
29190 56080 5506
14997 99032 1293
57169 40017 2318
62430 17597 3108
38562 64598 7703
27965 34162 4412
4617 50419 5355
55620 99755 4659
48617 74989 3569
81560 48471 3428
49213 69412 1507
94084 95080 7689
15765 84859 5673
68968 936 7460
70645 15288 7619
39923 39261 8502
57828 85030 1523
34055 22854 7952
65574 54456 6283
56327 28606 1515
92421 8091 3015
82317 68989 8232
94899 83285 9923
19359 95988 4299
6082 22509 8635
57462 54687 7204
8322 42374 4932
23276 27661 1857
30071 96261 4529
40453 35427 9293
60845 31001 6573
1254 67877 2568
44684 10500 3549
56866 43614 5914
56368 43702 3176
34197 57115 7020
38251 24527 2978
4547 30355 8131
37700 50864 4202
56493 92936 702
17 89015 8447
54460 73240 8858
63283 72612 6687
46330 55755 6334
13775 27250 9621
98545 56245 7691
94174 84572 3539
40828 4330 927
89872 86572 1736
30775 8954 7815
39096 74579 5931
49190 68525 8902
45870 37092 7275
14058 15935 2294
7407 49471 7897
52239 21242 8194
42416 73380 1557
31466 78725 2512
88445 59435 2193
16770 10506 1840
41375 33043 6875
36588 31707 7902
99130 25105 4593
4776 56115 1621
36487 96900 6070
20618 20763 7485
91982 3212 285
2381 30670 5691
4889 91710 2829
44912 3055 1503
41551 40228 4088
27803 34879 3859
54280 55531 7653
22652 50512 6229
68069 93336 5801
73722 5014 880
17413 33076 9833
9393 59470 7377
48348 90212 4829
28810 25861 6485
72844 75777 9080
75099 24830 8899
86467 94349 4928
85086 8221 9334
50567 61152 4824
75623 68648 6614
64707 88969 1620
40183 51957 7092
86302 51483 6052
53869 94443 1803
90308 19557 7263
83380 44169 5464
47957 83304 6683
57245 2174 9601
2317 97882 3093
50887 49804 6022
2572 438 6747
78593 57646 5219
6999 76859 1658
84199 69076 3611
91160 26432 7302
181 93934 2968
98835 98624 7050
10945 40576 3075
27834 47686 4529
69349 64136 850
71510 73504 8351
27516 58629 7357
22421 76339 7016
28761 76513 8826
15003 39718 9627
22518 97704 4828
74789 23159 666
29926 64560 9006
71110 59921 6566
61631 68840 3548
26806 16688 8821
37376 33280 2745
79526 43799 4275
45756 11905 5329
89083 9453 6324
32055 91672 9487
50408 19025 6301
13016 73338 2229
62127 30370 6384
51373 66881 4341
85677 23076 7102
98417 83319 9717
57048 38151 3066
9855 64820 2965
79219 89394 7616
20134 75149 211
68451 24449 6817
21950 72330 7884
79774 33561 1269
93143 9394 2796
43647 81551 9632
93547 58182 3118
11753 9800 9610
78751 75800 4324
92211 23510 7257
84346 6499 7699
15511 44548 3539
86947 2520 3783
53255 25171 4029
23640 24774 7287
80862 98282 442
61948 36023 6618
7835 83374 9155
87328 35305 7407
19401 75913 4667
55349 72384 5807
35312 54602 6973
55112 27456 9191
47074 75761 3369
80288 16263 7100
9068 59015 3523
91856 91897 3361
90497 16865 1418
37002 16692 1583
82337 16179 8712
69949 63466 9677
77094 43250 4734
53011 27227 3916
98087 33309 8488
84115 4771 5436
28722 56236 6412
51559 50680 329
95086 30336 3477
8123 74481 5577
75703 13844 3305
84355 66305 5653
87371 23153 11
45205 99612 9956
56233 44374 3169
57516 55898 2174
90841 5178 4758
40520 95577 8717
31909 96552 4123
72339 46042 7944
72816 63003 9544
14582 47104 1662
17352 39868 7381
39741 34931 6272
41954 86202 6849
11047 84719 9260
44667 41031 4252
64373 41319 7166
99769 93377 6056
98240 61975 9174
83259 41483 3839
14169 66282 2239
22890 235 4466
28028 93206 3072
79080 57878 1269
77079 11570 6545
92569 79376 9128
40439 39896 7407
53970 37805 7232
87486 42562 6310
31465 70406 4195
56985 39946 4654
29266 79490 2096
51078 82242 8290
35888 32221 8950
86949 17436 9599
65058 39199 8245
47473 11249 4784
84070 36275 3667
28363 25437 21
89020 23368 7276
56604 19606 1396
67186 65300 5608
29910 72748 2162
45195 4160 5475
30962 39276 9672
37046 15130 4050
90381 33396 7465
57728 33022 1409
55978 20608 8433
8816 97696 3982
49368 94141 7932
13219 58184 4536
12945 1364 9786
24092 15981 6237
55091 73582 8884
74225 66315 640
96467 5658 3701
22843 37022 6335
37745 97121 3847
37735 75329 5215
96841 68701 6230
20705 92192 6659
45433 73442 7116
60520 65980 7476
60991 15917 781
34048 30349 953
27274 50125 5428
20429 26018 1358
19069 73257 3520
82805 40337 8767
72800 25397 5021
95680 63415 8313
71640 8639 6248
6443 96118 2956
81945 96504 9178
54893 33304 3823
61440 12068 5587
27205 11895 4529
84332 5405 650
54465 43194 3088
26997 59968 9514
35913 4463 5198
28388 46766 181
98696 35251 6340
88908 31577 1620
41039 65008 429
32089 7281 997
16135 12410 9622
33104 70304 6798
68023 9927 7544
25936 44842 3275
99805 33766 4932
40838 65311 5642
4878 36188 76
74975 19703 6224
16636 16160 872
75674 44200 8682
88672 47832 8290
91052 9358 60
23706 86273 4093
93069 61346 886
23716 4603 4322
4347 55693 7263
66596 75014 9680
91265 37015 5449
26681 3526 189
40524 28939 7425
15275 76939 9231
51722 5461 5751
72734 73411 73
9353 76466 7061
66550 41745 9658
96255 47630 1660
58509 10247 4109
3260 51479 4040
79720 17848 8947
74525 99643 8267
14339 81480 2157
33483 96131 6742
22606 45410 4235
22173 37694 2043
55435 19900 9533
81732 27263 7846
56130 30722 7140
86713 2154 4246
69200 67400 9981
12395 82838 5002
79463 12285 1786
20047 27665 2989
60544 97953 5440
99826 33527 1181
13464 63445 11
10811 85997 9677
22360 6866 1229
69160 65390 5671
90102 87445 8129
83282 76703 6536
52032 95498 8980
30023 66534 2176
3470 98738 5665
43656 66981 8245
62958 17971 7824
83199 8265 7109
55389 2527 6055
5649 18353 3554
39484 18008 5468
67766 62829 6753
1615 62721 6782
67285 49678 3249
80956 94003 5685
96092 30564 9021
99144 89142 6501
39092 27240 7270
75826 1217 9383
73990 335 9743
59650 50869 8324
77078 39665 8037
49414 94083 7180
89129 40693 1658
68367 50214 409
26046 56196 8030
81590 51020 5226
78272 28969 5983
37629 71530 5739
70504 93676 496
79520 15481 1765
85391 15772 9861
55175 90078 3021
21104 78930 8681
793 20235 5241
8183 44597 5799
61619 45080 6390
78496 23024 10
22841 67429 2293
36888 75454 9381
2922 36801 9132
65493 66436 3852
88382 53231 9225
32999 77175 5813
19503 47636 2740
41303 80070 2670
78781 73591 4613
53484 49821 3844
58945 62118 7435
53755 46805 8945
43339 15178 3695
96336 46981 9356
70505 28009 3651
12641 26706 4407
87076 89657 4139
35481 39360 3457
71338 32073 4878
63062 78942 8625
98507 42315 3010
24570 32369 6330
24479 24701 9721
76486 19682 2990
79022 56204 1797
80868 8126 8696
74974 30804 8242
22252 47221 3492
72946 82344 1247
52422 12607 4173
63064 80835 8886
99244 366 2618
31834 88564 5105
48064 83790 8675
36552 55640 2799
74889 91859 1459
67991 53223 5035
26427 61679 7723
54457 97895 2444
90602 31752 3165
90751 74342 2126
75752 86018 856
77620 28127 2981
5901 98758 5634
61943 36609 1410
84917 18064 152
63089 96236 5850
9060 7736 6684
83600 93532 7411
53816 52205 8876
2878 51497 3391
1208 78707 7953
28406 11948 2277
35890 17778 2380
35018 14265 7715
95031 35215 7712
94781 97308 1292
85002 51549 5409
8297 2543 9151
30058 93074 9262
77021 24958 4372
3094 73740 1522
42125 29252 7491
41961 87701 4111
15444 70223 1086
17034 70431 697
99856 35671 7887
13553 41313 5894
85596 12313 7755
42370 33949 1751
5781 27184 5548
24767 39509 5131
83700 95951 9813
28759 49744 690
61549 10530 9655
15942 15041 9892
1744 54573 144
36431 16806 9214
15899 73633 9994
64156 85935 4636
81663 39674 454
96224 85432 2445
52140 97183 1286
25852 75376 4442
84990 16669 3804
61544 48280 8223
32853 38259 3029
53644 50240 6332
95510 5205 7048
2030 93094 1843
56594 15829 8990
95882 29707 3199
86390 94507 6937
88747 81179 4581
72020 98510 6979
82711 55085 9560
76153 71244 2215
68972 69299 4947
6888 32646 580
82477 5934 7806
82747 46036 6557
18774 69410 3520
84666 80780 8520
37518 64867 2271
6574 5504 6416
27529 82751 3901
37037 80972 3590
49762 85081 3721
11867 20635 5685
