100000 272 1
51296 93166 2
55894 42543 2
55247 84052 5
46417 37673 4
56657 19978 4
64093 70115 4
79951 72667 4
78976 6520 5
92521 62138 1
70645 52424 5
15156 55648 5
3165 21430 5
84233 59051 4
378 8163 2
43005 73070 1
58274 57988 2
22821 37886 5
34758 79663 1
12477 8240 4
46864 718 1
47783 21961 1
88496 98323 5
68355 85996 3
19189 1384 12
29863 94410 2
49320 28131 3
95829 44877 4
11753 27735 4
59632 28418 5
39126 44516 2
70695 72960 4
89049 44952 2
99470 6578 1
78587 4638 3
83545 89517 4
92180 67212 3
92309 13091 3
82957 80303 1
19225 8576 3
19595 98618 4
3089 61359 2
95645 84780 5
39183 31648 2
52753 49322 2
98356 36091 5
80926 62606 5
29361 50588 2
69925 68481 4
77115 89944 3
29698 68931 1
58134 5004 4
35972 45914 5
36412 73882 4
85366 35847 5
4791 65148 4
54485 33485 5
35223 12965 1
67006 56284 1
75603 48553 1
58042 94796 2
94036 92373 3
11572 47618 3
82321 20327 3
81633 30947 1
82499 2439 5
49308 22133 1
44311 1572 4
1094 79787 5
45242 54311 1
65265 93093 2
9114 64450 1
33937 12007 2
70473 91450 4
55113 43650 3
50368 75737 2
90110 16644 4
68067 48465 2
34098 67739 2
52977 18866 4
27830 71315 3
38838 59340 5
48048 42013 4
15649 84849 3
63871 38969 2
43670 28939 3
82688 95467 1
78318 95147 5
16480 9515 3
83670 47499 4
37832 37915 3
16240 56948 2
89358 22758 4
8155 965 4
89885 26084 2
15640 82535 4
897 7732 5
5624 81377 2
45224 75465 1
56785 42846 3
7509 58392 5
62502 82294 4
98095 53203 1
69337 96293 2
99293 18270 3
72654 26626 2
92799 95414 5
84330 25772 5
12936 99261 5
9577 19839 5
88626 88266 3
48487 52559 5
49194 97548 4
3949 7540 5
61035 31569 4
55447 78313 2
86497 41275 2
6863 78610 5
36139 19074 4
25935 48913 5
84031 30691 2
16683 54586 5
58205 92359 1
72863 86680 2
20275 12328 4
44278 32473 4
73830 18332 3
54780 47163 1
19125 72209 1
60166 51958 1
55077 25716 2
33881 39445 3
87191 37285 3
41457 61166 5
39736 39426 5
56545 67245 2
70244 77951 4
89688 15320 5
83474 70433 2
57897 31822 4
34974 53318 5
7974 22337 2
20689 14716 5
30689 26342 2
98891 37560 5
41251 41320 2
90641 85213 3
70977 95796 5
17682 59000 1
80071 57970 1
34848 31538 4
63399 2305 5
94920 95150 2
56062 1858 2
11129 18529 3
21337 23857 1
3162 62919 4
68959 15321 5
81289 27584 3
51001 78815 5
4574 65425 1
87204 26831 2
27131 86826 4
27940 38860 5
81707 39068 2
22752 80931 3
13271 99344 1
72665 29056 3
9433 27083 3
59302 10936 4
86032 65272 5
26132 6372 4
92542 78032 4
94549 2504 4
30268 9988 5
10776 93135 1
38431 96737 3
33454 37142 2
43317 36877 5
81136 53454 4
53101 36856 4
43887 7924 1
86500 56391 5
85134 15713 2
691 31985 3
27579 4175 1
2795 31330 5
31313 67943 4
81806 55964 4
50535 75875 5
25241 41330 4
73182 78342 4
65883 9977 2
75974 10848 5
79062 25354 1
99478 48880 1
85305 42089 4
75466 76748 2
90153 87718 1
45659 12358 3
79762 40860 2
78704 85915 2
24922 14991 4
7013 56810 3
95744 96684 4
82465 90049 1
37436 19817 4
65218 42029 3
17058 87251 2
80475 20350 3
64337 81151 4
37049 79820 4
27972 29599 2
70882 33020 1
93985 85588 1
49898 2455 5
5958 71866 5
61853 32459 1
9811 10729 3
68497 31350 3
7112 3398 1
29285 67551 1
92025 80106 1
7324 46915 3
68904 58935 1
97498 37173 2
47472 48536 5
60533 93206 3
67298 35956 1
7185 54868 4
82000 81435 3
23937 27572 5
84830 30678 5
46261 57397 5
73271 82893 3
48573 8713 1
90937 51189 1
63627 62649 4
89928 23045 5
7728 39041 5
83238 61020 3
79941 81242 3
56699 80543 3
58017 6425 5
37564 38493 5
32508 55224 3
16893 79037 3
99328 24619 2
47263 91612 4
29900 83219 1
30970 56493 5
29366 71637 2
96565 82562 2
43012 40895 1
68246 41269 4
87682 71493 2
25442 75073 1
23954 57280 4
96709 65324 2
10238 41259 4
99836 27166 2
46017 55888 5
97959 66483 5
2538 30727 4
87936 98843 2
90303 54013 2
82491 86907 1
82114 30758 5
80511 8721 5
83406 94980 1
66000 61561 4
19153 85810 5
18341 484 4
