3000 825 53
2350 2571 4
1278 153 6
579 286 9
1345 96 7
80 2681 2
491 425 1
1621 2959 7
494 1003 9
1565 2850 9
2533 2077 4
1268 2203 1
2123 733 5
1498 2176 9
2461 2636 5
2747 2770 6
1251 214 10
1673 2161 8
2881 994 3
53 2136 3
1744 2287 3
699 809 4
1409 1476 6
1368 2114 1
364 1701 2
706 2684 10
1419 799 3
2843 1199 1
258 2193 3
148 2220 8
341 2715 1
531 2436 3
1787 106 4
1862 971 8
111 2041 9
1780 2890 10
2322 2647 7
1984 2266 3
2566 2145 4
2585 2373 8
1089 2793 10
926 1253 6
747 1212 5
1207 931 2
868 1466 3
2542 536 8
554 398 9
948 343 2
1811 2563 8
1730 1274 9
1918 1956 9
1885 569 6
1348 2989 2
1021 1910 9
2040 1247 2
2433 1061 5
1198 1550 3
324 796 6
2296 1213 4
1475 374 1
2536 2309 10
2458 2234 9
2251 2728 1
1123 1076 10
415 2115 8
382 2753 4
1542 2948 8
2051 1157 7
2878 2084 1
2238 1181 9
261 2433 2
791 921 4
2786 29 10
1328 2112 10
1099 2369 3
2226 204 8
1663 2936 6
168 652 9
1464 2916 8
389 988 6
1834 77 8
582 1721 7
2496 143 10
2250 1268 1
2755 555 9
1238 91 5
607 2927 6
1033 1088 5
1324 2344 3
1620 1365 1
921 458 5
2939 1395 9
2042 2680 9
1894 1525 7
1851 304 3
2947 923 7
384 1224 2
1913 2044 7
332 1269 9
1102 2131 8
1096 2492 10
1339 202 7
1344 894 3
1203 1392 3
958 1583 7
691 1825 8
1754 2072 9
1077 987 6
2128 1484 2
2488 178 6
2259 2306 2
1666 546 9
2061 2074 4
593 381 6
2166 2661 1
2781 1767 5
748 827 4
2696 2794 5
1934 1705 7
1441 2348 2
1142 1265 3
1044 2612 2
1960 256 5
2148 1538 4
2065 1401 10
392 470 6
1933 2834 1
1150 2260 8
2201 1584 7
2849 617 1
2557 2036 5
2865 2987 7
2092 1043 2
347 1336 6
1505 2746 10
2027 971 3
651 2314 10
2819 496 4
1863 1849 8
1550 126 7
389 1000 8
2881 2992 5
2302 1693 4
1546 76 10
1722 2958 10
2929 2964 1
1677 492 6
702 637 10
1153 1644 8
1491 58 9
763 1342 6
2726 2173 1
240 1155 1
2704 414 5
1635 2823 10
1887 721 3
1589 1430 6
1267 1925 2
2140 2222 6
1517 867 2
1779 141 4
2712 982 4
2501 1417 8
1579 2785 9
166 1863 1
1122 1900 6
2998 1119 7
468 2832 8
1373 83 1
2813 2993 1
797 1027 3
2798 856 10
1393 1330 10
1064 1554 1
2083 1736 6
2615 1891 3
2580 1432 8
2085 2332 9
2548 2807 2
1143 993 7
2892 2415 4
1501 403 9
1901 2245 1
1165 1646 5
1524 2302 2
2371 993 6
2590 1452 6
554 1389 6
642 1547 3
194 2159 3
993 1183 2
2018 2417 10
58 441 9
1906 1235 1
225 82 4
454 2144 3
1241 1091 5
250 2383 10
1606 786 7
1231 1860 7
1499 1356 5
2765 2672 8
2871 2454 2
1870 535 4
2946 1315 6
1835 897 6
1838 236 9
1019 1755 1
2554 2987 10
2870 338 7
28 848 2
1056 2865 4
1989 2032 7
2642 1228 10
2154 2076 3
2814 1026 6
2276 319 4
2614 1458 9
1176 1063 8
495 2487 10
2139 8 6
1489 919 9
1223 535 8
1562 556 3
465 2214 9
32 2236 9
2931 2442 6
2908 2741 6
1823 1283 2
442 2713 4
2503 578 9
2907 1773 7
2085 1627 1
1501 592 6
630 133 3
2689 709 3
900 2873 1
1829 1462 9
1446 648 3
2905 2675 8
2227 2195 8
1098 2607 1
2050 1852 10
1534 987 5
2417 471 8
412 2949 5
329 2334 3
2758 405 10
2841 1912 1
2925 2579 7
936 1184 5
1911 1884 5
2330 687 2
2417 18 1
2659 1939 6
1794 885 2
2031 694 9
2966 1702 6
1803 589 10
1700 379 3
549 1116 4
617 2625 6
2300 2178 8
2059 2204 2
1987 2357 1
337 2068 5
2547 64 9
2739 1482 2
2467 2854 3
2247 2253 8
2643 1429 10
533 2982 8
2760 2177 4
1922 2012 4
2364 1561 6
2434 1140 1
1209 760 5
2136 2602 10
2023 1525 9
1571 1177 8
43 422 6
2692 1117 1
200 417 2
1757 1163 6
105 2670 8
2940 137 1
82 1329 4
276 2686 8
2336 129 2
1784 414 5
34 1131 10
2469 2505 8
2365 810 3
227 244 5
2388 1067 4
2533 569 8
1632 1618 8
2160 1902 7
1566 1972 3
1928 2613 9
2515 1391 6
2038 2693 2
531 493 7
1162 2323 5
2650 1871 10
226 960 8
1359 1791 8
1058 2020 4
1866 615 3
1469 658 8
1517 2775 2
325 1835 8
1557 1101 3
133 1639 10
1671 609 1
2477 1873 9
2577 2920 2
1257 1559 9
2544 513 7
583 2352 10
2158 2284 2
2496 1144 1
2959 1802 4
2288 1761 2
1857 317 10
2845 930 3
844 369 3
2666 278 9
1074 1688 7
367 1858 3
2014 1416 2
24 776 1
2517 1368 5
158 1802 2
1781 2046 7
29 1834 7
2829 1048 4
968 2186 4
2105 1277 7
429 2556 1
1449 1800 1
1728 1137 1
714 1670 6
2278 2375 9
181 2159 7
1310 489 10
2453 1959 2
2146 1860 9
1553 322 4
2955 1532 10
2199 2608 2
2787 1425 8
1456 190 10
1994 2030 4
1386 2458 10
1350 2099 4
1098 2663 4
1248 1593 6
854 1219 6
2263 2106 10
1809 800 4
1355 1657 3
2965 1755 5
228 1996 7
2782 97 4
1018 2258 3
1377 1492 8
452 17 3
2620 2941 4
2582 344 10
606 2428 10
2591 1478 6
1265 684 6
1449 2446 8
400 1285 5
378 1859 5
1490 485 9
1055 2242 7
531 2778 9
938 2028 7
1606 822 3
2862 1930 5
450 252 3
2495 1052 4
1013 930 2
100 2729 8
175 1574 1
2532 1576 7
1097 1731 8
1394 1422 5
269 446 7
2151 1507 1
1161 1493 5
2212 552 8
463 120 8
654 2480 2
773 2356 1
883 2231 7
2578 1716 5
504 2026 5
2760 2600 3
99 2192 6
12 1842 8
952 2169 7
138 1612 6
618 1070 3
2888 2550 8
2634 2000 2
2801 2200 8
2619 606 9
1723 453 3
1329 1190 2
595 2196 9
1633 2392 7
1530 1634 8
2315 1783 3
2946 737 6
540 2656 4
361 2246 8
1996 1281 7
1680 755 10
478 1605 6
2198 754 5
665 1530 9
1279 1663 1
1670 2500 5
629 1743 9
2342 1388 8
1246 323 10
1188 249 10
1010 590 2
2275 981 7
705 836 1
70 331 1
1492 241 10
1414 1616 10
946 2483 9
2759 937 2
833 1236 4
1596 2917 8
1660 1518 10
2493 1221 7
1220 299 6
910 1011 3
502 553 1
229 2200 10
1124 1975 3
2027 2466 7
2970 2241 5
1969 2796 6
1385 2056 9
65 1361 1
1321 2752 9
1380 2899 3
1513 1830 3
1076 2451 2
1869 2581 10
1521 738 8
2950 564 8
773 2091 4
1865 780 8
2820 751 4
2406 512 3
1254 1587 2
363 2722 1
1632 1651 3
56 1007 7
1477 1195 6
1604 2240 2
2434 1503 4
2658 1943 10
448 522 5
2194 1538 1
929 311 8
2439 666 9
1519 402 1
1782 396 10
2414 439 4
774 2224 6
2792 2662 9
1659 231 5
1734 186 1
990 205 6
1269 327 2
1178 942 5
1438 1060 8
743 814 2
482 336 2
1932 1146 2
1167 848 8
182 2937 5
458 902 5
624 340 10
481 1695 6
227 2707 10
779 1376 3
693 1455 8
543 1710 5
2627 1999 10
2487 32 7
2725 1737 9
1062 1133 3
416 57 9
2591 2412 8
847 1231 7
528 861 7
669 2524 5
146 2064 3
561 1945 9
1901 2809 10
711 2259 8
1340 2750 9
1972 1730 10
31 2486 9
245 2579 2
1275 2392 5
1805 2852 1
838 1992 1
1277 1331 6
419 1133 6
496 2225 6
1423 2844 7
1876 667 10
2060 1661 2
1945 2889 10
2307 2777 2
206 2425 10
1250 1686 2
226 2271 4
865 2174 9
599 1179 8
2331 1841 10
2256 2341 9
1643 2394 7
1595 1973 4
1057 899 10
1617 2440 1
722 101 2
1306 953 2
1240 2249 6
1509 163 5
2326 1323 1
2027 2530 7
1357 1222 8
1403 1837 7
2823 305 6
1532 1067 1
1057 2941 8
659 122 4
518 387 6
377 2984 3
1620 1747 4
2444 2483 1
1165 2688 5
607 394 6
2833 2636 10
1979 1988 10
1839 1893 10
1661 2817 2
2538 310 3
2773 1166 10
1939 1841 2
804 1013 3
366 2104 9
211 1970 1
2184 455 10
2803 817 2
2575 160 1
661 157 9
2747 2609 7
336 1060 3
713 152 5
2449 2065 2
839 843 5
1116 277 8
1393 2617 8
1054 1131 6
544 1153 4
1055 2144 2
790 715 1
2524 1673 9
428 1529 3
243 1598 2
51 1733 10
1011 1510 5
1582 1398 2
999 499 4
78 1480 7
1208 806 9
209 2668 7
870 1764 3
907 1413 3
1482 906 7
2631 1512 4
272 210 3
388 1692 2
2962 501 3
2337 547 1
1930 1287 8
679 479 8
469 466 2
1242 2262 5
566 903 10
1014 1400 7
1370 398 5
1847 2272 10
1505 596 3
519 983 4
2471 2268 3
116 704 2
1152 1724 6
1544 8 1
1764 1759 8
1978 1720 10
2626 2726 4
690 377 9
915 2676 7
1443 199 7
698 128 6
2502 2358 7
2651 209 9
1718 512 7
215 1957 9
2422 2380 2
441 1536 4
805 262 9
1558 264 8
179 2390 9
413 188 10
665 1575 4
2324 2980 8
2490 2004 6
1457 1473 4
1127 2754 1
531 2658 10
947 2013 5
2374 2259 7
1018 1773 2
282 445 2
447 503 8
1407 877 9
2644 2938 2
488 1086 6
2510 2086 3
1737 1529 3
662 86 9
1146 73 9
1087 390 4
742 831 5
1940 294 5
851 463 1
2019 701 1
2747 2233 6
2755 1480 7
2210 1500 8
580 1025 6
2007 2848 4
1405 1544 6
1257 366 3
1065 2559 2
863 1622 4
2429 1238 10
2399 1754 7
2606 2393 5
1793 1812 4
2289 896 4
1083 1835 4
2020 2546 4
217 2303 5
834 1607 8
1278 1031 6
2064 1499 5
1689 2808 9
879 1297 6
1515 1306 10
1242 992 3
1102 2197 4
1908 2352 5
688 1827 3
1276 1387 4
828 1637 4
1941 1926 2
2842 855 5
2273 1619 3
1689 2096 9
1611 1969 2
1580 2802 10
345 1628 6
2733 391 8
734 275 9
636 1230 6
1230 1261 7
951 2711 6
2879 2951 6
781 727 3
1698 2461 7
2123 94 4
2846 1675 1
1363 1860 8
878 2348 6
2499 1526 9
1852 1691 5
313 424 6
1345 981 4
1137 1008 4
2481 2455 6
1604 2772 9
2812 1968 8
2194 2846 7
67 170 10
2217 1065 4
1111 1064 6
77 1866 10
215 598 10
2202 2395 1
2521 850 4
2557 927 6
1507 1338 3
872 1151 2
810 98 10
196 1626 5
1187 41 5
2217 875 3
2502 338 3
360 499 2
1608 2002 1
2108 1285 10
2372 1884 9
470 2798 3
869 335 1
826 461 6
2682 728 9
2180 2690 3
117 2353 8
871 399 8
2890 1197 5
776 782 3
845 668 2
90 1082 10
441 1857 1
1005 1445 4
1030 1303 5
2822 2360 7
2009 2397 5
1699 1273 8
766 588 7
2681 2026 1
1742 438 9
2555 2708 10
91 264 9
2628 1610 7
1582 1095 6
1162 2820 8
2838 2520 3
1641 655 3
2185 1998 1
1735 4 6
2539 764 10
1929 1205 9
2914 1546 10
2196 753 3
898 841 2
1104 560 10
1879 1556 1
41 1291 1
2595 1844 3
1888 2802 10
247 1733 1
2933 521 7
2922 38 4
1484 1341 8
1299 2109 9
788 1118 7
904 1951 8
1237 459 1
2163 1831 6
735 2981 10
704 302 7
510 1986 2
1961 2657 8
1934 2618 10
2558 2570 5
1672 1017 9
759 1827 8
2348 1497 9
2147 1258 3
1218 2875 6
1396 939 6
2873 3 9
1788 2826 1
696 367 4
2674 1471 1
1434 2889 9
1751 1962 4
84 1726 9
1610 2342 3
913 2920 1
368 1777 8
1096 1352 3
2442 2527 9
639 426 5
681 1703 10
831 10 2
1983 1159 2
1506 2732 1
2673 2102 8
2867 402 9
2075 1754 4
1494 1823 10
617 2542 6
1966 929 5
2988 1704 4
2058 2783 3
784 1714 8
1954 2621 8
2315 1015 1
2032 225 7
2228 2923 5
1374 2648 3
492 1980 9
188 1363 10
2999 1245 8
1049 216 4
521 1660 7
1667 1433 5
375 2216 2
