3000 2998 1000
1530 1465 717
1169 607 680
791 559 720
1794 583 965
2594 1007 724
1403 1742 59
1039 232 817
1526 2900 965
270 725 887
2782 2520 970
17 1061 431
733 2252 984
2518 1237 871
820 2976 525
1387 2461 483
275 721 20
18 1972 13
1499 905 329
786 930 375
1532 922 138
2194 2558 519
1286 2542 599
955 1199 270
2391 551 731
97 1313 949
2809 73 904
1627 2612 976
612 1970 789
2357 90 505
2540 2095 914
1955 1134 470
2731 899 656
525 2741 919
683 1420 526
1441 2874 579
2109 1904 713
1086 1983 482
2445 2484 232
1262 742 60
2433 1902 290
555 2049 743
748 2198 941
2966 1042 620
1486 1077 681
1843 459 834
2059 1869 569
2338 376 951
466 2324 519
72 2768 916
2584 626 225
2204 1334 972
104 1059 635
2913 807 926
344 685 318
1548 1419 780
271 2217 872
427 2714 817
14 426 526
2605 127 256
239 129 317
818 1899 301
676 1823 275
1635 2201 469
1004 1502 433
715 2056 474
128 1849 882
2734 1911 669
865 360 673
2500 2328 561
1702 1024 575
2770 33 808
2112 2472 424
2692 2050 488
469 2563 347
2153 281 421
2311 2860 627
1974 2649 360
565 1768 683
2017 1557 501
901 2065 773
1391 2766 174
2525 1449 535
1161 1708 277
917 247 883
1186 2029 976
380 2660 764
2514 2697 388
503 184 23
2859 1950 332
377 1339 306
737 2575 907
784 1011 357
1212 2897 258
993 1632 573
1607 1385 417
1135 2231 683
2238 2811 66
2964 219 988
2350 502 358
2519 1555 777
2280 1758 157
1572 1729 572
1038 1040 376
241 729 617
2975 2466 754
2419 2511 606
1643 2835 45
2694 155 46
2420 1471 63
31 2367 391
1460 789 437
2283 2561 782
2139 14 89
2359 2557 142
2065 2024 691
1085 529 393
2562 953 722
1167 254 548
2896 1589 591
350 1701 593
1908 2702 759
2620 2210 331
587 980 972
1803 993 318
2400 1384 217
12 454 163
2974 1147 283
1489 1172 851
2908 1374 734
1524 352 710
1844 2418 625
1613 2585 224
273 2360 840
2156 2830 291
2051 549 478
2933 2817 40
923 623 408
1421 2262 291
1877 1684 521
1405 1807 343
1891 2153 15
1831 1701 277
798 2902 432
1638 2825 499
2145 16 633
1318 840 632
992 1870 149
25 1487 522
368 2982 380
2127 449 198
2134 48 870
828 604 453
205 872 867
2411 1671 765
1954 2410 105
2165 22 969
972 1068 482
1045 2525 192
2302 2554 529
2398 2672 209
1414 1107 838
447 1967 273
963 2541 842
2176 842 915
1685 1829 883
1625 2485 126
2582 2117 347
49 1060 500
1179 2915 626
2046 820 734
2079 22 233
714 1139 425
659 486 468
291 471 385
2508 538 803
322 572 74
1885 2914 157
1306 1814 663
775 1972 546
1142 2423 537
433 2090 591
2252 37 456
1379 2075 570
694 172 681
2119 737 66
2333 1898 775
2861 2989 355
2028 1167 352
2453 1902 668
1188 2294 109
728 2540 128
2531 584 918
2090 2677 584
1020 2238 866
1744 243 759
2251 1750 2
2126 1326 738
2787 1788 677
2247 374 605
2658 1309 131
1154 2345 34
2329 1202 105
59 2000 792
2478 1707 675
1769 1298 274
179 1513 600
2929 1734 390
1946 971 331
1667 2505 93
1443 1350 549
1579 2009 829
140 2468 1
1746 87 325
2756 228 350
2688 1224 112
2226 2083 403
529 1230 453
246 1106 430
2524 2634 473
2745 581 661
2227 2275 722
2244 1363 202
527 2781 894
192 1256 145
2101 1467 787
2199 134 881
1871 1951 200
1706 1388 431
2695 2183 676
1694 405 760
937 1288 999
2284 477 848
280 2215 524
2834 284 175
1446 1994 887
2507 1110 826
625 2447 756
1302 435 119
1210 2233 988
1202 720 56
620 2686 323
206 1822 211
764 2277 713
1528 1095 229
1816 2159 70
257 2453 222
2912 218 56
1827 2445 249
15 2033 751
1506 282 350
1642 32 68
682 1983 150
2751 700 840
2052 2432 297
474 657 531
835 814 189
1958 2698 346
144 2216 390
1869 543 435
24 1715 775
2212 2991 574
2172 1264 538
2361 762 690
2146 422 182
2131 1251 880
456 547 964
2337 1615 410
2306 1738 191
1771 549 635
379 2962 374
2216 2831 420
1495 2272 925
2819 2629 961
619 818 285
2862 1415 921
1309 419 877
2296 2005 110
2645 673 786
81 344 120
416 603 342
9 2361 101
308 1102 167
1503 2598 679
911 2332 660
1900 785 666
2510 1567 526
1220 1853 187
893 333 976
1184 950 62
1221 2300 724
2749 880 666
2002 431 99
1091 1735 223
1125 2744 461
1207 260 278
1477 2376 135
457 909 617
478 951 41
2765 398 900
2412 558 93
1173 784 734
256 1646 36
1939 1705 262
2956 300 640
2848 675 841
1419 310 372
1834 2993 526
591 732 34
95 2713 733
2173 747 355
1511 1253 125
2924 2635 722
2916 145 589
1513 36 877
62 1331 602
1609 1653 427
723 1454 248
1836 1620 483
1168 2094 74
2666 985 280
2030 1316 545
1856 1586 227
2602 1047 852
995 1014 431
2440 2966 367
515 1501 310
2375 2175 866
1872 2680 104
2926 2670 844
1175 1060 72
1586 2377 707
2554 2405 732
809 2732 933
2393 253 227
689 1151 364
1342 1340 212
2724 2701 272
1820 2737 458
949 1428 322
2403 1730 787
2130 410 459
472 1389 69
2638 152 890
913 812 204
2632 267 547
2323 1621 923
508 867 57
581 2591 889
2210 2314 989
2536 2301 777
2208 763 955
2351 886 25
2454 1786 823
571 2339 58
454 2589 10
2279 450 32
2190 628 146
2181 2515 835
2654 2370 468
1513 1483 390
1101 315 830
2117 2952 439
498 2961 730
2429 1170 241
1397 2027 737
971 1472 47
2261 1436 183
2395 2032 123
524 1021 251
1634 2550 647
1256 1254 126
2915 2921 279
2464 1358 342
2555 1536 463
948 921 335
1062 1523 250
1636 2949 401
2736 1347 168
823 1978 950
371 258 709
2894 1412 42
434 1789 6
2147 2442 749
269 1539 637
2286 330 372
2470 1903 827
124 182 480
861 2086 504
1312 2879 946
2298 2363 511
1099 1133 316
743 1797 139
2458 2256 694
444 2764 243
891 359 708
959 86 145
2416 11 456
181 2133 392
1162 156 271
333 1030 849
2269 2321 86
121 351 968
249 702 364
385 1825 879
1612 2449 739
162 1103 783
297 1345 81
553 1976 408
1148 2290 226
2198 1854 534
1231 2573 493
2740 1691 936
1315 1335 767
962 2155 542
236 92 887
23 1471 688
693 878 231
1464 1108 662
2473 1260 900
646 122 387
1979 2838 537
171 2102 773
46 190 740
1072 1750 888
2748 1469 840
383 2966 356
439 1390 275
1248 2037 784
13 1198 326
2685 2636 29
505 4 501
1182 1627 500
1928 2971 968
1145 1455 804
578 1727 428
2140 1610 26
1194 2977 795
1949 2152 536
908 448 855
802 2898 844
789 292 124
2299 1750 980
2866 2815 205
1252 2330 798
678 1442 698
1005 1835 5
77 2750 911
1253 1055 232
2170 853 887
1026 679 40
1035 2613 271
758 1816 543
2399 2600 422
960 1838 247
2467 85 413
1326 1134 976
2687 640 592
727 2612 915
681 1278 467
2287 1520 342
1508 587 801
1738 1801 895
930 248 461
2049 1916 384
2340 1062 659
658 2608 3
710 1015 123
1158 2691 417
219 1127 169
195 2342 243
2336 1799 33
1002 2316 989
2288 1973 95
2962 2763 17
2368 1439 754
945 0 635
1368 356 108
2297 1476 922
459 1087 682
222 2742 342
2083 2659 29
1977 920 277
2682 1751 854
2354 1615 184
1960 2053 95
2087 827 440
662 2642 874
1605 2354 878
2232 2933 879
2 605 552
1094 110 19
2324 2070 97
174 1216 980
2450 2138 976
1351 526 786
1240 98 792
645 513 170
2643 2015 594
1313 1543 897
771 848 921
2840 464 495
2732 2189 729
412 317 269
1704 1213 637
2277 2186 860
2355 321 942
877 991 301
759 2275 358
1412 2751 327
2356 2670 335
1807 346 628
843 2990 531
2229 1609 485
459 1459 694
1149 2413 246
428 2025 366
780 1671 749
489 318 986
1476 852 576
1071 752 362
22 1153 840
930 2087 319
1057 1619 575
1378 2974 151
2828 1308 186
564 1649 402
2293 2601 705
1774 1442 540
816 1766 577
797 2629 665
169 54 528
107 2162 340
435 1434 383
2479 1654 628
2992 1276 642
2942 838 687
592 324 827
2482 1200 256
1229 1043 349
117 135 233
1171 2596 273
2760 1060 390
1785 1969 602
281 2041 424
2619 1230 919
2586 1635 589
2559 1785 508
2845 343 832
642 1275 244
1716 212 15
418 2711 323
1935 2461 915
2200 2164 287
267 1486 825
425 1931 784
2408 684 635
1028 669 77
729 1566 609
855 1009 838
1178 1219 438
268 2088 149
459 2722 389
2083 2456 88
200 2882 987
1658 2649 166
1077 1930 345
708 1582 574
1204 60 21
1249 1368 55
563 1675 684
2415 1589 838
1839 1137 162
1677 347 262
389 2936 914
1424 2062 310
2222 517 342
1117 2640 564
486 148 52
1699 2650 50
1119 2793 294
1114 1824 633
2193 2448 483
2370 175 57
1484 2996 56
1246 487 42
2919 2899 677
340 1956 708
1255 1550 389
143 1320 400
2597 1279 387
2141 7 560
263 1273 792
2012 1433 481
459 1711 632
1100 2214 238
2726 2969 925
69 1629 198
445 2197 470
2067 817 568
1468 2488 378
2099 1989 163
762 883 588
1213 1100 788
2220 1686 706
985 2821 811
2556 276 378
762 2120 531
2997 2011 260
2185 1172 219
2008 884 473
2334 2646 846
500 2413 182
1115 2578 480
2035 1696 843
2813 1539 730
207 2614 13
1544 2625 726
2590 1260 172
2493 1573 936
2068 1862 230
2378 2732 916
691 2348 707
2219 2146 247
1442 1354 105
1157 2721 377
153 2441 11
2629 445 762
2157 2997 339
559 2131 657
1406 767 404
1846 2366 347
703 28 687
101 1728 478
2272 2818 654
602 817 910
2469 918 525
787 167 410
997 2161 702
91 1804 453
2295 352 363
589 856 606
745 1141 661
762 938 825
2936 2381 310
1285 1322 523
2548 535 874
1810 2203 520
1982 580 194
2572 2870 1
1478 649 899
1319 259 293
1653 2106 313
2842 2672 639
1359 451 120
2957 1689 295
1748 1625 266
483 2291 252
2847 1074 749
2851 2631 947
1782 588 562
2812 1974 434
1988 280 73
1751 1683 105
1895 2843 468
1654 2313 948
1103 239 265
2656 2655 113
1660 2994 6
1052 2875 709
1141 1814 871
1009 1090 9
1515 296 2
794 2956 748
776 1242 508
1078 26 340
2825 2754 577
1041 2259 412
1272 2636 842
243 1878 126
295 1309 491
742 2246 995
2049 1407 201
1886 2191 988
1083 482 907
1243 723 896
2634 696 671
2930 2774 582
2512 1653 830
411 998 142
16 841 483
1800 2974 622
2693 240 673
1903 874 225
2867 1578 519
2367 376 959
1860 2349 503
1762 1054 190
2328 1614 440
1465 1556 116
1282 1338 815
729 2444 201
2310 375 276
2860 2038 754
1450 1311 443
56 601 1000
907 2225 207
2407 1982 109
349 2822 112
916 1693 598
7 63 857
2791 100 281
2491 1584 208
1792 88 964
2907 1003 75
2292 1012 835
1482 2919 161
2097 1369 722
1533 1095 652
926 2552 510
2169 2127 342
2950 2317 998
2275 323 441
1675 2588 343
1244 2708 38
700 2998 557
590 609 411
233 1685 788
746 1224 678
1732 1840 694
1661 1641 447
1191 635 996
2539 2392 334
1209 2636 397
2925 1601 449
979 2062 181
654 1401 825
741 2135 311
1323 804 450
115 550 854
468 2177 622
593 918 568
598 2807 640
1172 1874 528
1910 66 412
2496 1166 852
262 740 499
497 1493 887
2013 275 214
1870 523 745
328 1834 555
2076 2926 639
845 2096 429
1668 2110 530
2652 2639 164
2447 1568 330
750 2775 416
1576 348 107
2796 632 73
2660 2707 725
2060 345 673
2178 863 55
1867 1569 17
1147 2010 822
1200 2788 831
1108 51 130
699 2192 330
1788 2935 317
2125 2911 880
2347 756 203
1985 2107 105
2312 2749 430
392 2439 628
203 2627 404
1060 1713 672
2020 699 568
1241 102 795
362 1660 291
1054 1475 543
1267 582 81
320 1158 573
405 1002 849
951 1654 916
502 803 434
838 101 451
1000 1907 635
1017 1133 93
463 922 874
2492 2239 251
558 13 276
850 1777 130
1257 2317 222
231 1514 485
2910 2517 934
2460 364 558
2422 1484 652
1639 2175 43
1654 842 363
1388 1755 56
526 1724 597
157 692 987
1320 496 812
1185 2289 963
1081 1427 987
2871 1352 353
254 249 769
2077 1391 675
2989 515 27
1050 1662 265
1400 1921 513
298 2323 185
1819 1648 449
2729 580 122
927 1973 212
2928 1957 461
1888 782 71
778 1784 746
35 234 616
2879 15 778
695 2695 157
1692 2687 44
1829 2118 843
975 2550 145
2971 2584 238
522 2876 236
1669 1648 251
1430 1628 369
754 577 605
757 516 521
2944 556 532
600 2592 746
819 1448 572
2895 2798 483
1640 1708 946
1624 2366 689
2805 1214 555
399 1225 36
539 2678 45
976 488 987
1551 2971 814
1714 1672 392
1795 157 71
189 2979 349
1597 1670 228
866 1920 37
1431 1236 363
2772 2888 216
279 1671 702
2999 1592 494
1919 2618 773
660 380 711
639 2939 101
1447 2852 160
304 1699 381
2053 1132 349
1540 1142 259
1218 1445 191
1570 1880 3
1505 1535 415
2276 1567 957
71 2369 454
2535 562 232
156 306 256
744 1781 198
1845 1398 244
38 1049 451
1500 1497 696
1896 847 300
1196 2596 577
1428 1013 988
1610 342 396
423 2514 421
1491 1695 113
1851 46 13
159 2346 980
1126 960 141
749 436 525
1174 1922 704
22 1718 881
1617 2156 788
1626 1454 258
177 2906 121
1705 836 62
2917 839 820
686 876 684
1691 2193 376
1740 388 90
2537 1093 407
1349 592 670
2640 1820 771
1301 2430 172
773 1832 732
1051 1681 388
2392 1666 267
1897 1990 175
2680 334 191
2233 633 633
2719 1299 191
1470 689 899
1707 2870 100
697 2362 423
1334 2630 427
1893 757 418
2601 1394 917
1258 1170 597
880 2480 900
1523 171 949
1278 2853 118
105 1328 647
1536 2606 629
2596 2709 71
2747 2835 697
458 1911 657
2826 1258 685
2183 2490 985
2117 1855 962
566 1130 118
2158 1071 343
2827 888 380
1420 1171 483
649 130 836
560 1151 236
190 1217 460
172 2396 202
2397 2847 188
2806 1531 808
485 229 962
567 2111 952
2307 1274 882
520 2406 615
1598 1098 329
502 1561 163
947 411 455
1736 783 85
1137 1197 626
1287 2758 411
1717 2868 319
142 1396 798
1650 1167 67
2345 1512 170
2673 2320 746
502 2875 48
692 76 275
1399 1178 566
2316 653 959
376 50 34
734 2056 389
254 345 838
700 2264 346
367 1232 717
1758 1910 183
1560 1482 718
2455 2038 820
2085 619 913
2369 1654 997
173 1207 621
278 2566 836
67 557 316
2949 687 299
1124 2975 438
2545 2934 623
2137 2880 451
382 2705 998
1003 1487 901
2775 490 853
1837 213 138
1053 2733 536
1296 1291 720
2037 1660 190
138 1817 941
1546 1909 932
2224 287 264
1079 2501 505
89 2326 980
281 1987 778
1363 396 495
617 2240 333
1703 2968 514
1752 1116 979
2629 1065 13
1075 829 392
2056 1616 361
2192 1527 361
2114 1925 423
2623 452 13
986 178 3
2133 2501 963
2048 1712 157
2021 429 314
2054 408 658
329 2089 143
526 2135 361
2290 810 519
1963 2959 922
1518 1573 547
1193 1160 119
170 2607 228
1522 2179 149
946 400 971
1352 1036 118
34 2779 332
738 2555 651
2234 2753 199
82 867 593
2235 401 148
2339 2985 449
2872 2154 768
83 1881 801
2203 1693 351
636 34 489
2124 1716 121
1383 2850 969
1001 694 660
376 1677 778
576 791 589
1152 1317 360
1715 1090 833
1327 482 514
395 1096 594
1644 1964 119
438 282 940
187 1673 554
1487 1779 716
1427 1806 503
2789 1110 783
1760 2063 899
618 1346 877
2781 1606 830
1278 1339 484
871 2233 759
1804 2055 437
698 2626 550
789 1945 937
2849 1188 689
1789 1923 966
643 1927 110
1263 531 779
1321 1281 250
2128 2577 582
208 582 318
2267 2344 179
1106 2932 566
1961 2534 1
870 2680 738
197 1811 876
2661 1854 995
1799 2549 806
332 2832 5
2402 2768 651
2018 2332 956
155 2483 567
2151 2833 506
2779 154 798
2487 1061 858
1451 1449 763
2110 2400 935
1371 1594 368
1479 697 193
2965 2234 93
2705 1032 583
316 222 132
1265 119 873
956 1618 473
542 1376 835
111 165 441
354 470 201
1747 1496 564
2766 1116 370
32 1665 581
970 1468 690
2435 100 928
796 252 966
655 1580 775
2764 1631 756
2947 2644 893
493 2026 826
351 310 474
989 326 385
730 1599 583
1448 1239 391
1369 1629 334
2215 1859 758
2931 1289 191
583 2404 571
452 624 978
570 2841 74
0 2016 161
1536 2034 94
1659 729 15
1796 1621 171
1015 2074 83
1216 2322 242
2143 2472 427
1680 311 999
2898 506 244
1776 2652 200
831 2187 4
1276 1630 173
1681 549 727
176 576 801
1462 2250 543
704 1590 632
1869 103 659
230 57 351
1382 1031 717
2905 864 461
2003 1064 118
443 1022 540
607 421 229
1824 2663 301
1822 1741 826
2601 1165 292
1203 2502 230
983 1226 824
283 1538 100
1276 2469 436
501 2924 594
1442 247 423
2626 1890 632
2528 707 392
1705 875 406
2526 1556 107
118 417 981
2922 1371 583
1298 393 879
234 950 880
1487 1260 417
1980 2241 477
21 141 876
613 2143 199
110 1060 294
2362 40 181
1950 2793 766
739 1286 908
307 634 400
1917 250 718
378 2427 861
2252 1533 4
213 1587 180
1131 1833 849
2218 467 128
2394 1780 764
2166 1347 941
450 1189 530
1555 1409 838
2599 1592 293
440 216 425
394 612 972
1490 579 629
611 2649 303
1730 2983 484
2888 2900 912
2785 2564 191
914 1088 482
2681 1504 662
1088 2319 518
1068 2613 39
1841 2417 312
495 1574 904
2289 779 601
2196 1942 687
2868 1006 769
2941 2879 371
674 1883 583
890 2757 502
2044 2271 748
1759 454 10
1829 363 530
229 1722 173
2860 1177 358
1902 2421 733
807 751 862
669 868 824
2761 303 901
1739 39 876
999 982 103
1815 1968 79
2860 2380 736
1413 2529 955
2325 537 92
1529 684 223
1426 437 915
1569 590 165
1743 2767 978
2566 1753 906
980 2611 502
856 1992 941
538 136 323
1377 238 69
826 203 880
1192 1266 167
2164 2122 954
1118 33 380
288 546 808
1730 1652 668
1632 2823 233
185 680 935
513 2647 265
735 2777 415
2864 904 19
2260 2490 880
1749 2808 463
2063 902 30
213 2452 995
409 1154 772
1224 615 797
1016 1166 919
2571 2575 263
1964 355 259
2691 2948 145
1458 2243 336
1269 223 438
168 275 960
1206 1912 173
977 427 598
2701 1827 819
1089 2212 939
2121 2545 257
1629 453 902
2447 1453 653
1918 1655 885
1183 618 225
707 1879 206
675 1857 925
2914 1809 758
1662 2810 242
1236 575 600
1697 151 9
859 1296 217
2515 1966 37
766 573 649
2668 1944 273
2753 2188 697
2045 305 189
1952 158 967
1673 1283 803
1366 875 581
2503 2946 576
1144 912 153
1750 2799 29
1344 2564 562
1309 1893 853
1170 431 6
2650 688 329
1439 1517 715
830 596 833
2802 18 990
2690 1334 890
2649 2718 488
1811 2842 508
1227 2273 107
1223 386 480
1022 2749 865
2592 1644 260
2486 274 539
1726 2754 627
899 1066 38
2349 373 210
790 38 822
2561 2397 264
2938 57 472
2159 1749 625
164 43 55
1138 2650 848
1011 2675 491
2978 290 708
1927 2903 661
1392 546 540
2504 1374 198
2665 2304 452
2567 953 532
2495 903 189
1293 532 766
2516 1261 247
1454 2481 119
982 605 753
315 2717 365
1678 1058 936
1190 2092 143
2521 2267 457
912 476 329
1799 441 516
1398 1046 18
2803 257 617
2080 1461 964
1986 2015 469
410 2857 133
1542 1371 481
2236 1248 584
2019 1480 140
2653 2935 522
253 1247 696
632 1430 951
2904 2716 732
2915 2381 45
2335 2268 866
921 2730 231
2250 2406 428
889 2873 977
1903 1044 861
631 837 412
129 770 486
657 2801 844
957 1035 831
2655 2698 75
1725 2359 675
54 2945 370
398 1905 341
1313 2733 14
66 2652 833
2708 43 936
2979 2547 573
1069 1892 168
928 2318 499
551 2612 35
1313 266 60
2649 1852 37
2123 2531 228
429 2608 272
1308 398 686
2072 544 413
1172 183 100
621 1290 252
2100 932 332
451 1154 336
1146 72 799
1061 53 376
579 2858 983
2406 857 1
2577 879 47
1362 1626 387
160 2522 730
1320 878 379
2644 727 449
1596 1098 122
1670 78 485
1234 703 270
2249 1792 244
2096 1537 252
1275 1550 277
2822 2816 149
1567 2386 795
1876 564 999
1310 1893 222
900 2115 355
1761 2075 119
300 235 167
2371 629 770
2982 302 420
1361 2593 346
1510 1370 878
2497 1339 247
229 2595 129
950 1676 943
2714 1614 308
28 1235 103
512 2672 279
2705 2871 863
1991 2543 614
33 328 714
1290 378 290
2939 204 222
1545 1104 590
1927 2020 803
2883 27 954
2608 2221 641
1673 2022 953
2144 2727 648
2262 371 51
337 1505 78
2318 1258 70
2485 710 6
2576 1449 570
1322 1263 149
904 72 551
673 608 684
1341 1095 746
898 980 639
1018 2054 330
471 872 213
2890 760 937
259 2441 327
2266 372 74
2499 2383 635
2532 143 129
1592 1781 198
141 2230 995
122 2527 113
1160 835 890
2641 2927 14
2737 274 720
1208 1528 661
2767 2363 576
426 1019 734
2248 304 391
1861 44 961
2614 1297 630
1934 420 517
133 1883 701
1314 554 573
884 1765 616
918 1974 146
2095 519 446
1348 522 553
426 57 415
910 29 864
1256 2047 919
2914 1525 284
1653 1933 974
2621 2257 248
1951 316 895
1224 1600 582
2062 1106 416
507 2308 464
2996 1437 129
2569 1478 37
1902 429 49
2628 81 756
1687 1564 860
2579 1027 273
1067 2737 941
601 552 413
1156 2745 432
577 1418 940
931 2563 807
0 2887 450
2082 816 20
244 2329 949
2898 2565 48
2256 2763 653
2534 1940 855
752 2385 977
1899 846 750
343 202 742
2820 1284 519
1591 1406 152
1892 2968 264
892 719 990
2959 718 229
1225 1382 326
2509 117 46
1637 297 245
2783 163 548
1324 567 76
360 1480 676
844 166 786
2207 1180 659
455 2086 260
20 2696 333
2637 417 374
212 2432 971
1870 2300 445
1037 1742 195
824 384 990
2764 170 555
1473 1368 324
1337 1444 670
391 125 861
1134 928 39
1735 1376 678
1390 2536 341
2358 760 191
152 1770 302
369 2146 517
481 759 547
1519 1270 253
1367 52 73
1438 210 608
2973 315 718
627 1216 626
4 816 931
961 2399 578
2698 471 536
1155 1084 931
145 2462 991
1780 486 242
640 2741 979
526 2455 87
2105 1680 347
2303 1240 796
2240 267 289
1007 435 754
52 1592 813
359 509 960
1040 947 673
2625 1968 692
408 2548 372
1106 2165 880
731 1915 766
61 970 162
709 2686 687
2967 1374 788
765 952 723
1356 2885 206
1763 2207 820
2088 2786 910
1476 1963 222
2471 1150 447
2612 677 273
1828 1760 93
1163 1259 591
404 279 998
372 1640 274
2107 2877 515
1802 1826 880
965 1709 507
2428 925 214
149 2731 578
2159 1639 996
528 2422 242
569 1807 151
1291 16 141
1277 521 904
2790 2476 16
1701 292 435
2869 2388 287
2434 2040 894
2949 1463 774
532 2856 181
381 796 729
2825 301 746
651 2678 711
210 462 651
1358 996 413
1129 238 52
1750 2035 865
2425 114 376
1140 2263 122
2800 1593 102
712 1350 491
1123 1995 590
1372 2743 754
974 1775 863
2598 1801 232
1767 670 434
2918 1128 7
2994 968 914
1343 1559 422
2768 2767 887
2710 1602 402
1943 2886 686
1594 2616 49
2626 1192 892
2290 358 251
2039 2593 2
1648 1634 757
2538 491 565
2036 130 565
426 2104 569
2007 1362 254
1130 1415 709
2025 2489 185
1682 1195 986
940 1510 825
184 1375 696
1136 2865 73
1060 494 232
2401 2512 169
253 1120 485
1645 2132 434
906 602 16
2091 1887 989
94 1720 978
258 2127 130
26 2964 914
2752 2552 332
897 1519 891
1034 647 600
2065 319 434
2000 2552 756
2557 1810 982
190 1745 394
2179 570 870
521 349 604
2273 785 503
2237 1580 169
1088 2243 906
2187 2200 37
1346 337 734
1784 544 715
1772 713 198
1808 365 732
2215 552 551
2465 1754 168
1024 1425 696
1105 1752 725
2349 1379 142
606 1372 827
2430 326 103
622 886 773
299 2440 973
2764 2409 524
2601 1057 382
1976 1996 892
219 1618 436
2902 265 431
980 327 744
753 104 874
41 825 949
1411 102 431
573 2850 91
1137 2207 984
2096 157 80
407 2910 622
1298 413 536
1883 417 651
2418 1697 363
2762 554 354
2979 536 281
2575 2986 69
2447 2027 479
952 1097 764
1599 2855 398
92 1787 376
2860 485 303
2993 2457 605
375 381 123
2542 2004 301
2881 2884 90
768 2562 630
641 461 698
116 2676 709
2382 974 798
1786 2395 565
2564 2417 594
1440 461 347
1199 2614 752
1200 835 387
1216 2965 588
2836 1063 186
1559 256 864
286 1539 774
2868 2821 383
716 2750 978
650 691 716
1925 341 273
2846 2647 14
1915 2953 153
2180 862 136
2216 1941 127
125 2710 829
1649 2148 524
318 2535 932
1305 74 728
258 833 663
2167 2648 119
2662 1944 931
1550 409 150
2056 2006 845
562 661 908
2732 1570 81
546 168 281
2160 930 140
1978 937 693
2159 93 765
227 2172 734
1010 533 81
60 919 143
1251 484 314
1873 2626 528
226 1583 607
1187 2772 122
755 2006 225
781 732 596
1304 616 422
186 1562 766
2837 1638 655
237 1121 163
2911 1356 924
2940 86 399
2737 2042 820
163 740 103
1298 2587 328
1170 1488 644
477 1521 678
2939 2695 421
1688 1460 457
588 1028 413
882 219 378
1150 2061 976
2530 2023 576
1832 1222 48
886 1294 749
1307 1608 42
2764 1720 758
2136 1799 316
813 2623 762
2563 42 361
1396 1214 704
1074 222 46
1993 2896 186
561 1205 946
2914 460 219
1655 638 194
1925 100 939
604 895 581
1750 2560 893
1417 48 605
574 6 621
2410 2144 591
1108 378 692
68 399 424
401 2438 488
596 2893 918
1352 1659 231
1311 1034 503
1088 1449 210
2604 2365 45
2360 984 737
1729 2261 311
1754 1099 988
2814 1222 764
1180 2149 558
30 130 225
2424 1971 200
1686 761 590
851 1025 46
238 2515 633
724 1830 956
2001 815 90
2844 574 185
2009 2180 771
260 1097 157
11 224 506
2578 1623 255
2593 2957 830
1480 1558 226
834 193 446
1911 370 990
2669 1690 248
1924 1350 498
364 2201 416
1789 671 130
432 630 335
2115 2749 819
1033 414 425
2383 1848 749
221 393 512
1989 475 707
285 2841 933
1061 2549 969
1357 728 111
1737 483 529
2980 1604 677
1298 2288 151
935 1381 463
2488 2667 777
1710 857 275
1502 1444 223
1393 615 559
1031 2527 770
941 2364 436
800 1414 974
1989 2202 770
218 2721 929
2700 2050 51
2541 1603 675
669 1797 558
1535 1939 39
609 1023 789
335 2633 486
2578 2390 164
2703 1205 768
2738 296 827
1172 626 280
2995 2071 445
2811 1642 724
442 45 365
1 2249 981
2792 2852 811
1332 1292 552
1504 1809 12
950 211 978
1386 1073 802
193 888 874
1956 1715 679
1751 788 54
1989 2492 74
1347 676 185
888 2254 543
1742 1723 708
145 1485 158
1469 2665 123
1641 1518 913
2715 904 66
1454 19 882
530 2282 28
2206 2966 537
1112 167 92
2253 497 858
2646 2551 162
277 1104 465
1647 2213 884
1077 2146 616
1316 1864 161
1496 2565 433
1595 1363 819
2274 2806 513
540 440 737
2721 1772 827
289 492 338
805 386 763
1466 2446 867
243 2071 73
517 805 517
2563 804 752
736 1519 661
2629 2276 958
792 2735 281
1492 585 651
314 2547 88
2304 944 776
609 654 988
209 1885 786
1373 2117 245
2270 2523 163
607 2683 861
2494 126 492
1712 1987 174
1507 2874 299
1531 16 642
1336 1647 168
1742 2225 955
2086 1279 217
1674 2002 599
763 2818 168
146 2009 148
2955 2162 936
2517 1768 307
2725 807 176
2388 1250 205
129 1109 94
2214 311 870
480 2784 595
1271 2184 805
232 1826 758
1812 1452 67
361 98 31
2691 203 816
2841 402 828
126 2715 204
623 939 180
55 1201 438
936 106 617
2427 1337 851
1416 1462 518
885 1657 286
1733 2307 423
448 2419 405
2593 1119 171
415 2635 658
603 1422 622
1029 482 776
594 637 226
2958 366 808
1043 2116 381
1415 2081 209
2642 632 271
769 1027 554
102 1562 115
1838 1909 619
2520 2353 568
2073 2684 406
2436 1330 723
85 2546 338
1593 1731 782
2843 510 72
1975 1812 412
2477 973 930
255 1076 547
2566 967 67
1902 1630 769
100 1113 83
2979 3 116
499 2281 383
2615 1446 653
544 438 441
1875 627 321
2331 2923 873
726 2769 183
400 1206 808
2332 1361 151
513 2858 333
873 519 714
605 761 340
1554 2379 626
1983 2943 317
2613 2258 101
2884 403 21
1869 941 516
5 510 913
1328 2186 256
184 1756 704
582 1866 29
459 733 793
387 2773 463
760 1921 256
303 1355 360
1751 644 341
2159 1143 309
840 1398 544
1389 558 152
324 2413 920
2064 597 249
1224 954 628
2874 2823 713
2498 2849 156
628 2383 637
1734 1954 508
2648 147 75
2758 2712 922
336 1261 618
2275 1608 198
1278 2087 988
2330 84 410
887 1687 248
2959 212 105
1494 2171 686
88 424 259
199 2654 485
479 2621 23
562 2692 476
634 2928 172
822 710 110
1675 792 471
348 1184 820
1549 1084 255
29 1318 80
1970 860 262
966 2583 355
2446 994 427
2475 756 884
514 38 649
155 2624 712
1102 2641 897
96 2680 173
2854 2664 811
1238 2951 136
1333 2045 406
1983 2285 516
2305 1025 672
1594 241 175
188 1307 783
1536 147 764
1516 1736 748
8 2303 141
54 541 851
1938 1629 3
1906 672 910
1764 75 766
1501 1573 796
2373 2777 196
623 2723 636
1398 1520 53
123 407 77
2631 1888 696
1853 1509 258
2634 2449 238
2339 2223 723
2672 10 532
825 469 857
609 1564 47
1111 2617 385
129 1426 811
182 1067 66
2065 553 687
1842 1082 681
414 806 914
1147 2746 109
2103 447 900
1539 717 218
1655 43 474
2835 2956 834
1835 1993 8
2686 2018 843
228 2393 403
1410 2441 216
1497 1790 9
2580 181 170
1651 128 623
1049 2622 565
2635 2849 717
547 39 660
215 64 975
216 2988 512
2758 1462 114
113 2944 309
1381 885 743
1751 1030 870
281 1884 217
2117 1913 370
2961 2496 385
1295 1338 680
1226 1130 121
254 327 783
1822 2513 302
74 1881 813
1082 1121 774
2774 1245 939
2600 1794 928
1887 2790 898
1449 302 981
108 1514 512
1110 194 691
290 548 690
719 335 799
414 1984 822
1054 1732 653
1998 255 63
1870 1145 506
665 2291 803
1557 2315 608
581 2384 530
952 2272 554
1432 1091 873
1104 2674 843
2308 430 40
1622 785 859
1073 1717 240
586 933 843
692 791 250
1793 522 362
1370 2794 2
673 180 159
504 1905 327
943 724 466
2201 924 684
722 853 556
1181 1837 596
2699 1365 352
1350 2474 758
2529 1410 977
2593 2155 932
685 1519 636
817 1560 518
953 2697 188
534 829 192
1439 1132 721
2784 2683 698
450 141 488
2092 2531 329
2613 2634 231
2427 882 714
1563 1783 729
75 1445 172
2900 1275 509
1280 88 23
2649 1417 485
1335 811 673
2383 2066 184
1497 987 180
2327 496 878
1211 242 757
1580 2817 669
2614 2387 559
43 1930 825
470 1365 156
2317 1763 337
491 1773 116
2544 1429 974
1967 1803 278
414 2601 610
114 2542 360
2781 724 332
675 2170 72
2773 2442 387
595 425 729
1989 1998 808
881 2335 987
1428 981 360
1299 398 438
864 2579 34
386 1468 821
1695 2113 900
2832 1742 39
1214 1544 897
964 1898 838
1573 95 462
2764 2795 208
783 990 631
2451 2278 629
583 771 632
854 1863 105
137 177 675
673 2111 493
1147 2362 393
486 2334 8
1662 1863 991
2969 912 874
2676 1231 265
220 1245 488
1452 2120 935
2304 821 346
1574 2963 814
1042 2516 183
198 2908 790
2461 933 174
2841 191 2
2909 2073 39
1777 2997 130
1107 1972 309
1654 1152 960
1964 131 715
473 679 316
1942 1100 870
2976 1846 107
2838 2916 330
511 292 906
2063 2088 630
2886 2764 100
1693 343 904
1298 614 779
1602 1788 239
2426 974 145
1983 2522 53
1480 323 341
1912 2839 548
1077 2977 218
2152 2491 386
998 2330 827
252 139 710
1571 846 707
2520 2798 835
1253 215 679
99 2679 352
921 2053 698
417 2468 465
2833 2129 611
2301 607 57
2308 2684 890
2984 530 935
1104 2057 423
1264 351 587
2138 2550 315
991 2471 292
1947 2014 23
321 1058 486
1025 2519 841
562 1273 190
2326 1391 225
1347 1759 439
376 464 430
1611 656 392
795 1435 697
2352 1690 939
1009 2244 551
2442 1305 100
533 1757 16
1449 917 923
832 1938 857
2804 390 754
2463 630 779
2613 2963 227
1014 554 452
2750 1353 702
1750 2677 294
129 2947 83
1818 1534 146
2563 1303 567
1054 1114 730
1965 1300 469
1920 2981 157
2316 236 281
2993 2984 314
2348 1527 824
58 2064 674
599 468 353
912 2762 797
2704 1111 838
2316 1124 121
2618 538 680
90 2296 294
2807 1331 403
2927 2750 677
240 2824 236
747 322 525
1968 663 674
1259 2063 530
2392 1096 462
680 1399 993
597 109 348
374 801 3
2771 108 266
2316 2084 165
401 1783 451
2728 2675 429
876 2072 83
684 154 950
2574 1700 916
740 889 614
2860 570 217
603 2630 693
774 2142 184
1237 1004 398
2448 12 925
793 1187 297
652 224 132
2107 330 835
2550 2402 837
701 2459 21
1944 2789 743
880 737 683
2392 2098 843
635 1332 843
2585 779 999
1899 1206 905
2205 2594 646
808 1364 356
942 2721 142
1539 2672 30
1320 2548 482
2954 207 353
2069 1366 806
2993 1257 151
486 2906 461
27 2736 311
732 1280 461
2829 2168 612
1654 1584 327
2732 2045 528
1929 903 223
2242 1245 875
98 1228 503
1898 2438 357
1024 2341 314
2523 1623 385
2617 2711 233
597 251 957
2214 772 283
580 2379 530
2891 1651 504
849 1597 443
1868 2262 215
1436 471 70
217 2797 484
1176 585 138
2878 2194 536
2320 641 721
2778 2605 682
899 2662 235
1514 1498 510
1577 338 713
985 2326 768
513 2724 957
752 95 137
1215 1621 946
1990 2141 429
952 1324 675
1586 272 640
1388 1948 503
1338 1083 313
782 1305 362
2833 112 727
2884 2865 811
1300 1114 563
1599 194 956
1575 1695 836
672 2968 449
1008 959 805
1593 1978 380
538 858 532
2691 229 687
45 668 913
1970 1005 791
2923 331 917
2376 909 137
2443 910 977
2154 2925 374
1493 1686 355
2241 217 944
2534 1076 713
1325 2351 216
2304 420 606
161 2017 128
1009 1757 307
2026 544 414
1709 958 497
2215 242 729
2797 2537 470
353 2014 723
896 2184 273
1150 1740 576
2201 2310 241
2884 1353 521
1423 1679 562
2214 2339 782
2897 1888 247
1830 2426 161
2476 1977 183
1738 2292 666
1621 2130 515
1557 1894 543
1415 1472 658
2755 2056 934
1649 2679 268
28 2753 806
2043 2650 805
2629 969 541
867 2386 914
2446 1499 708
742 166 281
502 2949 791
2533 1247 593
2031 167 623
6 1141 905
2209 205 41
950 2719 744
39 1808 997
1547 2128 855
2732 134 24
597 1084 463
1662 2346 259
2774 1456 112
669 2129 709
1698 783 391
2423 610 222
1388 546 211
2461 1753 339
2365 1802 881
196 2470 262
664 2914 92
623 55 913
679 1957 716
1534 2108 98
398 1063 729
799 1704 373
2732 1376 374
98 170 518
1202 2594 709
1629 1795 584
2502 1381 175
903 272 485
2086 1666 431
930 172 592
518 2792 612
2383 2929 190
932 1565 507
397 1684 377
1320 1811 554
73 1617 684
2541 577 323
767 2083 961
988 1076 593
2657 1453 326
294 2664 681
1932 2599 646
2815 978 486
2459 1907 506
225 1080 671
789 2434 814
596 1138 761
2345 891 154
2843 1101 49
2033 557 162
401 254 729
467 336 898
1166 1690 824
436 2985 808
863 54 492
2271 1437 993
2696 1798 809
2670 1611 237
261 690 94
1457 2941 685
1601 200 747
2389 663 89
1585 1637 748
1573 1839 222
79 2877 675
1027 545 474
1586 2419 393
2014 1697 541
1969 2967 578
1700 2962 981
1128 568 716
2505 1601 6
100 366 818
1899 652 917
1628 2556 374
1060 210 27
253 2588 698
1663 1580 498
2920 2503 808
1474 2767 294
2612 1437 796
607 646 261
1589 705 36
1673 1450 427
1586 1588 511
2263 67 216
623 2511 651
605 1017 77
2680 1833 623
1825 606 588
1095 1917 464
2447 1908 74
1064 238 998
1122 2295 279
2215 2970 382
1870 2867 813
240 894 744
1901 2868 653
1847 1427 856
357 2951 38
1415 284 508
2774 79 142
132 1583 174
2777 1230 478
888 938 512
1590 2659 339
264 20 278
1335 1166 300
2596 812 672
1535 2892 501
582 2816 249
2684 647 853
2117 1861 662
1936 1289 741
2268 329 507
725 2112 87
80 651 572
87 2815 906
1989 472 240
1911 2358 141
1633 1914 730
1628 812 573
934 1785 594
1009 492 266
1721 776 386
2328 1146 855
2689 1773 962
2959 1123 833
1042 491 110
2117 2058 951
1380 1836 289
1058 1459 877
1445 367 335
1180 2068 295
135 2446 878
2231 1858 879
1448 954 236
1461 1129 914
2392 648 169
1881 892 426
2233 1243 109
862 725 815
629 2163 221
1445 2089 397
2671 2371 884
1657 2863 777
2742 1455 858
2876 584 668
1313 813 414
1738 47 988
2372 1957 430
932 406 328
2215 1329 41
106 1344 109
1899 1860 403
1309 1781 891
1027 2911 632
2946 2913 700
1195 2743 636
1962 272 952
1604 2115 260
1514 133 644
1256 1920 686
2171 657 714
550 2264 545
1471 1059 507
880 499 573
1364 600 772
1849 1733 359
1352 2132 903
531 1066 681
1535 1651 866
167 267 417
2414 1385 513
1059 1360 817
585 120 675
151 2739 387
2015 898 173
2649 1128 900
2768 1494 247
1592 293 378
1972 2074 932
1419 881 886
856 1204 228
1374 1037 812
2899 131 241
1429 1924 61
1358 2972 419
2506 1481 180
1256 1719 793
2184 2602 218
2029 2997 199
2083 2902 170
100 1534 255
127 1872 424
417 1315 553
1751 1331 433
932 1233 662
1937 2182 282
1865 1168 811
2554 1325 918
1497 915 714
2651 2814 381
1621 1233 775
2174 853 156
783 694 840
1899 637 537
1433 2211 162
1830 2987 466
2776 146 385
2257 2163 908
740 1289 143
1428 290 555
785 1851 958
178 1304 958
1151 666 310
2032 1851 63
374 635 964
287 2241 577
1049 1653 863
1059 538 557
2766 96 125
2198 1778 570
2612 1988 646
2198 704 179
2294 569 828
839 425 680
707 85 364
2759 2553 831
1121 2475 916
1385 2122 936
2670 1555 583
2025 540 579
1850 1877 233
2603 1440 822
1728 2562 40
141 2047 936
1256 1117 497
1523 2436 271
700 2822 518
1427 1021 284
2117 2620 821
253 1837 223
1180 1402 212
2962 2141 348
1968 2696 349
2094 2459 256
1180 1164 876
1095 196 426
2033 517 952
2901 365 512
1313 2685 461
2780 745 89
2005 309 228
2581 437 160
1656 1517 233
2613 62 810
1971 2937 889
2192 690 732
1056 1995 225
2775 223 535
647 713 521
1610 1446 882
2880 799 207
1997 225 639
1467 1428 544
313 2122 122
2309 1040 399
190 476 346
2962 2924 216
487 1888 824
339 2182 935
2517 139 435
2439 2245 290
1583 2285 798
1535 2109 864
356 2388 751
1098 2810 101
1251 1511 154
54 2568 557
1284 2315 393
2860 784 547
2570 31 138
1964 2158 295
435 802 760
2672 2229 207
2994 1281 563
2825 283 77
465 2023 306
1646 2358 658
2779 2646 683
1104 2793 835
837 803 598
2177 1327 582
1454 2514 523
1370 1744 167
2447 1229 763
1989 945 338
1350 432 241
2769 1953 871
398 107 18
254 1269 866
2706 1363 340
1620 1981 382
1727 2610 58
581 2416 951
2515 2523 781
2825 843 304
2056 2093 441
326 1069 866
1487 1778 241
973 1107 930
2552 2814 893
1313 2505 686
1015 2437 511
2083 1404 503
39 1139 465
145 2695 632
1092 2850 709
2720 2848 941
190 1557 709
1395 656 57
880 1727 936
2078 1433 344
2960 1121 553
482 2269 45
1586 1192 256
1738 986 619
1750 597 900
2374 321 215
572 2723 588
2609 2904 87
2342 1664 342
1465 2829 294
1684 1499 656
760 1336 820
2553 2889 982
2769 2192 363
66 1520 9
2613 2320 166
2423 1489 711
1270 843 420
2011 2028 703
2959 155 24
1788 416 721
417 984 844
2951 1813 800
150 2890 924
2870 1465 883
952 1959 683
2182 996 98
201 1720 621
1236 2431 966
649 2459 232
2392 755 483
1147 462 663
1256 711 469
1523 1916 29
1766 103 381
2316 2786 412
1907 1415 493
740 264 563
1059 1863 525
70 1882 192
706 837 341
886 2195 504
1121 42 590
807 744 171
39 2121 383
2184 2048 617
16 292 583
532 847 644
909 1709 827
2716 1705 822
2265 120 192
1821 2159 425
356 1598 884
1907 2284 681
1219 2252 23
1024 114 28
2472 2217 986
446 1838 991
2291 1926 16
2231 745 878
1882 2478 466
2447 2086 453
929 2881 783
2672 1982 560
502 2831 182
1077 970 120
1535 2150 469
1657 1408 519
2441 1921 399
1060 518 130
502 1805 939
2764 1555 224
184 2136 943
1048 967 342
2650 2586 577
1523 660 936
2183 1887 283
2191 1620 504
2750 2847 101
1150 667 926
252 1075 949
1931 2543 403
1054 2347 16
2192 1204 826
789 2237 789
435 467 603
880 317 91
1513 2 301
165 2278 96
583 634 89
1536 2960 613
2991 2055 751
1788 463 14
1999 928 389
243 125 845
2366 462 676
1738 2077 38
2159 728 631
376 1581 319
2979 2741 653
1345 1706 902
607 22 636
2228 2024 795
544 488 352
1535 2441 613
584 1020 563
869 769 990
2294 2342 287
1586 2024 445
2860 1350 485
670 645 540
2406 1115 430
2117 751 136
1695 1954 344
152 1838 993
1365 2243 805
2446 675 865
1829 931 369
1541 2001 973
1693 158 713
1465 1721 74
2753 315 186
925 2573 487
1826 868 141
2797 868 973
1620 1791 310
1292 745 481
1989 245 384
1814 2342 354
88 1633 138
1671 2937 864
1621 2553 525
2542 1492 624
216 556 267
1822 537 565
2860 2874 173
2629 1006 588
2732 2325 594
2959 2740 822
2830 1815 446
2742 2177 481
1592 841 30
1077 2114 696
1994 1615 106
2959 1770 735
502 528 896
909 151 560
1445 288 171
1027 831 253
252 421 801
1853 396 445
1435 844 642
1832 2003 37
930 1552 855
930 2491 483
647 1747 771
1080 629 797
2577 1084 919
2593 409 910
880 1641 621
102 919 787
1582 1817 190
1830 2005 64
1427 32 379
604 156 651
742 890 529
1236 2522 26
1313 2309 397
2183 2148 846
2161 1453 949
376 390 743
1994 1714 246
1657 1125 666
1159 825 676
1256 338 77
2614 2701 192
2275 2761 991
376 1076 105
1989 188 74
216 1877 811
2564 1265 472
1060 1206 501
45 844 863
1170 2559 997
1433 1248 313
2764 1050 855
2053 525 793
1077 953 504
584 234 242
253 214 331
872 1987 892
1151 1547 186
1398 2865 512
2613 1889 585
1449 2856 956
253 1864 826
886 2009 980
2304 894 612
2564 539 188
562 2008 978
2601 854 725
1586 2854 845
2732 1004 204
2520 631 30
2343 1048 898
2289 1149 307
2192 14 608
2742 1620 636
2392 2078 230
2461 2403 255
1830 372 604
1881 105 814
1679 1209 250
325 2110 519
2727 1922 855
2461 181 194
1205 686 426
2573 2278 464
1994 102 557
2959 2845 110
2446 1236 775
2743 1481 861
1989 2142 171
2593 2978 322
1592 802 663
1009 724 728
1817 1642 69
1553 2704 317
2446 2001 192
352 1417 603
762 1238 958
2825 2267 901
2764 416 397
2815 1775 639
814 794 318
2316 2805 134
1592 354 697
1789 543 273
1592 742 345
1374 824 683
2583 766 272
1589 1613 510
2542 392 496
1804 604 502
562 469 564
65 491 217
1799 1355 362
605 1681 830
296 454 112
2766 86 109
1150 85 963
1670 1212 121
2558 446 962
2083 777 781
1592 510 625
1384 2825 492
2825 909 768
1256 2774 652
1869 952 558
952 2530 872
2259 2816 56
930 1553 11
1931 1064 624
486 1526 135
952 2185 547
1077 1375 719
252 852 487
2291 1784 122
2290 1543 143
2727 1298 839
1288 2540 154
2214 258 724
2822 2495 399
609 1337 697
529 1616 407
2515 2776 271
39 938 532
1110 1922 209
156 991 527
2936 2091 17
312 1301 6
2850 2428 425
1465 175 868
1015 2080 47
1915 1695 310
1027 1488 896
544 276 725
2563 254 551
1881 2066 375
2324 169 141
1657 463 809
1180 2233 383
1313 67 985
281 555 309
1352 1017 640
2613 541 578
1907 1299 610
513 1851 309
1750 554 788
2979 2421 432
1374 2678 698
1445 2214 745
417 941 641
762 2777 832
2255 1340 444
2968 2583 881
2573 2418 380
2923 2370 934
2766 790 728
1445 1835 115
1224 2415 895
2613 501 707
2914 801 219
1465 483 920
1060 1545 280
1592 1214 359
2294 1176 468
1150 1919 906
2304 2357 527
1535 2389 208
1957 919 380
398 2854 863
190 2774 972
1374 1298 159
1070 2289 530
2083 373 22
2766 1671 785
2593 2129 718
1268 1481 234
577 856 240
88 1174 835
2732 2402 673
605 2731 637
2294 1268 890
2612 1177 771
398 8 871
2649 2087 422
253 1462 453
300 2432 139
2649 773 533
2159 1977 950
2764 2255 554
2727 2397 876
1358 1524 347
1445 155 415
2612 1392 146
1251 1530 336
2766 1790 587
2825 396 921
952 1796 790
2183 2387 935
2825 1936 127
2959 679 273
2461 2371 738
2461 2398 570
2959 2556 333
190 569 226
2563 334 736
2764 380 759
952 2990 139
1592 2939 952
1095 825 752
2392 2636 914
2959 1857 961
2727 1974 248
2959 2366 74
1077 790 207
2764 1557 402
2959 2269 464
2732 856 943
1077 272 828
