3000 2998 5336
1940 2835 3002
2536 2867 3001
2814 1744 3002
503 1581 3000
665 787 3002
2735 2807 3001
1733 2196 3001
2289 883 3000
433 274 3000
265 619 3002
2669 1525 3002
1502 2696 3002
2463 842 3002
645 680 3001
2536 2508 3001
1471 346 3000
1944 50 3000
2414 259 3000
2877 1573 3000
291 2827 3001
2852 683 3002
1183 398 3002
2383 2564 3001
2262 2247 3000
1075 347 3000
2161 2780 3000
2329 1644 3002
2227 1775 3000
303 276 3001
2526 199 3001
665 2078 3002
2408 2144 3002
750 281 3001
219 2080 3002
625 2575 3001
392 2788 3000
1966 339 3000
1989 2393 3001
1259 2919 3002
657 2745 3002
2042 623 3001
540 2612 3001
2873 901 3000
1087 425 3000
2710 758 3001
721 1106 3001
1737 461 3002
1368 2489 3002
993 481 3001
162 1380 3000
2990 2833 3002
1816 1575 3000
2810 791 3000
1466 1446 3002
692 1832 3000
1923 855 3000
925 2817 3000
638 2137 3001
630 474 3002
2335 1437 3001
806 1301 3002
821 210 3000
1817 792 3001
384 1323 3002
1795 590 3000
582 1000 3002
2025 2475 3001
2259 1782 3002
1493 2634 3002
2703 2894 3002
2385 1289 3000
1668 996 3000
1124 2315 3001
1435 2630 3001
2918 2309 3001
1601 2457 3001
2317 426 3000
837 2889 3000
1694 2424 3001
442 908 3001
1550 760 3000
416 1967 3001
2481 2755 3002
593 2235 3001
2687 39 3001
969 1394 3002
1086 1175 3000
2164 2720 3002
1879 1712 3000
1981 1476 3002
1291 2906 3000
429 891 3001
2343 1030 3002
2973 1653 3002
2329 111 3000
2978 2576 3000
2649 1192 3002
1753 1048 3000
2499 696 3002
1766 701 3000
2738 2514 3000
1940 436 3002
2770 664 3002
2005 61 3001
884 1022 3001
1838 2708 3002
1662 139 3000
1243 2490 3002
1765 296 3002
2351 2242 3000
1255 1269 3001
2228 2509 3001
2971 1377 3001
38 1730 3001
189 2536 3002
2909 2346 3000
1925 1054 3002
716 389 3000
2373 390 3002
37 1843 3002
684 1216 3002
2208 1579 3000
2037 1936 3001
59 1849 3000
1519 1079 3002
2782 872 3002
2769 2205 3001
2927 765 3001
335 2131 3001
1620 2602 3000
2102 1068 3001
1110 441 3000
384 253 3000
260 1230 3000
2798 2465 3002
95 2681 3002
2159 158 3002
2622 244 3002
1090 2622 3000
929 470 3000
2297 2260 3000
2850 557 3000
893 2776 3000
2372 2213 3000
1203 1750 3002
1026 871 3002
2217 1206 3002
379 990 3002
65 1746 3000
1184 1777 3000
52 2065 3002
2226 139 3001
1691 175 3002
1732 1850 3001
675 220 3000
1103 2862 3000
1213 1673 3000
2791 653 3001
1456 607 3002
1937 71 3002
2052 1280 3001
1412 1160 3000
1739 2246 3000
1010 1272 3001
2028 16 3002
1163 2468 3000
2452 370 3001
1212 616 3000
1928 975 3000
984 58 3002
2963 1085 3002
2985 719 3001
2613 1286 3001
2730 1874 3000
939 2045 3000
2466 1563 3001
1476 1252 3001
2375 809 3000
541 1497 3001
2334 403 3000
2137 1889 3002
200 2400 3002
1515 2727 3000
1100 2296 3001
1086 826 3000
2926 112 3002
2314 2179 3002
2161 2491 3000
2233 2872 3001
2272 2987 3000
2637 1176 3000
373 2465 3000
22 1783 3002
2882 2636 3002
2038 78 3000
396 992 3001
2198 633 3000
2656 649 3002
2244 912 3001
2505 957 3001
2290 1421 3002
1284 1599 3001
2779 1720 3000
2740 627 3001
385 2009 3002
1953 1232 3001
1460 2686 3000
1276 2572 3001
2041 596 3002
1958 1457 3002
692 2364 3000
2145 2497 3002
1266 1591 3001
1778 815 3002
219 1766 3001
1196 1220 3001
2356 602 3002
1133 2635 3001
609 1555 3000
491 2119 3001
500 1514 3000
1027 1912 3000
1854 2496 3001
1168 1722 3001
2083 1352 3002
2542 2813 3000
1008 2766 3000
397 683 3002
1815 691 3000
2075 119 3002
2834 1123 3000
1022 38 3001
1409 2299 3000
1105 553 3001
1481 1189 3000
704 2056 3000
975 764 3000
1443 1619 3000
2516 1263 3002
2628 2313 3000
1211 207 3002
2454 2354 3001
267 753 3001
1483 945 3001
1937 830 3000
108 2992 3002
1514 1343 3002
270 2235 3000
2481 2796 3002
1640 508 3002
522 51 3000
259 1383 3001
1028 183 3001
1355 1835 3000
131 1616 3001
1832 838 3001
1894 2092 3001
1533 230 3002
2286 1394 3000
2759 4 3001
1959 1417 3001
277 2777 3000
2349 2015 3002
1840 1820 3000
424 1199 3001
707 581 3001
2098 2476 3001
2135 1506 3001
434 2207 3002
352 451 3000
2321 2147 3000
2335 622 3001
2878 2254 3001
2985 376 3000
1690 104 3002
569 1201 3000
1986 485 3002
1328 1130 3000
942 2965 3000
213 648 3001
155 2325 3001
1398 863 3000
2493 1703 3001
2562 1767 3002
2747 2649 3001
1268 1565 3001
2921 1321 3001
324 354 3001
1064 1188 3002
1031 1249 3000
2218 1930 3001
1621 409 3002
2007 814 3002
2853 2427 3000
2434 2337 3002
2130 153 3000
1583 917 3000
367 1704 3002
2761 1166 3001
2401 129 3001
1911 1932 3002
2646 2930 3001
907 486 3002
841 786 3002
1240 562 3001
1271 127 3002
532 2562 3001
3 1115 3000
2200 157 3001
380 457 3000
1467 2540 3000
1401 2851 3001
588 643 3002
1353 2485 3001
58 528 3001
359 2366 3000
696 2178 3001
1900 1002 3001
206 361 3001
1574 2026 3001
708 1904 3001
2665 2399 3001
47 1935 3001
845 100 3002
1402 409 3001
2821 2511 3001
2588 2936 3001
1623 2599 3000
245 840 3002
228 1496 3001
502 1695 3001
1888 2140 3001
2397 722 3000
1957 730 3002
743 1502 3000
1581 2033 3001
1504 2370 3002
282 127 3002
454 1977 3001
1282 2516 3000
2001 1455 3000
477 2180 3001
2911 632 3000
2690 663 3002
727 308 3000
1926 1618 3002
2868 2801 3001
236 987 3002
1067 525 3001
509 2072 3000
2363 631 3001
2406 1183 3001
167 461 3000
25 241 3002
399 2447 3000
505 1685 3001
1111 959 3000
2461 1625 3001
2221 2594 3002
2367 1584 3002
2634 506 3002
2220 759 3000
2530 242 3000
32 1083 3000
837 754 3002
2895 163 3001
1351 1657 3000
344 1831 3001
1543 1465 3001
2175 1222 3001
1326 2651 3002
2043 589 3002
1053 1287 3001
2363 1667 3000
2633 1850 3000
1030 2365 3000
1322 1527 3002
752 2709 3001
615 1742 3002
0 2166 3001
160 777 3002
1021 589 3001
2957 637 3002
1221 558 3001
888 980 3000
2586 799 3002
2353 133 3000
950 1723 3002
1785 145 3002
612 1074 3002
1057 2527 3000
1279 2526 3002
2904 1814 3002
2215 781 3002
1786 493 3002
619 2751 3000
514 284 3000
1613 531 3000
1021 2179 3000
714 2581 3000
1373 2367 3001
711 2986 3001
150 2522 3001
1355 1979 3000
2701 806 3002
292 2783 3000
2409 1738 3001
792 1267 3001
1821 2588 3001
634 1158 3001
1812 2017 3001
1544 344 3001
882 683 3001
706 1404 3002
618 836 3001
746 2339 3000
765 2197 3000
835 2633 3001
2636 636 3002
2302 1879 3001
610 744 3000
29 2310 3000
370 1707 3002
2560 309 3000
2745 1808 3000
825 956 3001
1099 1526 3001
2555 1180 3000
310 1131 3002
1235 1715 3001
733 2487 3001
2190 256 3000
1337 2744 3000
1242 2955 3000
2474 1447 3000
1603 1987 3001
241 2095 3001
491 2763 3001
2660 1623 3001
2534 1463 3002
2525 556 3002
2770 947 3000
1877 2087 3000
263 2341 3002
872 494 3002
1564 795 3002
1046 2886 3001
1501 1291 3000
2522 2143 3002
2912 1521 3000
2470 623 3002
2305 1218 3000
1336 604 3001
329 1241 3001
2518 972 3002
2688 2593 3000
1557 1379 3002
2617 980 3002
563 1726 3002
819 170 3000
1972 2028 3000
1181 625 3002
1539 1536 3001
2084 2504 3000
1580 2149 3002
2117 2739 3002
1759 300 3000
347 1993 3002
319 1803 3000
1956 237 3000
1185 667 3000
946 2857 3000
374 652 3001
2257 2650 3002
2338 862 3002
1113 1699 3001
1672 2987 3001
1809 1636 3001
2631 543 3002
960 1421 3002
1653 2467 3001
2881 925 3000
53 2249 3001
1352 258 3002
1250 1712 3002
413 2069 3000
590 1718 3000
2308 1981 3001
26 1376 3001
2701 1893 3001
1043 1547 3002
1558 137 3001
2893 989 3000
2307 997 3001
1464 2211 3000
2824 2181 3001
233 698 3000
1418 2199 3000
46 2808 3001
2684 2898 3001
589 597 3002
2354 1825 3002
1658 353 3001
61 1375 3001
1743 1088 3001
2802 1319 3000
434 904 3002
677 1538 3001
1954 2252 3000
521 119 3000
2597 1706 3002
1774 1340 3001
537 1173 3001
1011 722 3002
2934 315 3001
2695 176 3001
2944 1052 3001
1625 2588 3002
688 2534 3001
2029 625 3000
618 2662 3002
2107 1915 3002
1969 283 3002
801 1060 3000
1535 725 3000
640 2152 3000
2633 602 3002
1953 2949 3001
2405 889 3002
1728 2607 3001
2878 2386 3002
736 1137 3001
1748 715 3001
2344 2236 3002
690 2023 3001
2264 2995 3001
1640 643 3000
897 2739 3000
313 2828 3001
2665 2750 3001
562 2362 3001
1944 646 3002
471 445 3000
756 1500 3002
2820 667 3000
1353 571 3000
1035 266 3000
2509 2076 3001
1950 2303 3000
1575 1934 3001
2299 673 3001
1809 364 3002
2829 520 3001
76 2883 3001
136 245 3002
2054 1834 3001
2502 1952 3001
455 305 3001
327 2680 3002
2383 1792 3001
2841 407 3000
132 2047 3002
2469 105 3001
1262 1263 3001
2578 1516 3002
2159 318 3001
2869 2515 3002
332 1365 3000
1433 247 3001
2545 812 3001
1142 2673 3001
2252 2019 3001
2034 1101 3002
2505 19 3000
2577 1829 3001
438 942 3001
2082 2605 3000
90 782 3000
2930 777 3002
1996 2524 3002
2451 2094 3001
2430 1277 3002
1294 952 3001
735 608 3002
598 1719 3002
2538 754 3002
866 169 3001
1532 564 3002
1813 983 3000
1568 1763 3001
864 785 3002
1491 721 3000
2412 1358 3001
1187 1602 3001
994 2521 3000
875 252 3001
2190 195 3000
66 497 3000
2064 1074 3000
1711 217 3000
676 2410 3002
2786 2530 3002
1902 780 3001
677 1494 3002
1411 483 3002
2507 530 3000
2319 562 3001
1685 2423 3000
45 1908 3002
538 647 3000
2401 1434 3002
1486 1596 3001
2448 2176 3000
1010 2113 3000
1270 2298 3000
873 1835 3001
2135 668 3000
832 2907 3000
1695 2445 3002
651 2436 3000
41 974 3000
691 911 3002
1872 2475 3001
1286 2294 3000
113 2697 3001
1240 1741 3001
1522 163 3002
412 1781 3002
1241 1915 3001
1326 1870 3002
2735 2103 3002
1793 644 3000
662 2637 3000
1104 181 3000
1037 639 3001
2548 575 3001
2676 1444 3002
2321 1080 3002
273 2403 3001
1278 1945 3002
2681 43 3002
1835 2010 3002
1563 1903 3001
598 2783 3000
1449 165 3000
991 1390 3001
184 1686 3000
2608 2554 3001
833 792 3001
1215 1454 3000
1199 2740 3000
62 1725 3001
1761 1608 3001
660 2472 3001
1961 2084 3001
480 1584 3000
1794 1397 3002
1512 1752 3002
2632 945 3000
2766 579 3000
1297 927 3002
1580 1648 3002
2027 326 3002
1945 2281 3001
2384 2612 3002
114 2123 3001
2053 858 3001
2491 513 3002
2800 1271 3002
5 1475 3000
990 387 3000
1588 29 3001
2594 1918 3002
2749 1349 3000
1589 2664 3001
1773 284 3000
1452 1738 3001
1381 874 3002
604 794 3000
881 1623 3000
2622 1828 3002
499 1847 3001
2978 1482 3002
588 1230 3002
2420 1148 3002
1769 1899 3001
1578 511 3000
1674 2259 3002
1807 1673 3002
2719 2908 3001
2795 1370 3000
2467 2433 3002
2488 1981 3002
2055 961 3000
152 995 3002
523 1540 3002
2515 1226 3000
2584 52 3002
546 1425 3002
1020 1338 3000
1285 555 3001
2845 2905 3000
731 953 3002
397 2170 3001
1157 2987 3002
2956 2539 3002
336 931 3000
1506 2326 3000
2378 34 3002
1060 2996 3002
2341 2441 3000
2304 769 3002
1336 177 3000
446 988 3000
2444 1430 3002
1756 771 3002
2224 1102 3002
1408 2283 3002
2630 2052 3000
640 219 3000
1567 1296 3002
902 2172 3001
1210 788 3001
1690 138 3000
896 2492 3001
603 744 3001
1600 1963 3002
1693 2588 3000
2335 2210 3001
607 2789 3001
1631 800 3001
939 733 3001
2984 2967 3001
1484 2954 3002
2116 1034 3000
775 1311 3001
1554 2930 3000
355 2895 3002
1438 1806 3000
2409 2411 3001
1626 2842 3001
613 1987 3001
2400 2778 3000
820 2459 3000
2922 1344 3000
1832 926 3002
2430 2982 3002
917 1147 3000
855 1237 3000
1439 937 3000
2034 1508 3000
2568 21 3002
188 655 3002
2440 1890 3000
1031 1980 3002
1655 885 3002
2097 1949 3000
1390 2917 3000
2427 2463 3000
2645 789 3002
1708 629 3002
773 582 3000
395 2979 3000
1178 2241 3000
273 100 3002
1521 1634 3002
1134 766 3001
1146 2262 3000
761 2081 3000
481 2183 3001
2517 1985 3001
587 214 3001
1310 1486 3002
1258 2529 3001
2480 2424 3001
2843 1946 3002
1710 2357 3002
750 1635 3001
2395 2335 3001
2115 52 3002
190 2954 3001
2600 1367 3001
2225 1391 3000
196 2609 3002
335 615 3002
87 504 3000
1416 1531 3002
2885 700 3002
675 452 3000
333 451 3002
2780 731 3000
1188 2535 3001
723 2962 3002
216 322 3002
2856 99 3001
2044 744 3000
828 1109 3001
2832 159 3000
1387 1426 3001
2058 2785 3001
1401 443 3000
1194 1112 3000
2726 28 3001
2571 2734 3001
23 810 3000
2729 210 3002
2351 2933 3002
1921 1446 3002
2114 2954 3002
2929 1414 3001
951 8 3002
1593 1668 3001
1003 373 3000
243 1126 3002
1619 1017 3002
2992 504 3002
320 2202 3002
1652 2021 3001
186 1094 3001
401 503 3000
2390 594 3000
1867 846 3002
1544 2074 3001
2541 2287 3002
2668 1415 3000
2479 734 3000
1562 799 3002
2733 1807 3000
1822 2809 3002
757 2507 3000
1724 328 3001
2312 2139 3001
10 2007 3001
2948 2280 3001
827 2459 3001
2639 883 3001
898 386 3001
2318 2838 3002
1468 1333 3000
174 879 3002
256 1866 3000
1172 1177 3001
1040 1906 3000
1744 2824 3000
2150 1864 3000
2175 399 3002
1690 2249 3001
2842 1167 3001
901 1732 3002
1453 2519 3002
2603 1585 3000
2591 2751 3000
512 175 3000
1353 2387 3001
1115 408 3002
2533 1823 3000
1729 1610 3002
2611 529 3001
2501 1563 3001
407 1136 3001
1567 1914 3000
635 1070 3001
664 300 3002
268 1628 3001
998 793 3002
1992 585 3000
1975 1139 3002
2650 35 3001
2082 1646 3001
1804 1302 3001
992 702 3002
1861 2822 3002
487 1529 3002
1933 2572 3000
883 948 3001
1770 282 3000
235 1852 3000
2685 2271 3002
2220 1274 3002
1653 2938 3002
203 1787 3001
2236 1246 3001
1180 1805 3002
1696 908 3000
2705 516 3001
971 1907 3002
642 415 3001
649 572 3000
1571 2061 3000
2722 1009 3002
949 933 3000
2158 2896 3001
317 498 3000
2610 2483 3001
1574 763 3001
85 2187 3002
703 1630 3002
727 2662 3001
267 1833 3000
1538 433 3001
1260 938 3001
2609 1648 3001
2265 2916 3002
16 388 3000
2126 1428 3000
147 1025 3002
2394 2703 3002
2443 2316 3001
2615 2964 3002
649 999 3001
2583 1038 3001
1320 2731 3000
552 1311 3002
1264 2510 3000
1830 1491 3002
2682 2416 3000
2253 362 3000
110 1341 3000
2295 199 3001
1733 1823 3000
1717 1627 3002
467 1165 3001
302 360 3001
2413 661 3001
1861 2646 3001
1339 2108 3002
1443 1542 3002
679 2557 3000
2920 33 3001
2148 1039 3002
885 530 3002
565 73 3001
773 481 3002
1693 1857 3002
2177 1265 3002
1791 289 3002
2195 2072 3001
746 1642 3000
2101 1851 3000
2091 1709 3002
1606 886 3002
2254 2122 3000
2624 103 3002
2742 2751 3000
1399 1066 3001
1016 146 3002
2156 967 3000
2849 1595 3002
1071 2665 3002
1382 350 3000
44 943 3002
2166 2167 3002
1810 115 3001
2059 584 3001
2623 1401 3001
2148 345 3002
817 1487 3002
1800 36 3001
1382 689 3002
410 148 3001
2088 573 3002
1692 943 3001
472 2251 3000
2831 756 3002
1281 2853 3000
674 2624 3001
1260 1910 3001
228 1867 3002
240 903 3002
1324 636 3000
1946 2432 3000
1949 1638 3002
1851 211 3002
865 2980 3002
2912 72 3000
2671 2138 3002
229 953 3001
405 1278 3001
1119 517 3002
2662 804 3001
147 1044 3001
1561 940 3000
2582 1314 3000
592 1442 3002
2008 2390 3002
1323 1441 3001
2200 1735 3001
2057 2924 3000
414 1286 3002
2360 1371 3000
84 176 3000
2232 2096 3000
1962 2110 3000
1398 789 3000
1313 2947 3000
84 2459 3000
2528 262 3000
1523 1110 3001
40 1591 3001
2331 462 3000
1626 2094 3002
2736 1888 3000
1562 1300 3001
1072 2724 3002
1498 18 3002
294 2566 3001
721 486 3002
2226 1009 3002
959 2103 3002
2891 372 3001
1943 2029 3000
1001 1714 3002
1516 2028 3000
2248 2764 3001
899 2702 3001
141 2131 3002
1349 1347 3002
125 2529 3001
2225 1511 3001
1117 465 3001
778 1121 3002
140 2768 3001
254 1280 3000
927 1239 3002
2256 883 3001
795 2494 3001
1318 2948 3000
2879 2303 3001
1527 1528 3000
2 290 3001
1682 1165 3002
2871 1251 3001
2989 1713 3001
2048 2957 3001
1884 1684 3000
1087 447 3000
2060 1417 3000
773 275 3001
312 1616 3001
299 2118 3000
2537 699 3001
2652 1587 3001
1065 981 3001
129 762 3000
621 17 3000
1977 1757 3001
2282 2421 3000
1245 1244 3001
193 1678 3002
2452 1754 3002
2212 474 3000
142 1971 3001
2544 2293 3002
1126 2092 3000
2073 106 3002
245 377 3001
1510 1495 3001
2180 2011 3002
639 2503 3002
2173 1079 3000
990 1513 3000
2883 2689 3002
299 1537 3001
2934 2292 3001
1407 2342 3002
2027 2273 3001
186 1545 3001
1206 813 3000
1172 659 3000
2258 712 3002
1939 330 3002
2223 2860 3000
2697 35 3001
2707 295 3001
67 1215 3002
2715 566 3002
1755 440 3001
406 290 3002
2002 156 3000
720 1996 3001
2018 2285 3000
1611 1256 3002
2451 455 3001
2308 346 3000
2173 33 3002
894 1705 3001
218 818 3001
1772 1319 3002
299 534 3000
1228 1909 3001
2145 1556 3002
2037 922 3002
990 1201 3000
1378 1249 3001
1637 1224 3000
298 1900 3000
2448 1725 3001
1995 2416 3000
1293 765 3001
1598 473 3002
1482 2450 3001
292 383 3002
1406 1061 3001
2969 1311 3000
1109 26 3001
39 2784 3002
2547 1168 3000
80 1012 3001
2755 1059 3001
348 2638 3000
2693 2180 3002
83 2163 3001
1159 1035 3002
2245 2666 3001
1591 511 3000
2291 1364 3002
2473 253 3001
2188 1264 3002
2147 2455 3002
2231 1029 3002
26 1587 3001
1818 1118 3002
1024 306 3002
514 2950 3000
716 2902 3002
364 2403 3002
623 739 3001
2846 1919 3002
906 2194 3002
54 2757 3000
2741 2119 3001
161 2892 3001
1276 1964 3002
777 2774 3002
2863 1062 3001
14 1056 3001
2413 1503 3000
2209 492 3002
1762 1553 3002
941 2204 3002
1423 1346 3002
2754 1715 3002
2329 2999 3002
2157 2837 3002
2819 2840 3002
2567 2086 3002
479 1842 3000
2728 978 3002
1420 2700 3000
578 2248 3000
1729 2424 3002
2602 2812 3002
444 6 3000
574 1238 3002
305 566 3000
2581 2447 3000
1118 1505 3001
7 1227 3002
431 495 3001
1875 1228 3000
2687 24 3002
425 398 3002
2922 2278 3002
2134 1645 3001
116 2899 3000
2155 2671 3001
212 724 3002
567 1709 3002
1994 2681 3001
356 41 3000
1084 792 3000
1372 1065 3000
536 830 3000
1956 2284 3000
1768 587 3002
1951 564 3000
1290 1327 3000
1186 2018 3001
360 1448 3001
198 805 3000
1308 1920 3002
1312 2799 3002
1426 1727 3000
1225 33 3001
2118 1204 3001
2206 1257 3000
898 1430 3000
1012 2550 3000
1047 2380 3002
1688 1420 3001
578 1015 3002
2723 2419 3001
925 1592 3001
664 628 3001
2641 1413 3000
1931 334 3000
2765 527 3001
539 875 3000
570 1047 3002
2901 123 3000
781 735 3000
1129 614 3001
551 2667 3002
1253 251 3000
2014 2153 3002
798 2033 3002
2356 1681 3001
182 1403 3001
916 2831 3000
1770 1797 3001
172 2270 3001
367 658 3002
548 154 3001
652 2255 3002
2105 88 3000
1791 736 3002
2358 2151 3000
2269 2670 3000
2164 1854 3000
2084 2301 3001
586 1435 3002
781 1139 3002
357 2290 3002
1639 2241 3001
528 358 3000
931 1837 3002
2953 2854 3000
555 704 3002
2986 314 3000
2321 191 3002
2923 1140 3001
2908 269 3001
1720 1360 3000
800 789 3000
2433 1283 3001
2333 140 3000
1097 738 3002
56 510 3001
2616 577 3002
1879 482 3000
2951 45 3001
2392 1005 3002
124 74 3001
543 356 3001
1566 185 3001
2276 2464 3001
945 600 3002
965 1478 3001
476 89 3002
547 1453 3002
306 2547 3002
1740 412 3001
665 2190 3002
1234 2099 3000
685 1700 3002
1305 2558 3001
91 443 3000
1818 2095 3001
283 1123 3000
2204 570 3000
983 692 3002
1846 1885 3002
421 1861 3001
1024 2918 3002
717 1582 3000
2234 1520 3000
1251 207 3001
1108 121 3002
1040 2058 3000
2874 1597 3000
414 2230 3001
391 2200 3002
2167 259 3000
2635 1665 3001
1143 1014 3000
490 928 3001
2431 2943 3002
2439 1191 3002
439 645 3000
1990 654 3002
1748 1256 3002
166 1107 3000
2274 698 3002
56 1517 3000
1785 2450 3002
982 1463 3000
1764 2390 3001
2442 60 3001
2938 2042 3000
1362 378 3001
2324 223 3001
2171 2541 3001
152 1709 3002
2616 2071 3000
1061 2141 3000
2826 2330 3002
542 2543 3000
75 2400 3002
2355 2657 3001
2570 2054 3001
2804 342 3002
2848 2112 3002
2663 1783 3000
2811 2404 3000
2620 917 3002
2397 1947 3002
2548 647 3002
1616 867 3000
923 1295 3001
2622 2921 3002
2279 1357 3000
1514 1663 3000
1990 2104 3001
2796 2194 3000
2744 1325 3002
2032 2090 3000
2918 2981 3001
533 2555 3001
624 1898 3002
1119 1796 3002
811 2070 3002
2185 641 3001
2311 2725 3002
1198 657 3001
1488 227 3001
1583 193 3000
249 2347 3002
2765 2830 3000
2855 2915 3000
2238 1295 3001
774 561 3000
371 1492 3000
12 93 3001
1216 568 3001
1586 1799 3002
920 1507 3001
2224 1691 3002
208 1913 3001
2121 849 3000
213 2483 3000
2593 1534 3001
2991 2030 3000
1871 337 3001
1048 800 3001
1445 2392 3001
339 849 3001
2280 2083 3001
1825 2079 3001
352 2594 3001
328 2528 3002
2004 905 3001
2229 2604 3002
2117 1096 3001
368 666 3000
2075 2812 3000
2439 2640 3002
963 2391 3001
2671 2890 3002
718 844 3001
578 1132 3001
623 1719 3001
419 28 3000
2803 561 3000
2472 1891 3001
1738 718 3001
1839 1317 3001
1642 2345 3002
1178 518 3002
507 1243 3002
344 816 3002
2408 1833 3000
1343 2006 3000
194 1133 3001
2627 1574 3000
2031 2444 3002
1103 2063 3000
114 1045 3001
834 923 3002
1356 272 3001
1960 2076 3002
2263 1246 3000
679 1254 3002
977 1345 3002
2201 2142 3001
1054 2674 3001
967 2209 3002
429 1124 3001
2746 316 3002
681 2605 3002
2797 1560 3000
1983 1559 3002
1624 1517 3001
905 951 3000
2931 2777 3001
1095 2550 3000
1647 334 3001
475 550 3000
1369 2457 3000
1292 472 3001
2092 1288 3001
2120 1668 3002
2377 2073 3000
1814 2540 3001
404 2955 3000
2382 2017 3000
2932 915 3002
418 1436 3001
1255 155 3002
2106 2549 3000
2318 1703 3001
2182 334 3000
2620 2706 3002
1602 435 3000
69 1329 3000
869 1057 3001
1195 1082 3001
98 783 3001
1815 2049 3002
2598 1927 3001
402 2861 3000
2296 2283 3000
2939 88 3001
1089 2863 3002
27 61 3001
360 2964 3000
605 1749 3002
507 1744 3001
1419 1589 3002
2989 2100 3001
1422 2055 3001
2736 509 3000
1197 940 3001
2266 2732 3002
887 1992 3002
1110 783 3000
2482 500 3000
1558 2717 3001
2776 1143 3000
496 2160 3001
313 2756 3000
1865 1272 3002
361 1641 3000
2395 2823 3001
81 2439 3001
514 1023 3001
210 341 3002
843 813 3001
2797 1416 3002
583 525 3000
2634 1598 3002
1789 1335 3001
565 2787 3002
1568 129 3002
1817 620 3001
1068 2232 3000
1202 168 3002
173 1 3000
1456 2900 3002
251 2579 3001
268 672 3001
1860 1162 3002
2075 116 3001
2348 466 3001
573 2009 3000
2128 2721 3000
1265 964 3000
2039 581 3002
852 2212 3001
351 2698 3000
411 1307 3000
276 160 3000
1884 2208 3002
2947 1036 3001
1450 1677 3001
1043 1885 3000
779 7 3002
1295 2418 3000
1153 351 3000
2687 822 3002
934 316 3001
2422 1114 3000
2329 366 3001
2655 1363 3001
909 1467 3002
611 2520 3001
2968 1481 3000
1423 1661 3000
1868 290 3002
1657 2359 3002
1345 2523 3002
1067 402 3002
987 1883 3002
2270 682 3001
1941 1531 3002
2625 1447 3000
1965 2855 3001
207 1449 3002
2297 2012 3000
1984 2509 3002
277 2234 3002
1387 2718 3002
1110 1579 3002
531 2066 3002
1910 1557 3001
2601 1209 3002
1386 1122 3000
1898 105 3001
775 1081 3001
1657 545 3001
1675 1533 3000
2757 1091 3000
1136 2551 3002
1909 814 3001
2148 793 3000
1784 1777 3002
148 2813 3001
420 2859 3001
2607 1457 3000
2277 466 3000
1400 694 3000
2535 2031 3001
1156 1627 3001
2556 2014 3001
555 848 3001
2268 2171 3002
732 2112 3000
2988 164 3000
987 604 3002
632 246 3001
477 2902 3002
2974 629 3002
1333 851 3000
1002 811 3000
928 2833 3002
2767 673 3000
2942 713 3000
225 369 3000
1898 1963 3001
1258 2235 3000
457 476 3000
859 1789 3000
2139 448 3002
2306 1362 3001
307 907 3001
795 1053 3002
2606 2521 3001
2067 2443 3000
1745 2365 3000
1128 2060 3001
2593 1058 3002
1004 1817 3000
2952 1710 3001
426 2237 3001
864 1261 3000
1909 914 3002
166 745 3001
2224 2260 3001
1161 2349 3000
422 1444 3000
1054 220 3002
2127 970 3001
2794 2369 3001
1702 2585 3000
2185 568 3001
2840 1470 3001
1669 913 3002
1584 1074 3002
1170 837 3000
1069 9 3000
1663 1701 3001
1887 1073 3002
1477 727 3001
280 2334 3000
2734 1241 3002
1929 1033 3002
2897 2910 3002
671 2711 3001
1829 274 3000
1304 1750 3000
2643 376 3002
14 2994 3002
285 2871 3001
1593 419 3001
1091 96 3002
2657 1737 3000
1682 90 3002
2527 2958 3000
2166 2857 3002
756 650 3001
2884 1400 3000
1306 1648 3000
958 860 3000
2820 755 3002
2203 1731 3000
2828 542 3002
2772 1116 3000
194 2445 3000
1869 2896 3001
1848 2398 3002
2567 794 3000
2793 1926 3000
2022 423 3002
2458 1755 3000
300 178 3002
856 2585 3001
54 2126 3000
1536 807 3001
27 1881 3002
2864 1335 3001
2593 1677 3000
1474 2497 3002
2099 275 3000
574 2775 3002
2438 1665 3000
1855 1681 3000
1652 2678 3000
2503 577 3001
1727 363 3002
32 2368 3001
2964 2600 3002
2991 1726 3002
950 2569 3000
2350 1779 3002
1555 496 3002
815 2876 3002
1697 829 3000
2944 1820 3001
280 2498 3002
1669 1431 3002
2702 1852 3001
2407 1614 3001
1440 597 3001
181 82 3001
1775 2133 3002
2911 667 3001
576 604 3002
891 138 3000
2890 2206 3002
170 2651 3001
1388 2713 3002
1933 935 3002
2773 2137 3001
2437 2589 3000
1546 356 3000
239 1205 3002
2966 450 3002
274 2177 3001
1895 2081 3002
2108 892 3001
862 2266 3002
592 291 3001
2506 1016 3001
2191 1273 3000
1347 317 3002
1488 450 3002
2595 1683 3000
2292 107 3000
2247 1581 3001
495 2135 3000
1499 1461 3001
257 334 3000
1756 1290 3001
1986 1927 3000
867 1541 3002
1298 1332 3000
709 596 3000
1293 2894 3002
561 2893 3000
1687 1320 3000
2565 1174 3002
535 1566 3001
314 1018 3001
541 1622 3000
1018 48 3000
2869 1788 3000
2109 1848 3002
1332 1970 3001
2555 13 3001
231 2913 3001
577 536 3000
1572 2003 3001
74 2614 3001
1231 1716 3002
947 2512 3001
1489 2996 3001
45 1294 3000
1700 458 3002
667 2081 3001
1658 1596 3001
870 1633 3000
1760 1629 3000
174 921 3000
1354 1135 3002
954 1982 3002
732 1288 3002
2901 1798 3001
2119 1192 3002
1609 1432 3002
1308 846 3002
214 1723 3001
802 729 3000
1632 742 3002
2456 1734 3002
726 885 3000
1604 2585 3001
2753 1087 3002
627 2150 3000
118 2280 3002
503 2728 3001
2434 2643 3002
890 2124 3001
1762 1849 3000
92 1878 3002
1289 2105 3000
295 2149 3001
1010 248 3001
2988 2284 3001
546 393 3001
1734 2476 3000
1964 2490 3000
2587 599 3000
460 735 3000
2941 1671 3002
382 2512 3002
473 460 3002
1229 494 3000
2653 2705 3002
1150 1076 3001
2500 556 3001
2227 955 3002
796 2967 3001
2971 631 3002
488 32 3002
1754 2725 3000
617 1451 3000
2699 2223 3002
2519 1527 3002
322 2374 3002
2760 2122 3000
379 1179 3002
2127 2769 3000
1397 456 3000
2330 2792 3000
2561 1308 3002
1199 1479 3001
2813 316 3002
1424 1530 3002
677 1752 3002
99 1412 3001
179 2992 3001
1668 1162 3002
1869 264 3002
129 365 3001
702 22 3000
1780 1804 3002
325 2990 3002
1660 1309 3002
230 49 3002
862 1743 3002
2877 1221 3000
527 1844 3000
4 1245 3001
1705 1448 3001
97 2214 3001
2661 1751 3001
1226 2868 3000
1890 1682 3000
2773 579 3000
2469 1955 3002
343 1579 3002
2559 351 3000
154 693 3000
2863 2621 3002
2863 1415 3001
2670 1660 3002
1121 831 3002
1615 2267 3000
1308 269 3001
1395 2847 3001
2061 2618 3000
2231 754 3000
1403 171 3000
483 1150 3002
2016 2396 3002
773 1630 3001
1475 559 3002
1954 1851 3002
687 2422 3002
2907 1587 3001
2025 2015 3001
2073 1055 3002
2528 590 3001
1268 2819 3001
226 585 3002
2648 1156 3000
410 595 3001
2492 1372 3000
2199 1939 3000
2300 2250 3001
2729 1334 3002
547 1299 3000
2721 2485 3001
2023 2739 3001
1316 1182 3000
14 478 3002
5 1469 3001
748 571 3002
2867 1423 3001
2446 2478 3000
1070 149 3000
2970 2325 3001
2845 745 3000
931 1466 3000
1182 831 3000
780 2897 3002
2619 2233 3001
248 2291 3001
1459 601 3002
1555 662 3002
2111 2065 3000
203 2042 3000
729 374 3000
484 1982 3001
782 2727 3002
2886 323 3000
944 2062 3001
823 714 3000
197 243 3001
2284 1292 3002
2379 1041 3001
2541 2664 3000
710 2219 3002
2454 2376 3000
2975 417 3002
2332 2768 3001
2712 2993 3001
2849 50 3001
925 2815 3001
2866 1508 3002
142 2064 3000
1475 551 3002
1649 2532 3002
2369 621 3002
2417 1297 3001
431 1843 3000
221 418 3001
2443 1188 3002
728 2825 3000
102 2163 3000
2755 1801 3001
670 321 3001
2550 2456 3001
1214 1396 3001
1340 2521 3000
2629 2749 3001
2625 767 3000
1666 474 3000
1001 2372 3002
417 1771 3002
225 1713 3000
826 1723 3000
764 1209 3002
2279 334 3002
705 1999 3001
634 754 3002
1361 1332 3001
501 738 3002
1424 1389 3000
1681 1127 3002
797 1973 3001
2059 1291 3002
886 741 3000
1592 2077 3002
2116 2532 3000
2167 1529 3002
20 831 3000
2027 1668 3001
1582 1739 3002
2484 808 3001
1558 2123 3000
1247 2781 3000
1548 404 3000
944 463 3002
338 205 3000
1978 515 3000
230 1877 3002
437 1368 3000
2035 236 3001
2191 2121 3001
605 2874 3000
861 2791 3002
288 2265 3001
1618 1178 3001
464 1303 3001
1014 962 3000
2670 1023 3001
2437 297 3002
637 348 3000
471 1666 3002
2896 592 3002
1026 831 3002
2154 882 3001
2091 2714 3001
2204 597 3000
76 619 3002
266 305 3001
864 2476 3001
382 1324 3000
2676 610 3002
793 97 3000
1260 1487 3002
2351 1665 3002
2888 891 3002
1390 488 3000
2544 2963 3001
240 2486 3001
1533 963 3000
1670 1990 3002
1790 2909 3001
1669 2330 3002
1247 2117 3000
2539 2946 3002
144 1284 3002
1419 839 3002
1042 926 3001
1659 2811 3000
2186 301 3001
2836 2293 3001
1606 372 3000
658 2839 3001
1348 1427 3000
26 1509 3000
917 2751 3001
669 1736 3000
293 2712 3000
2415 2558 3001
407 973 3000
2594 548 3001
2434 1260 3002
923 2754 3000
2986 1122 3000
2865 1490 3002
1605 245 3001
2131 749 3000
954 2168 3002
1125 2574 3000
767 885 3001
1287 2945 3000
1348 973 3002
355 2130 3001
1421 446 3002
1505 51 3002
282 554 3000
1873 2910 3001
2081 958 3001
2695 1570 3002
1275 2327 3001
943 829 3002
187 516 3002
1973 77 3000
1344 447 3000
2814 1664 3001
2723 2429 3000
2495 2234 3001
1965 1063 3001
997 1996 3001
156 811 3002
1359 845 3002
626 1136 3002
2307 1810 3001
48 2808 3001
2867 2935 3000
1689 2883 3000
1577 1223 3000
1923 2477 3002
865 1053 3000
2656 2205 3000
83 979 3002
4 1449 3002
2588 108 3001
1883 2539 3000
2983 1806 3000
2187 278 3001
895 2786 3001
476 2641 3001
112 2998 3002
2162 2308 3002
1826 1380 3001
2317 394 3001
1862 252 3001
1948 940 3001
192 1496 3002
2142 1924 3000
66 1721 3002
1936 2552 3002
1104 1389 3001
1642 2844 3002
479 1634 3001
1066 2654 3001
521 1470 3000
1965 456 3000
2937 13 3002
2697 2246 3002
874 561 3000
1171 2303 3002
751 1555 3000
524 32 3002
436 2371 3001
1786 2313 3000
2312 238 3001
2837 2750 3000
1653 2471 3000
2437 2169 3000
560 335 3001
1151 1869 3000
850 64 3002
2869 1200 3001
373 2545 3000
2623 2691 3000
2321 396 3000
305 445 3000
1845 508 3000
546 737 3001
2647 1427 3001
1569 2382 3001
868 2880 3002
1439 2402 3001
34 2972 3000
674 1525 3000
1949 1551 3002
153 931 3002
1263 2724 3001
1541 2892 3000
1659 1353 3002
198 2627 3001
122 807 3001
190 1726 3002
2285 969 3001
107 417 3002
2449 1185 3001
1128 1486 3002
574 249 3001
1236 1874 3000
878 2278 3002
2350 742 3000
449 2166 3002
1281 585 3001
204 1805 3002
648 2187 3000
2151 2489 3001
1781 2442 3001
388 2282 3000
316 1858 3000
2645 180 3000
1793 1725 3002
2674 2587 3000
1617 182 3001
666 1701 3002
454 1211 3002
1916 519 3000
961 743 3002
1307 647 3000
1139 968 3002
1834 1078 3001
1342 2340 3001
1055 337 3001
2057 1904 3002
628 2596 3001
2924 2106 3001
1613 2587 3000
1498 985 3001
2666 1025 3000
1859 708 3001
2464 2432 3000
1474 2306 3001
784 255 3000
2823 766 3001
1758 2045 3002
1215 137 3002
2156 1839 3002
342 2764 3000
198 1513 3002
1166 1687 3000
895 789 3002
2166 2040 3000
1775 1356 3000
1674 1991 3002
738 408 3002
2672 1683 3000
818 1198 3002
1892 519 3000
1072 1561 3001
171 1155 3000
1728 1270 3000
2850 331 3000
2757 614 3001
1736 1905 3001
2558 918 3001
1705 2399 3002
2230 428 3000
2030 187 3001
1680 769 3000
2264 63 3001
455 1038 3001
1841 1284 3000
2323 2501 3002
287 81 3000
2531 393 3002
2350 201 3000
1771 724 3001
1116 392 3000
2669 2261 3000
31 712 3001
224 2745 3001
930 1853 3001
56 2740 3001
2348 1938 3000
796 817 3001
2692 1971 3000
180 501 3000
2217 1612 3000
907 1195 3001
824 1227 3000
1656 1194 3001
1651 1478 3000
1248 1676 3001
30 1854 3001
685 1117 3002
2228 1093 3002
112 1647 3002
940 948 3002
1461 369 3002
15 42 3001
2271 515 3001
2435 2694 3002
1164 1694 3001
581 2941 3000
1345 1637 3000
1253 876 3001
1013 1640 3002
1363 1219 3001
2184 1427 3000
1144 586 3001
1189 267 3000
2575 1796 3002
2875 459 3002
2477 1205 3002
2093 710 3002
596 2792 3002
606 367 3001
856 1932 3002
134 2684 3000
2089 1633 3000
936 1400 3001
2061 1934 3002
1706 2832 3000
78 1800 3002
381 354 3000
1366 2367 3002
1803 178 3001
557 38 3000
1070 1443 3000
2134 406 3000
549 2743 3002
1801 2207 3002
1207 172 3001
976 2400 3001
250 1755 3002
70 601 3001
1111 303 3000
966 2898 3002
1028 2738 3000
227 2743 3001
215 919 3001
2132 2069 3001
349 2810 3000
2897 2462 3001
1258 2648 3001
1402 1481 3002
1013 47 3000
1751 2280 3002
1822 1570 3001
106 1673 3000
2379 1439 3002
2677 2784 3002
59 499 3000
714 2976 3000
409 2737 3001
1341 1614 3001
544 1 3001
1568 2711 3000
868 174 3000
2265 2491 3002
230 1993 3001
1497 1928 3002
135 1073 3002
956 2956 3001
2271 835 3001
2713 527 3001
802 223 3000
1092 2230 3000
1154 1183 3000
1120 2789 3000
730 2995 3002
1359 2772 3000
2795 2395 3000
188 1468 3001
2044 2710 3000
642 1069 3002
1477 1735 3000
229 146 3002
2752 2196 3002
919 1910 3001
1906 2119 3000
2858 2675 3001
301 584 3001
695 1296 3002
2013 2479 3001
2762 2263 3001
1374 68 3002
993 2124 3001
1394 1556 3000
1683 1141 3001
1896 1354 3002
2243 2090 3002
92 1050 3001
867 939 3001
2762 2450 3001
1978 1998 3002
2885 1330 3000
851 2452 3002
251 234 3002
2511 2363 3002
1802 340 3001
2239 1905 3001
272 2498 3001
1912 933 3002
854 2361 3001
73 869 3000
1068 2311 3001
2567 1880 3002
2750 790 3002
1671 928 3002
2901 1857 3001
79 2642 3002
423 768 3002
2202 34 3001
2670 2907 3001
80 966 3001
2369 468 3000
2846 398 3001
1942 392 3000
43 2931 3002
902 2713 3001
1395 1885 3002
2600 1716 3002
1374 298 3002
1100 2659 3000
621 2360 3001
155 2068 3001
15 2940 3000
1062 1042 3000
1826 2302 3002
1988 1826 3000
1803 2266 3000
1524 2921 3001
1577 1254 3002
137 1450 3001
743 2546 3002
2201 1731 3001
1819 1952 3002
1405 36 3000
441 1376 3000
332 1061 3002
2829 2234 3000
1405 128 3002
101 2773 3001
1863 221 3001
2446 2500 3000
1313 1152 3000
1212 2276 3000
2036 1679 3000
525 2547 3002
2977 1968 3001
2322 1383 3002
2051 1228 3000
1567 1591 3000
2291 2405 3002
526 2603 3000
2929 1522 3002
980 2259 3001
57 972 3001
2116 2771 3001
2827 2252 3000
1061 400 3002
888 2299 3002
2029 1802 3002
1650 65 3000
2972 934 3000
1030 2541 3000
279 2548 3002
201 2050 3000
1843 1465 3000
508 1770 3000
2551 329 3002
1219 945 3002
924 2845 3002
900 1221 3002
2044 2474 3001
2626 1848 3000
1464 985 3000
1506 2234 3002
2384 2192 3002
1084 2189 3000
420 294 3000
205 2374 3002
1027 2858 3001
1882 2152 3001
1041 2020 3000
1105 1861 3001
375 143 3002
185 2668 3001
1590 676 3000
550 58 3002
1750 2961 3000
1407 168 3002
45 2464 3001
678 877 3000
1458 2709 3001
2389 2592 3002
51 2193 3000
2553 454 3001
2703 1149 3000
278 2925 3002
2462 1530 3001
1277 984 3001
1315 2345 3001
2054 1337 3002
2922 2328 3002
1006 1073 3001
2270 2320 3002
2757 1586 3002
2960 820 3000
2588 1347 3002
2907 2132 3000
135 247 3001
980 2513 3001
362 2683 3001
2672 430 3001
1886 770 3001
2604 747 3001
2151 518 3002
1940 59 3002
11 79 3000
1135 529 3000
2609 2071 3002
2496 1976 3000
2651 1962 3000
2162 130 3000
1592 1352 3001
880 2420 3000
933 94 3001
523 463 3002
1027 468 3001
2486 2953 3001
1172 2480 3002
1032 1985 3000
1358 2174 3001
1393 2578 3000
706 1053 3002
1125 2022 3000
2975 2801 3002
2222 2500 3000
1518 2612 3000
1384 1208 3001
2717 1931 3001
1375 655 3001
1512 764 3000
1997 1662 3002
819 271 3002
225 2658 3002
1241 499 3001
1989 2000 3001
906 680 3001
433 237 3001
1496 793 3000
1025 1835 3000
1235 2914 3002
1393 1905 3002
1982 2601 3002
1916 2905 3002
1210 2537 3001
1983 818 3002
2825 1590 3001
2584 2123 3001
798 512 3000
2125 1900 3001
222 2540 3001
1506 1492 3000
1496 247 3002
2441 2407 3001
2092 2244 3002
2679 1312 3000
734 1838 3001
2216 2565 3001
858 1930 3002
2457 2672 3002
1175 2275 3001
1848 706 3002
1779 2699 3002
2153 2136 3001
2336 470 3000
1289 1730 3002
1174 567 3000
1238 464 3000
1406 2425 3000
387 2840 3000
1572 2727 3000
697 1462 3002
267 440 3002
1220 1187 3000
2887 750 3002
719 1608 3000
2167 1451 3002
2186 2395 3002
2655 1576 3000
162 2971 3002
1329 2285 3001
2568 1777 3002
2928 1410 3001
1676 2754 3001
1917 1654 3002
2227 349 3001
31 421 3000
1731 268 3001
2832 2288 3000
2663 2976 3000
124 2960 3002
1594 2685 3002
286 2231 3000
2375 1172 3002
293 451 3001
757 290 3001
1350 1686 3002
2709 518 3000
2651 1824 3001
182 432 3002
1385 746 3002
1046 678 3001
1019 2042 3000
2876 1922 3000
12 554 3002
2458 309 3001
444 2263 3001
857 2797 3002
1399 2499 3002
1432 2121 3000
2589 496 3001
1480 64 3002
2036 1719 3000
910 1585 3002
663 1832 3001
1565 123 3001
932 794 3001
2460 1098 3002
2580 1899 3001
1957 2894 3002
2959 1370 3000
2082 2766 3001
1897 103 3002
646 2134 3001
1078 55 3001
464 2254 3001
571 2096 3000
1145 1741 3001
611 2967 3000
740 2001 3001
202 2762 3001
2062 548 3000
926 751 3001
1059 1334 3001
671 896 3000
2139 1350 3001
1219 850 3002
2838 2806 3001
1938 824 3002
1606 2854 3001
2966 443 3001
1629 2827 3002
926 2354 3002
330 344 3000
922 1350 3001
311 2932 3000
736 2592 3002
1063 748 3001
1328 715 3001
1873 723 3001
2839 621 3002
405 567 3000
560 2226 3002
2482 1986 3000
438 1392 3000
459 694 3001
1384 1169 3000
209 656 3002
1259 2079 3000
273 661 3002
1077 2436 3001
9 304 3001
2510 2042 3000
831 143 3001
1420 1552 3002
117 874 3001
2405 690 3001
430 1120 3002
2942 697 3002
57 770 3001
2085 2574 3002
2441 1571 3002
1103 808 3001
2963 151 3002
1838 1643 3001
2643 446 3001
2879 1193 3002
258 488 3002
2791 1519 3002
2679 2030 3001
321 1499 3001
1526 2870 3002
2562 2765 3001
1668 380 3002
2435 2305 3001
1457 509 3000
914 2086 3000
2816 200 3001
2573 776 3001
2680 768 3001
2662 2299 3002
2544 1498 3000
245 1229 3002
2840 74 3002
2385 2143 3000
908 1747 3001
1108 2611 3000
1768 2084 3001
590 2309 3000
479 635 3000
2015 2046 3000
2744 1697 3002
1662 1545 3002
1275 118 3001
880 2862 3001
1485 1240 3001
1856 453 3001
1769 1454 3002
1025 418 3000
1792 769 3002
2870 2547 3002
2805 287 3000
1953 2050 3001
1572 30 3001
251 2379 3001
2633 2336 3000
2209 1623 3001
1776 2277 3002
2274 2683 3000
2400 2944 3002
2776 1547 3001
2980 1922 3001
1823 2852 3000
1314 1654 3000
876 2597 3001
323 2278 3002
111 2609 3002
1516 2943 3002
2673 980 3000
174 869 3000
68 101 3001
1438 2709 3002
2426 1473 3001
1033 1396 3000
2240 1635 3000
1477 1298 3001
1549 551 3002
2605 359 3001
2947 9 3001
847 1424 3002
1633 1355 3001
261 1552 3001
1517 126 3002
2074 1489 3002
856 1358 3001
1652 2209 3002
1391 564 3000
2718 2481 3000
734 2934 3001
1522 404 3002
985 2645 3002
2594 2656 3000
725 2331 3001
89 2985 3001
493 1721 3001
2975 2927 3002
772 1591 3002
1217 2135 3001
245 930 3001
109 1651 3002
1150 131 3000
1221 2370 3000
1297 786 3000
686 2229 3002
2683 1131 3000
2052 915 3001
2429 784 3000
562 1698 3001
2428 2347 3001
750 79 3002
1949 2978 3002
1907 1508 3000
1713 1463 3001
1040 646 3002
2854 1942 3000
651 537 3001
1562 213 3000
1672 2431 3001
603 2770 3000
1827 1958 3001
402 2758 3000
2789 2780 3001
601 1368 3001
531 2902 3001
1663 462 3001
1410 735 3001
587 634 3001
1262 209 3000
2029 1804 3000
2814 1536 3000
169 1005 3000
2466 190 3000
1495 746 3000
2630 2771 3002
2111 1801 3001
189 2728 3001
2862 974 3001
1624 2568 3001
232 2389 3002
2914 2506 3002
1984 1723 3000
847 1185 3002
2397 1901 3000
168 427 3002
463 2294 3002
715 679 3002
1138 574 3002
1322 2790 3000
1664 564 3000
1765 187 3000
532 1078 3000
2314 641 3000
2198 2159 3000
2913 2374 3000
358 361 3000
2704 803 3000
2970 625 3000
2108 2758 3001
2644 2952 3002
2093 469 3001
509 2564 3001
1588 957 3000
1350 1913 3001
1974 1714 3002
1695 946 3002
558 2499 3002
2453 2261 3000
1301 689 3001
216 1478 3002
2388 2124 3001
2340 2508 3001
420 573 3002
867 2272 3000
2952 2129 3002
1684 1711 3001
1233 797 3002
233 2024 3000
1607 737 3002
713 2501 3002
2691 979 3001
2267 2549 3001
142 1863 3002
2856 477 3000
1907 2903 3001
591 588 3002
2477 2514 3001
1585 1331 3002
543 1181 3002
2274 2191 3002
2018 1585 3001
2036 747 3002
2269 1190 3002
1672 1123 3001
2448 425 3000
2939 1885 3000
2024 2294 3000
1901 223 3002
2669 248 3000
1017 305 3001
2923 411 3001
2697 458 3001
2422 229 3001
2037 1194 3002
458 1836 3000
1050 1989 3000
853 1065 3000
2259 1737 3002
1710 2584 3001
2871 86 3002
848 2672 3002
1001 2590 3002
1498 416 3000
2545 608 3001
1657 561 3002
637 2104 3002
1552 1685 3000
2489 705 3002
1963 2906 3000
2086 1544 3000
2716 1442 3002
2599 2969 3002
345 1320 3002
1723 779 3001
1380 20 3002
2115 657 3002
217 992 3002
1811 1085 3002
1577 633 3000
2460 1870 3001
1207 909 3000
529 1220 3002
126 1208 3001
700 1498 3001
1079 354 3002
459 1758 3002
2839 593 3002
2165 2068 3000
137 489 3001
2030 1051 3000
251 866 3000
1483 776 3002
1172 358 3000
1514 2693 3000
1607 1378 3000
394 391 3000
1100 1106 3001
168 994 3001
2650 2459 3001
1785 2154 3001
1429 255 3001
1358 854 3001
351 1399 3000
2426 287 3002
1779 1032 3000
1720 1673 3001
2522 2204 3000
1817 1651 3002
2253 769 3001
190 2913 3000
2060 930 3000
2092 875 3001
1819 2016 3001
568 128 3002
1240 2965 3000
2067 2319 3000
2303 2352 3000
1276 1696 3000
2382 1069 3001
859 2351 3001
6 1590 3000
2251 2093 3000
2675 1550 3000
1873 2412 3001
580 223 3000
505 1435 3001
1885 1790 3000
166 2704 3002
2957 1369 3002
1266 2091 3002
2268 1056 3001
1597 2890 3001
2283 2973 3000
2200 1423 3001
2222 1049 3001
967 1917 3002
2220 2818 3002
2005 1699 3000
2592 2047 3000
2904 2381 3001
2046 1348 3001
2000 1764 3002
1876 156 3001
268 1553 3001
474 2326 3000
2879 1287 3001
1877 1203 3001
967 2022 3000
2979 1995 3000
2116 405 3001
588 879 3001
1995 2468 3000
2600 1490 3001
1472 327 3002
42 2518 3002
2633 1378 3001
2500 902 3000
2492 936 3000
23 2505 3000
2568 2608 3000
320 2422 3000
1421 2122 3000
2250 2146 3002
1230 1007 3002
1832 2280 3000
1627 2458 3001
1934 2365 3002
1115 46 3001
496 2977 3000
1929 735 3001
1095 2884 3001
2055 2116 3000
133 2014 3000
585 79 3001
2053 2042 3001
608 160 3002
2249 2172 3000
1605 1885 3002
2660 2295 3001
1989 271 3000
2393 2329 3000
911 752 3002
779 1151 3000
1345 1701 3001
1657 1565 3000
2563 1710 3001
2137 1061 3001
1394 77 3001
243 1890 3000
1537 24 3002
502 2431 3002
1781 2234 3002
1323 2790 3002
1524 2435 3001
1180 255 3001
204 2252 3001
1952 1539 3000
2590 129 3000
2773 2756 3000
2967 2110 3000
955 2704 3000
2966 1698 3002
2594 1613 3002
2505 2664 3001
453 481 3000
2358 163 3002
2032 538 3002
2309 1627 3002
1980 131 3002
1906 29 3001
2013 2450 3000
174 2997 3002
2827 1874 3002
2820 28 3000
1468 2748 3000
1688 248 3000
1779 144 3002
2918 1885 3001
1696 2617 3002
384 5 3001
910 1891 3001
2373 1996 3001
1542 829 3001
1549 2308 3000
2548 1291 3002
2011 595 3000
614 1902 3000
2599 650 3000
1733 2350 3002
1866 2151 3000
1460 874 3000
1354 1020 3000
2733 1997 3000
1738 2415 3002
613 2345 3001
2991 2379 3002
644 688 3002
1671 1432 3002
1774 374 3001
360 925 3001
657 2004 3000
1483 2731 3002
2796 816 3002
65 2456 3000
887 173 3001
986 1290 3000
2439 2811 3001
2035 120 3000
2485 1294 3000
75 2718 3002
1507 2879 3001
1206 163 3002
1297 1300 3002
2142 1810 3000
2159 1423 3000
2872 701 3001
1407 2348 3001
1823 1167 3002
1213 171 3001
2903 883 3001
396 243 3002
132 2862 3002
1495 142 3000
651 2537 3002
2595 1852 3002
2634 481 3000
629 1336 3001
1913 1187 3002
2142 423 3002
922 1384 3002
1646 1079 3000
420 49 3001
2248 651 3000
398 2804 3001
280 786 3000
2180 1693 3000
2150 1518 3000
2168 1188 3001
594 1016 3000
32 2716 3001
2201 2725 3002
1848 2719 3001
1669 1029 3002
1524 2905 3002
1786 473 3001
2269 228 3001
251 1243 3002
1163 2333 3001
1327 2097 3001
164 1995 3001
1313 2508 3002
25 1720 3001
588 1124 3000
1749 1274 3001
221 1941 3002
361 278 3002
226 1319 3000
2543 222 3000
1297 2353 3002
708 2738 3001
2250 1504 3001
42 1752 3000
1497 1775 3001
2838 2224 3002
281 969 3002
2728 1059 3002
991 2010 3001
1377 130 3001
1382 1356 3001
759 1791 3000
2477 2089 3002
558 1014 3001
1689 2036 3002
766 1169 3002
372 2553 3002
1036 1019 3002
2350 534 3000
1073 2589 3001
1762 207 3000
219 706 3000
2632 2989 3002
1107 739 3000
749 1806 3000
844 1864 3000
449 540 3000
1834 544 3000
294 1584 3001
1811 1234 3001
1269 1182 3002
1745 2190 3000
1607 1796 3002
1455 763 3001
2791 2516 3001
2166 1294 3002
222 1855 3000
897 2598 3002
2137 402 3000
2464 2263 3002
1046 915 3000
806 665 3002
366 1812 3001
1221 2103 3002
