3000 1035 10000
891 846 17
473 693 1672
1003 1180 6297
740 2824 8840
228 1318 6677
2346 1405 4113
1046 605 5356
1364 1417 6647
1095 1900 72
2771 9 3018
2825 1016 6209
2133 212 14
2330 2762 1921
2649 2622 9177
2246 1822 5399
2745 2769 5767
1355 2032 6060
2141 2893 6091
174 2306 7016
2736 1469 7939
2818 555 826
1579 816 711
2380 2576 5999
405 1049 9612
2197 1450 7942
2815 1013 1943
800 211 3987
799 1953 9934
678 314 7
531 2883 1739
2841 1011 3906
1586 984 1485
674 884 7952
1309 2106 5523
1238 2553 2897
247 2393 7797
910 809 7489
335 2334 3093
1814 1952 7112
917 34 8467
2465 578 7134
970 1336 3659
1412 1773 8967
2481 2773 5267
2227 770 3135
1360 2657 4809
300 2831 3503
2325 1782 3723
2340 1117 9760
2518 302 125
453 1474 3211
2313 1737 8687
2119 1887 3880
2027 1383 228
282 779 8661
2721 66 3818
1617 2708 452
494 993 7385
2250 2138 6708
1771 2707 7151
2380 2482 1166
258 1010 3788
833 179 5016
2487 761 8851
1599 1597 6678
2019 2135 6682
2691 449 5300
28 2921 6549
2462 885 6170
73 1234 588
471 996 4305
1823 78 9267
2588 2902 4965
255 1585 5923
1806 1202 8325
251 2259 3867
2299 925 4323
2250 1761 5609
270 2788 9486
310 2545 9525
2783 2140 8727
1163 1693 6417
2893 1070 8996
1054 2114 4992
1365 1047 7781
97 754 7511
2871 316 417
604 789 850
811 1471 4683
1372 1513 8924
2716 209 5951
2464 113 7368
160 876 8264
269 197 9668
92 2636 3904
533 1797 9405
1633 590 1825
1903 583 9610
573 897 3002
961 1105 2700
1261 1827 219
543 765 5732
976 2316 4562
875 1402 126
2597 70 1135
1762 1553 487
1533 2495 9582
1966 2188 4290
100 67 6707
411 1733 2228
2684 1621 1170
59 1779 7676
2134 1052 4286
254 2510 4934
81 2947 3460
48 1872 4040
1951 2686 1529
15 2564 5661
1825 2468 5467
1328 1261 7720
1529 1110 4179
2362 676 1913
2354 138 4093
2784 1732 5667
2094 1385 8804
2391 1890 4660
2471 2475 2164
2044 1069 8170
2997 1620 2846
2992 376 6812
971 2059 8829
2803 1751 5257
1728 1719 9077
2031 2309 4375
1440 2124 7250
2065 104 3856
2023 1743 1139
2680 433 9207
2004 1085 9454
2672 2947 4412
545 2808 7903
120 1077 4776
1537 1847 175
2546 586 3262
373 2054 2233
1886 1652 2326
1862 2650 4424
1159 1819 4690
2890 1498 4554
2243 67 4587
2204 401 7629
696 1928 7645
2142 193 3818
257 2574 6749
2950 1768 6786
665 2410 4198
916 1555 3722
2266 2944 7179
2145 789 7976
3 2677 3918
1042 102 7091
85 2679 6597
1612 1799 5707
2402 2742 1751
1185 1817 4395
2259 76 9077
926 2633 8241
1967 462 1917
1567 456 4193
1304 880 1641
1926 930 3445
865 1108 3848
1818 148 7639
2789 412 2505
1713 1771 452
331 260 5927
2188 149 7677
569 2318 3755
1789 1230 4891
2103 61 8753
1522 454 3037
2800 2848 9246
264 2577 1705
2480 1573 6841
208 1889 9006
1617 240 1989
2049 1264 4369
1596 1432 8283
840 2093 7273
1774 2560 8415
775 2793 1224
727 2262 8275
1213 2340 298
1737 466 6024
2268 1875 5569
1414 1999 4580
2489 1276 9654
1486 2233 9832
1900 186 9237
586 2154 1891
1361 441 380
1428 1246 3589
208 330 420
577 2787 4377
1073 2153 1035
1419 1845 3253
695 2239 2468
214 2186 5430
1257 1626 9871
1457 2870 8709
168 1450 8233
1425 2612 2129
2620 1920 283
2312 416 3311
2634 2290 2094
2283 372 6456
1173 2798 7022
1524 1708 5266
39 1666 7111
97 1542 9985
2504 521 2026
244 1701 40
1354 2584 3162
2498 2260 3989
2110 2887 2376
759 1027 6612
2843 581 2621
2039 446 4129
1712 1221 6104
126 2792 7409
997 771 2919
2869 1067 724
1950 2896 9151
564 2437 2306
2973 2261 3558
1429 2319 2033
2272 2807 6590
1121 557 8409
1966 2337 9480
1279 516 1147
2761 1351 9235
2236 1667 9604
501 793 370
164 1465 5642
875 2886 2630
1717 2642 7743
2040 630 6973
1420 1556 4129
1828 663 3535
1620 2275 6156
1989 2231 4911
2635 2532 3022
1053 443 9190
2396 333 4732
2371 588 581
2201 2047 9151
188 123 6367
525 2166 4198
2587 1812 3342
923 236 7874
2900 2961 5762
635 556 5057
2763 2134 8225
1098 1559 4212
1097 2754 6617
2286 1984 6225
975 2151 1795
2416 1378 1613
1028 1245 4842
1109 2270 616
520 760 5707
2829 1532 4822
851 1021 7393
2033 1426 8186
1306 871 9884
1174 1074 3669
2430 956 4047
1961 2653 5271
2828 2099 6040
1136 543 7669
1326 308 4631
2833 206 7825
2239 1209 441
2341 2641 7148
2379 469 6734
1731 1965 7437
2985 949 9086
1871 315 6377
685 2895 2526
2831 958 8059
1443 1406 2719
847 921 8865
481 1520 2392
1274 91 2866
2054 2905 1014
1174 1617 9765
741 1671 3743
1416 491 2276
2079 1698 6343
557 472 403
2174 1627 483
169 2249 3970
2042 548 9921
2953 2965 672
1526 1228 9493
2906 1613 2347
2453 1488 6911
407 1808 3314
225 210 6486
1938 2403 5420
2478 2548 4644
2502 1217 4884
2052 1030 7913
393 1433 3209
2824 2142 6216
2942 869 5973
1856 201 6829
1667 1463 9089
1017 2194 9440
2122 2725 1788
1576 2225 4500
1431 1587 6089
2806 1197 594
199 1804 5731
2946 2994 9312
2186 835 5975
2682 518 7408
1467 2712 3268
2199 1352 444
544 1492 7918
1377 2064 43
1188 1297 3684
2017 398 7259
105 80 3640
1719 2488 8130
947 328 7761
99 1330 5832
2265 217 4898
2539 2012 4434
2960 2322 7191
2009 597 7188
2724 1550 3715
219 2370 819
834 90 8436
1398 607 7468
682 728 5182
357 2490 5786
2169 1282 5107
1436 736 1060
1324 295 1764
1813 2159 420
618 598 7622
1756 1740 1782
643 966 4369
761 2898 9246
1727 846 305
1445 2968 9614
470 1062 3331
853 1898 3757
2685 683 8600
1795 2191 8899
478 2521 5855
1439 857 6561
2523 2546 6479
1560 2499 1187
1484 253 9288
1007 2869 3665
1921 1121 375
2702 2513 963
1887 2111 1669
437 2070 4127
1958 2809 6613
660 1879 677
2051 2105 8860
1183 1130 7683
820 1912 1488
2371 2192 4210
929 1358 3039
1889 1884 486
701 178 6037
2113 2640 3598
2024 2629 7893
2658 2317 6518
2192 1354 2230
1535 2080 3985
1842 552 737
1386 2664 2044
2930 2948 9190
38 2529 5139
670 2023 3978
650 110 6841
2755 2595 4859
922 1128 332
1199 1060 6826
1871 951 3003
1230 5 1230
2211 469 8064
2600 1693 9745
2888 77 6728
2910 1994 6788
767 2278 4888
1359 600 1236
723 1181 5345
130 2727 9581
355 2193 9197
453 278 1582
915 1656 3636
1710 290 302
575 1769 33
2123 2863 1215
1780 1976 2991
534 876 9430
2294 151 9657
2443 2573 5786
445 1013 2607
432 2476 6485
2753 95 9337
158 700 3949
451 642 1238
2487 1331 8710
2398 1894 5865
320 849 7613
2818 2467 3595
2548 506 4169
166 2703 4234
2114 461 6206
702 2579 9065
723 2974 8605
1661 2578 7339
1558 1619 6711
841 698 5633
2150 2551 6389
2758 2965 2748
479 2304 1423
2056 451 4773
177 705 2851
1353 2726 688
226 546 4315
2313 2534 4069
615 2899 695
1948 1446 545
1445 2594 6126
459 528 209
591 2156 1646
2988 686 7430
2005 2696 3459
858 2718 8755
1393 1089 2730
1508 679 802
1853 1179 81
2420 250 6211
916 276 7579
2662 1478 2232
2214 952 9276
2297 2926 9474
2878 1792 8344
2937 1704 8257
2512 2532 8945
118 2825 4714
1703 2543 3750
2147 706 8710
867 1413 2388
1881 784 6723
473 2425 9785
558 989 3214
1103 1113 2364
2000 1906 925
2212 2416 815
2750 1880 5973
427 1669 6579
2035 455 653
2969 1434 6035
2844 939 9681
285 2631 4559
360 1022 7213
1869 2355 538
2509 796 1755
2668 236 3977
708 1285 3501
154 2895 2577
732 2710 4454
2837 623 3866
1240 320 796
131 698 27
418 1703 6335
968 2864 9548
2550 1697 6145
508 1898 6117
277 2805 2950
1356 644 7101
229 787 744
2263 1222 7838
1409 375 407
2244 2281 5497
825 2537 9614
2471 2479 2776
959 1812 3609
25 2941 6886
953 1145 6161
518 475 1256
693 1551 5237
2852 1598 528
934 2613 666
713 2813 9178
2607 2224 7350
1603 2605 9400
2351 2571 6790
1362 1412 1402
326 984 6055
2069 1717 2613
2514 807 5320
2485 967 9642
584 1864 4643
2157 417 540
1050 1305 4564
2025 1257 3587
2738 15 9104
1858 701 6568
1781 2022 5760
1470 2881 175
8 698 4144
203 827 2845
2917 1075 7268
1361 2139 9123
1509 2247 3549
170 1417 7708
1658 184 2408
2881 2206 674
2257 2801 4264
337 2714 9844
1258 2766 8217
2292 879 7126
808 399 1329
830 1019 6146
1520 1305 3691
631 127 6973
1371 1541 8807
1987 1069 1843
1372 860 2269
2515 1646 6443
1630 1078 6259
1813 636 2138
2915 1220 4175
781 528 3298
2048 70 7891
2015 2744 5421
2392 2489 4646
414 792 8308
19 638 7461
2162 1784 1056
1271 1686 5040
79 1750 7472
79 506 9002
7 935 2951
1566 2082 5992
2752 2780 5172
1708 550 2885
265 2394 5460
33 498 4069
103 336 9702
2562 2849 9034
1242 695 1832
546 1313 1634
129 1679 5902
1945 1347 8480
2131 1775 359
934 1699 8346
2797 709 6906
1160 7 4144
2787 384 6703
30 98 2537
488 2057 1712
1738 2730 2733
31 705 6581
2602 1954 6010
529 1124 2188
1330 762 3550
1843 1847 1016
2636 1640 5024
1948 852 7158
519 965 5006
435 2694 7497
1714 2037 2652
2934 2885 5103
1543 1573 8040
582 1772 2390
1645 1190 4677
1930 254 3208
448 2276 9040
2083 2617 8579
2482 1760 4219
2245 1832 1550
1204 2367 728
1260 1539 3857
1039 1557 6616
2143 1661 1848
1941 1248 4949
2687 425 3069
2707 785 6772
2287 368 358
556 1032 4030
1466 543 1876
1195 726 6293
595 1284 4545
1800 2843 5672
1421 1291 5348
2768 766 6088
1177 1513 4511
1641 1606 79
1257 493 103
183 526 9590
1508 1489 1553
2439 2795 1386
810 310 4018
2779 1132 6767
314 1871 5558
1879 1839 2241
828 1960 6440
1636 2829 5294
733 739 6125
1338 1993 9191
2569 1683 968
2865 2300 8885
743 1685 244
1970 429 6411
1429 1863 4750
2028 2451 8492
1393 2850 9428
893 2213 4778
719 2360 7240
2378 1202 4788
2949 799 1657
191 897 180
1801 2985 3890
428 2144 7836
2918 1733 5535
1635 2324 8476
2190 1431 1857
1424 2761 3115
671 2346 5467
1683 2051 4480
44 2030 2864
2432 1937 7684
2797 822 281
674 662 5060
2204 1182 9786
1033 372 5018
2129 1356 2640
764 1721 1817
902 2931 3883
543 1091 9186
2801 1219 4692
1968 2452 5646
1115 1206 6212
1851 2112 1960
1041 39 3786
1079 2935 5943
2999 732 697
866 149 3809
2464 2470 9727
720 748 3016
832 425 1831
1544 2759 8546
189 1341 8766
264 2860 8477
1791 137 406
508 1299 6783
2693 2240 825
978 1101 6446
1547 1286 8644
809 530 5536
288 2733 8988
885 2544 4831
1014 964 8812
585 1118 7736
189 37 5550
1505 1297 2793
1485 1982 4670
2398 1160 322
941 2272 1634
1335 1676 2343
1516 2374 8708
1345 2589 4213
1970 404 6018
479 1568 5180
2217 2957 3882
870 1222 9046
791 307 8861
151 2049 1926
556 2671 6049
997 2177 1053
1755 1146 3071
2430 2872 5497
2041 572 7469
2706 1002 3221
1524 1479 8826
691 2660 2785
2542 2067 4987
2993 1593 207
467 850 7321
1312 351 6115
1213 2116 2063
608 223 9693
1837 2497 5130
877 2178 6911
2884 1350 4954
1866 763 4262
1232 1641 9979
169 2527 5147
2683 1931 8003
1093 395 721
540 392 3642
1904 2053 2512
872 1430 8701
2326 1286 5411
318 466 9009
808 842 5727
1212 2861 5991
1224 1908 7863
2702 2539 7441
238 862 3632
359 1661 1773
2201 1817 2814
2045 361 1389
2736 2066 707
340 2733 2565
2365 1668 7739
1969 1262 3943
1523 1838 2651
2517 696 6031
735 2059 4667
1758 1707 4507
753 2645 2307
2335 868 1200
2289 2681 5115
714 425 6512
1410 2641 4369
2194 409 1587
293 734 7936
2076 1248 442
1545 1047 5003
2124 242 6255
1997 1126 1674
2699 2144 32
63 819 1943
783 2541 8032
2168 631 7766
1245 2010 1114
1193 2868 5828
2697 1143 5127
1764 2584 332
1546 954 5693
775 2984 2261
38 1507 2514
1692 1425 5639
1818 899 7305
1437 399 5951
1001 2627 9438
2873 1615 3328
1295 2759 3203
1947 934 859
1824 1730 3348
2474 2880 9146
586 760 9403
94 613 1305
80 1129 6516
1730 2771 2509
2560 2045 3598
831 1299 6928
1649 724 2602
2300 962 8103
539 502 4795
2563 1167 6169
245 1382 918
2894 1008 9951
1029 589 1303
2137 2774 8347
2248 2388 6562
2712 2964 2028
856 1954 9996
2202 2839 9856
1945 1861 3582
2683 2712 749
51 1824 6995
234 797 6115
64 1648 4149
2524 438 2894
2130 2647 5176
2077 2247 8195
1736 2122 4311
146 2244 1941
426 2763 6220
2669 345 5897
1680 65 3788
772 818 4138
2952 2359 8340
2838 492 7962
99 703 9260
1288 649 5838
310 2295 119
1474 669 4694
844 2704 9828
182 1393 9289
2621 1627 7443
208 1307 7460
324 2157 1922
1250 275 1791
2730 2979 6426
1145 1201 3134
1258 529 8855
2556 1788 7353
2904 2616 9288
1036 2651 820
49 457 3984
2740 1293 5851
1141 2812 7819
2093 1651 4524
1102 2674 6198
227 733 3794
994 2926 1154
2132 374 4159
2802 2056 3631
2692 2622 9275
487 183 2491
1115 422 5906
2943 2901 1108
897 27 8004
1505 1764 1464
1005 419 2637
1461 1543 1223
886 2308 7067
2557 1479 6819
2347 1964 2811
1423 187 7419
2486 52 3284
1027 2855 5545
2735 1538 4936
1867 1601 1735
2405 1204 7965
2012 1226 3283
2653 2473 966
1717 2906 8148
733 2252 6754
1891 1086 8648
460 522 198
1708 1810 9723
503 2705 1647
2302 1284 3330
767 348 2446
2765 2924 6621
153 532 9507
2431 967 2546
1788 105 4862
837 2756 7808
390 1675 4942
2675 1559 4814
2167 2479 7903
1583 1525 7673
1592 1053 5480
2318 305 2927
1191 2321 7211
1135 985 2122
729 2492 9436
1961 2359 2843
2403 1705 4384
2397 554 2859
2501 1039 7901
936 654 6534
87 1710 5202
773 1342 5967
1268 1216 9124
2724 261 6314
2700 1697 9120
2435 329 9837
929 2626 5993
2108 1094 9760
1385 2774 7209
2372 2805 2828
2520 410 3686
1428 1592 173
902 69 7357
763 382 8893
1296 2448 6719
1223 2084 3687
2859 843 467
730 2792 9133
864 888 415
1968 2249 3315
133 865 9341
1582 1981 3934
1301 710 3743
2319 1012 2699
2939 158 5213
2146 2790 4158
1794 44 675
268 1957 1165
1543 172 1260
2463 2339 6386
2375 1588 8844
2667 2097 8406
950 1709 8037
1458 154 2808
2745 1647 4669
908 2419 1899
122 1897 4910
1377 1963 7822
2734 2162 2178
54 703 612
24 2381 5212
1687 2164 8818
2221 1473 1896
16 1540 356
1546 769 7014
854 2374 6791
2559 1286 776
2507 2004 5398
1363 346 1165
217 1763 7947
2780 1652 1900
2822 2508 2034
2350 2615 7592
1379 2210 1034
2401 1272 329
2196 1983 9514
2978 2661 6219
1066 1711 5659
2348 2204 7261
1786 329 9798
2280 1862 9966
2229 2894 4301
1956 2266 5398
2598 2729 5319
231 2226 6460
224 753 9390
2530 1960 4499
1395 1004 2967
61 1238 7809
1874 2163 863
2210 2881 2671
157 263 3029
2678 408 2927
2516 101 5525
2 1711 4922
2431 1669 2951
2003 1351 2161
1254 1051 8391
341 1476 7871
2445 2832 6315
1165 2914 5319
887 1674 6302
2198 2006 9138
379 2191 2961
309 1820 8069
462 2822 724
2314 353 8176
549 548 6857
2945 567 105
2929 2169 6615
1601 722 8381
2006 2586 3379
1656 2997 1708
2467 268 6139
2711 2018 9609
2197 720 5814
2587 297 7151
654 490 8095
898 482 9690
327 1497 141
2413 2227 3273
2756 1801 3618
2035 386 171
2708 779 1048
1653 2525 2024
2855 1514 3812
1580 712 3266
0 480 7070
2709 397 1315
2827 590 7775
1787 1473 5921
1319 1449 7852
2085 1511 2983
1637 227 8848
2594 2310 1584
2309 574 3259
1198 1193 6849
1838 2297 2844
2002 412 1368
2971 2624 1932
682 1518 1558
1180 1208 3721
2794 334 6823
1327 1015 3466
790 538 2858
145 845 1262
1308 2923 244
2565 1441 6980
1231 536 88
1263 1691 7174
1577 369 4380
2008 609 7545
1779 1051 8505
2544 459 8735
502 598 7491
989 1414 5859
547 1433 5440
633 788 5012
26 1168 1330
1332 2449 6444
224 2264 3118
2040 1451 8559
785 752 8936
652 1578 4284
2558 423 1774
1896 2199 1697
2075 2638 1974
681 2647 2388
974 2646 5465
1865 1282 5028
2462 512 3277
358 1178 4038
2166 1178 1402
1043 806 5432
2050 1722 1223
914 2349 3864
2412 1563 1207
1588 694 9494
1995 96 813
1691 2043 6079
98 2758 3955
337 602 4367
286 2701 9224
523 1111 6187
1828 576 4409
2414 119 8876
2592 1394 9494
