3000 2998 2797
996 109 1
805 2091 10000
2216 2897 1
2982 2418 10000
871 1874 10000
1126 1390 1
1999 1465 1
1756 348 1
514 2203 1
1433 1579 10000
76 415 10000
577 1135 10000
550 935 1
2328 2890 10000
1096 981 10000
1573 1589 1
1219 2003 10000
138 1113 10000
1060 882 10000
2395 1792 1
2977 228 1
1241 184 1
842 1397 1
194 1226 10000
1423 1536 1
2502 1013 1
2988 1352 10000
2061 2858 1
2484 270 1
2752 1726 1
842 2504 10000
997 1763 1
1345 1213 1
404 1648 10000
810 2600 10000
913 2981 1
693 616 1
1754 1971 10000
373 625 1
1550 1871 1
2180 2340 1
1607 1080 1
231 2560 1
2877 1008 1
2558 692 10000
2250 2740 1
2419 335 1
1422 2208 10000
318 1208 10000
2824 287 10000
618 1503 1
25 479 10000
75 137 1
699 2310 10000
1455 2593 10000
462 1148 1
1519 1245 1
627 1868 10000
686 739 1
2513 2519 10000
2542 1193 1
2640 2501 10000
2610 2029 1
2709 2015 1
1004 417 10000
294 1870 10000
2559 1899 1
1778 1338 1
499 1863 10000
776 1343 10000
2934 2564 1
363 2937 10000
1333 418 10000
1279 1259 10000
667 2880 10000
2162 762 10000
1798 2816 10000
293 2169 1
1428 2526 10000
1724 1538 1
1369 2668 10000
2451 846 10000
714 2642 1
343 1838 1
1664 2247 1
2989 2423 1
504 2940 10000
135 2915 1
1174 2264 1
2631 2810 10000
1375 1191 10000
1825 1017 10000
1944 2614 1
1436 2813 10000
2991 2854 1
56 2302 10000
2587 1699 1
1852 2992 10000
47 467 10000
2741 2073 1
539 84 10000
306 2043 10000
2522 1359 10000
1484 484 10000
765 2720 1
1586 98 1
1179 2953 10000
2388 1644 1
2851 1478 1
2860 2636 1
2403 1211 10000
213 2606 1
1627 2076 10000
2776 1672 10000
2663 273 10000
1857 1671 1
1841 2269 1
2812 474 10000
402 2242 10000
2773 2350 1
1584 1835 10000
80 1570 10000
1985 2410 10000
720 2734 1
1681 920 10000
861 811 10000
2385 1715 1
2682 2653 1
330 1620 1
1698 2454 1
2138 896 1
2692 712 1
30 1422 10000
1216 1781 1
2295 2637 10000
421 1373 10000
1464 89 1
2621 373 10000
734 2703 1
398 2708 10000
1420 1467 1
1398 1430 1
2200 678 10000
1572 974 1
12 2460 1
954 941 10000
770 297 10000
2185 1348 10000
175 1380 1
948 1041 1
1278 1924 10000
1545 332 1
934 676 10000
2823 300 1
2177 2825 10000
56 1724 10000
2185 2438 10000
1349 1932 1
2021 1539 10000
426 2396 10000
2327 1321 10000
382 477 1
95 817 1
1747 851 10000
1282 371 10000
2689 1677 10000
359 2518 10000
1663 127 10000
1955 2941 10000
2072 1455 1
2249 545 10000
871 54 1
2199 136 1
2422 1546 10000
261 193 10000
1771 1559 10000
511 1172 1
1217 1 1
2040 2462 1
1739 1184 1
1847 2314 1
150 1107 10000
1310 1497 10000
81 2553 1
2945 323 10000
1147 2493 10000
37 2971 10000
1852 1048 10000
2562 134 10000
1718 126 1
196 853 1
573 2592 1
320 2483 1
182 2916 1
525 1998 1
1696 2587 1
1714 406 10000
1091 2498 1
821 828 1
651 50 1
129 2832 10000
2681 2317 10000
1605 1218 1
2957 697 10000
2022 2178 10000
2882 1565 10000
2016 734 1
2113 2367 10000
1255 844 1
1142 1247 10000
667 2174 10000
1747 1438 1
308 2071 10000
2017 531 1
2408 2123 1
695 1060 1
599 1356 1
1453 2683 1
1548 2702 10000
1765 316 10000
2523 2428 1
1858 919 1
2646 921 10000
271 2499 1
1190 1459 10000
186 2263 10000
2323 279 1
2744 2844 10000
2754 2346 10000
2616 2846 1
2762 2032 1
2545 1337 1
970 77 1
250 2596 1
2707 1992 10000
1354 1607 1
2911 368 10000
380 536 1
642 278 1
1335 736 10000
1668 845 1
1938 2330 1
2105 435 10000
669 852 1
1155 1962 1
170 2427 1
1329 1894 1
916 482 10000
118 687 1
344 1441 1
1507 475 1
155 939 1
1202 1034 10000
2641 807 10000
1059 2848 10000
1773 2538 10000
2438 58 1
55 449 10000
2681 1713 1
2885 1174 1
797 1548 1
1788 1651 1
387 1494 1
1169 956 10000
803 2260 10000
2807 1700 1
1622 514 10000
1399 1825 10000
2582 1749 10000
151 1917 1
1510 1754 1
2306 2075 1
1585 1309 1
1235 1746 1
1509 2153 10000
1854 1022 1
2045 2985 1
2467 2588 1
1927 991 1
2718 2691 10000
1325 2753 1
1117 2625 10000
1136 1509 10000
1889 2311 1
2272 2640 1
92 2376 10000
2562 2225 10000
1115 1650 1
2783 2633 10000
2910 2692 10000
2293 1602 1
2701 2977 10000
1525 218 1
1339 39 10000
1553 1929 1
2069 478 1
463 398 1
215 778 10000
1344 1759 1
1728 539 1
2156 154 10000
2893 1701 1
130 1433 1
117 1056 10000
1146 143 10000
2982 90 10000
120 656 10000
628 1997 1
2316 898 1
2847 2719 1
1844 524 1
918 1775 10000
1824 326 1
2296 1150 1
1018 2141 1
2732 694 10000
2237 953 10000
2504 1065 1
2674 2435 1
1197 1351 1
1897 1532 1
2512 2843 1
2093 1274 1
2256 1593 1
2431 569 10000
2011 760 1
1304 1552 10000
996 1058 10000
472 1140 10000
2823 1882 1
302 1926 1
2818 1522 10000
2896 1564 10000
2408 951 10000
2122 66 10000
58 163 10000
2420 1090 1
743 2194 1
2432 876 1
595 688 10000
1134 2167 1
2578 82 10000
1231 1111 1
317 1292 10000
1562 1240 1
2842 1943 10000
210 848 10000
123 2104 1
2839 1258 1
550 1038 10000
463 1131 10000
1389 2661 1
1794 230 1
2402 1545 10000
112 201 1
976 1260 10000
1906 2934 10000
2255 578 1
1830 2476 1
350 2877 10000
1773 442 10000
1739 451 1
635 2436 10000
1688 20 10000
2114 1814 10000
647 1744 1
81 46 1
1780 1038 10000
1161 1475 10000
2525 2070 1
2599 2209 1
1389 447 1
1562 2771 1
350 289 10000
2936 2162 1
2998 517 10000
510 2098 1
2054 365 10000
1314 303 1
2007 2589 1
889 466 1
2752 2195 10000
2394 1126 10000
372 2001 1
758 2238 10000
2700 1624 1
1982 2440 1
2537 843 10000
2172 1491 1
2919 1670 1
2014 1601 1
571 2323 1
309 1406 1
690 2599 10000
1222 810 1
178 2040 10000
440 2372 10000
2742 2965 1
1155 1118 10000
613 2488 1
1616 2731 10000
2972 54 1
1898 2509 10000
1703 354 10000
987 111 1
2213 1740 1
2152 2535 10000
328 803 1
90 2800 10000
1713 1171 1
2776 2714 1
2939 2500 10000
2333 903 1
1358 2019 1
189 381 1
2839 2766 1
2835 1655 10000
2878 2190 1
589 209 1
2914 612 1
1691 1668 10000
431 156 1
1119 1114 1
2130 2634 10000
2541 329 1
1622 487 1
2110 2056 1
1474 1427 10000
1342 829 10000
773 644 1
2659 755 10000
872 2928 10000
543 2797 1
2938 2783 1
908 2879 10000
2100 1387 1
675 1032 1
2861 1652 10000
724 2764 1
2081 2181 1
1933 2621 1
1102 1723 1
1696 356 10000
2958 2303 10000
1908 2424 10000
2432 2883 1
1551 537 1
2730 1977 10000
540 2789 1
63 302 1
1506 2468 1
1025 236 1
1843 503 10000
2154 2914 10000
215 742 10000
93 1794 10000
2065 1241 10000
1681 527 10000
118 1557 1
2945 183 10000
827 2639 10000
672 2794 10000
1293 1591 10000
227 2475 10000
186 2108 10000
608 1756 10000
2516 752 1
320 2129 10000
2020 2527 1
2429 2379 10000
2837 2160 1
1490 772 10000
2359 1528 1
140 2638 10000
1055 872 10000
761 825 1
2547 1653 10000
2979 867 10000
172 53 10000
2166 1611 10000
1069 2268 10000
814 619 10000
122 2206 10000
369 2631 10000
1009 1882 10000
2461 2962 1
2037 2134 10000
1195 498 10000
2946 12 1
2545 2685 10000
1479 1828 10000
1039 424 10000
1618 392 10000
2204 2932 1
2561 2469 1
2299 313 10000
968 2769 1
973 611 10000
51 182 10000
1048 1490 10000
1499 2747 10000
168 2650 1
225 642 10000
419 908 10000
927 2152 1
2142 598 1
458 364 1
2602 1664 1
2011 2259 10000
1501 180 1
1029 2996 1
1989 357 10000
1103 552 1
814 674 10000
928 2774 10000
2236 1993 1
671 1166 1
2659 2815 10000
2124 198 1
508 1854 10000
2689 2322 10000
337 317 1
254 1836 10000
2543 2829 10000
1485 224 10000
408 1586 10000
2027 1525 1
1305 1810 10000
690 1144 1
865 703 10000
2894 1125 10000
1614 1163 10000
286 2389 1
1121 1244 10000
2192 2226 1
2649 2795 10000
1031 2280 10000
2572 429 1
319 1257 10000
1229 519 1
629 1498 10000
2253 1619 10000
663 1849 1
1206 1115 10000
1862 891 10000
1774 527 1
2107 220 1
983 1891 1
2997 1281 1
2511 2987 10000
242 668 10000
2220 1134 1
1082 2534 10000
1812 2678 10000
1529 2780 1
1270 1024 10000
2471 379 10000
902 2431 10000
394 1047 10000
2929 152 10000
1447 1557 10000
1855 1585 1
1639 2609 10000
1123 2299 10000
1402 2990 1
1104 2097 10000
2838 1242 10000
2704 414 1
2219 311 1
1003 1151 1
1764 1266 1
2572 2217 10000
1322 674 1
128 1016 1
2157 86 10000
655 309 10000
582 2725 1
1721 768 10000
2176 2777 1
2975 2869 10000
915 2641 10000
1200 113 10000
2249 1363 1
1898 351 1
308 436 1
889 1955 1
489 22 10000
1951 79 10000
1384 2671 1
2370 990 10000
1025 339 1
2039 2079 10000
1572 2437 1
2004 1162 10000
1023 1276 1
1178 2881 1
637 1587 1
485 1922 1
49 1255 10000
2353 483 10000
2649 1342 10000
932 1872 10000
1043 1717 1
1729 2024 1
660 792 1
2433 2580 1
2717 672 1
2253 2887 10000
1869 2473 1
44 2935 10000
1742 2957 10000
2228 2511 10000
2281 673 10000
859 2217 10000
2852 174 1
1581 2878 1
1991 420 10000
2452 2349 10000
2047 2895 10000
502 1383 1
159 2038 1
2214 1975 10000
2644 229 1
677 2155 10000
2849 260 10000
178 251 10000
472 2474 1
884 993 10000
1595 1264 1
2344 2902 1
1371 2547 1
222 1982 1
2172 1249 10000
2821 832 1
1275 2212 10000
1515 2235 1
2993 812 10000
2885 2136 10000
1384 2100 10000
1544 1371 1
1719 2482 1
2366 67 1
1526 432 10000
1431 1023 10000
728 2986 1
1637 268 10000
1541 304 10000
1445 167 10000
2748 1181 1
563 2472 10000
176 2025 10000
1580 1634 10000
2464 2522 1
1711 1424 10000
1937 45 1
827 2309 1
2516 2514 1
860 523 1
2948 2492 1
1800 886 10000
638 2530 1
390 753 1
2085 1942 10000
682 641 1
2793 1858 1
1416 1382 10000
2380 2558 1
1824 1612 1
24 605 1
93 2084 10000
1580 1890 1
944 2150 10000
1660 917 1
344 2371 1
1537 425 1
936 2398 10000
2455 2787 1
1606 2270 10000
2054 2918 1
409 1178 1
1249 1760 10000
2374 1229 1
2062 2090 1
1703 1431 1
2613 2778 10000
2685 2591 1
158 190 10000
2503 1204 1
698 802 1
155 1693 10000
301 465 1
2144 1418 1
1693 1531 1
2617 370 10000
1297 1473 10000
2461 1555 1
1408 654 10000
1057 356 1
343 2433 1
2228 1519 10000
1228 431 10000
433 658 1
2543 2365 10000
516 2687 10000
2959 422 10000
1906 2236 10000
2419 2292 10000
2066 296 10000
2331 685 1
141 486 1
46 2221 1
800 1217 10000
1816 1182 10000
899 1220 10000
623 2701 1
1844 241 10000
267 866 10000
1698 1215 10000
1801 808 1
2175 2180 10000
1417 2327 1
1806 1301 1
1953 1302 10000
911 2478 10000
681 2901 1
337 2582 10000
631 2841 10000
750 377 1
1064 666 1
1207 1616 10000
2035 547 1
790 2970 10000
1535 1328 1
1968 1164 10000
854 2331 10000
88 1391 1
2129 1267 10000
117 2792 10000
2618 338 1
2597 2144 10000
2546 144 10000
2807 1630 10000
936 2652 10000
964 1839 1
573 1785 1
1716 1237 1
593 967 1
964 2057 10000
1308 2585 10000
2058 1571 10000
105 911 10000
2142 511 1
1294 675 10000
2392 2864 10000
419 1137 1
528 1931 1
2826 2822 10000
2182 36 10000
2204 952 1
819 1065 1
623 2845 1
490 746 1
2791 754 1
2723 2946 10000
1809 1530 1
123 1860 1
2219 359 1
1133 1341 1
387 2035 1
2716 2170 10000
618 2199 10000
2762 1819 1
2602 2521 1
1879 2295 10000
16 639 10000
2321 2196 1
2407 1361 1
2896 1196 1
823 1086 10000
469 2710 1
1734 526 1
2380 481 1
2171 505 10000
241 1834 10000
1122 397 1
818 2524 10000
1346 2809 1
1435 1735 1
2852 2712 1
2889 2828 1
1386 490 10000
733 2872 10000
2512 726 1
460 11 1
1614 205 10000
2232 767 10000
592 29 1
1118 549 10000
1318 610 1
2485 661 1
2999 726 1
464 707 1
453 907 1
2251 653 10000
1145 1753 10000
962 1399 10000
873 732 10000
1091 1808 10000
2955 2140 10000
2796 2800 10000
2083 1029 1
793 1961 1
1582 1833 1
2004 1878 1
1665 1762 10000
2151 1077 10000
2092 2422 10000
1764 1748 10000
2246 1395 1
2378 1842 1
1454 1743 10000
1404 2666 10000
2272 2415 10000
1900 2583 1
2736 916 10000
1112 1185 10000
389 1930 10000
2296 1462 1
2298 813 10000
1010 718 10000
2657 2696 10000
2755 146 1
839 1153 1
2157 1797 10000
2289 816 1
931 2737 10000
1736 2146 1
2309 2904 1
2887 1682 10000
702 2540 1
2831 21 1
1637 2539 1
1372 2414 10000
263 2463 1
2820 1099 1
1513 2924 1
345 766 10000
1460 2487 10000
391 1815 1
2861 232 10000
1583 1347 1
2889 2402 10000
346 1945 10000
2694 858 1
2520 2952 1
1205 333 1
2643 663 1
1610 994 10000
1751 205 1
776 982 1
1175 506 1
2956 1106 1
2333 2291 1
2256 963 10000
2243 520 1
372 251 1
264 2093 10000
2202 759 10000
1524 764 10000
1901 849 1
2023 2400 1
471 2805 10000
347 2130 10000
1421 2110 1
1121 2859 1
2849 2028 1
203 1463 10000
1555 1280 1
2165 263 1
259 1499 10000
412 963 1
980 1807 10000
322 1568 10000
2142 1831 10000
285 554 1
47 1802 10000
1720 1072 1
2595 1999 1
60 1471 10000
2760 454 10000
714 232 1
1729 2205 1
2975 966 10000
2936 124 10000
2275 2690 1
2005 360 1
741 196 10000
1358 1291 10000
879 2034 10000
784 2647 10000
2739 1308 1
1829 2607 10000
1656 2232 1
2542 2741 1
440 2215 1
809 1078 10000
2837 1007 1
305 709 10000
1081 1385 10000
2921 2049 1
2646 1783 1
986 1011 1
1695 2533 1
2022 944 1
937 2927 10000
2926 451 10000
2279 312 10000
1708 580 1
2283 2214 1
1210 2586 10000
576 284 10000
1468 1082 10000
951 272 10000
2814 819 1
868 2922 10000
2657 1656 1
982 194 10000
2745 883 10000
1044 771 1
1964 2028 10000
1660 258 10000
835 855 10000
1966 747 1
2608 983 1
2041 671 10000
242 2541 1
599 1110 1
461 2250 1
2128 257 10000
457 195 1
225 376 1
2244 299 10000
2984 289 1
382 2784 1
804 1452 1
1895 242 1
169 864 10000
2385 841 10000
971 249 1
450 1331 1
1324 2092 10000
2244 2579 1
1083 1084 10000
2320 979 1
1949 1381 10000
1070 529 1
1144 1625 10000
49 2994 1
177 2853 1
1658 2732 10000
945 2520 10000
2171 1612 1
2663 2374 1
1112 151 1
2573 1496 10000
1432 1053 10000
1138 2255 10000
396 1411 1
439 1425 1
1978 1625 1
1484 1969 1
2285 601 1
1845 1315 1
2027 761 1
1035 628 10000
892 2126 10000
259 1095 10000
319 835 1
2062 2765 10000
2009 1445 1
1741 1666 1
731 1044 1
2888 1769 1
473 1138 10000
2223 1488 10000
277 187 10000
2022 1771 10000
2632 402 1
2234 2329 1
2697 518 10000
1055 1365 10000
869 1423 1
1068 456 10000
115 1231 1
60 2995 1
388 2466 1
2697 749 10000
2693 1694 10000
563 40 10000
1094 1288 10000
2905 2612 1
2218 877 10000
2554 1767 1
875 2995 1
608 2983 1
59 1147 1
455 1340 10000
681 2055 1
1212 1289 1
791 2131 10000
937 1527 1
2173 476 10000
1482 618 10000
2595 2950 10000
2567 1630 1
2845 2619 10000
748 2301 1
1256 1462 1
684 2276 10000
1306 791 10000
1512 64 1
2900 1212 10000
2445 774 10000
1864 1357 1
305 1079 10000
2065 235 10000
1826 336 10000
2378 1243 1
2827 1037 1
1137 2308 10000
339 2949 10000
1718 2193 1
1604 2184 1
727 1416 1
2384 500 1
2688 2102 1
1663 2243 1
1464 366 1
1442 783 10000
1573 253 1
2744 1927 1
34 2048 10000
1104 496 10000
1187 14 10000
2884 775 1
2404 797 1
961 2582 10000
1802 1003 1
1706 2931 1
2548 2285 10000
199 2086 1
2005 2122 10000
1167 2480 1
730 603 10000
2357 2729 1
2186 2857 1
1083 2817 10000
237 1991 1
1595 1697 10000
2429 2531 1
2113 1799 1
253 1128 10000
1139 2360 10000
2784 2119 10000
42 2099 1
423 2772 10000
2430 1752 1
497 847 10000
818 2644 10000
2328 940 1
2630 818 10000
586 2727 1
1005 1669 10000
1902 2133 10000
2108 1890 1
258 1695 10000
986 756 10000
192 162 10000
2018 1176 1
2211 1366 10000
836 1299 10000
833 1263 10000
153 194 10000
1884 2968 1
122 2788 10000
75 1688 1
2364 181 10000
315 1965 1
1490 2486 1
1553 1760 10000
914 2967 1
2010 1685 10000
942 978 1
223 549 1
1731 2046 10000
1952 1846 1
2700 875 10000
765 1517 1
1442 1947 1
1334 1404 1
1722 1050 1
175 1556 10000
1989 2293 10000
2369 2192 10000
437 1417 1
729 600 1
744 1325 1
2353 2824 1
968 2598 1
1270 1968 10000
388 2321 1
571 533 10000
1911 2344 1
2891 2347 1
159 331 10000
1368 1243 1
1902 1354 10000
231 1105 1
1695 2978 1
216 1657 10000
2551 1419 1
831 2918 1
2686 291 1
133 2974 1
1526 91 10000
1120 2627 10000
1615 1796 10000
555 2252 1
878 705 1
1414 535 10000
387 2539 10000
1658 2306 1
1592 1787 1
2324 1662 1
168 2670 10000
795 1896 10000
2304 55 1
799 2908 10000
989 1270 1
2229 2257 1
627 188 10000
1012 913 10000
1313 2997 10000
71 790 1
1097 285 10000
2704 2080 10000
1691 2066 10000
2718 74 10000
1907 2322 1
2761 2888 1
633 927 1
1378 702 1
2139 1905 1
874 128 1
1307 597 10000
2835 2164 10000
2870 243 1
1518 255 10000
1902 1811 1
1878 562 1
1079 292 1
2154 2336 1
2060 2514 10000
1556 1372 1
912 637 1
2342 2620 10000
1175 1697 1
2790 1551 10000
879 2889 10000
900 2688 10000
2933 2183 1
2230 310 1
2785 69 10000
2452 450 10000
1950 2706 1
1779 738 1
2630 2960 1
383 1120 1
1006 1267 1
1936 1010 10000
1051 480 10000
1508 1073 10000
2754 2855 1
1316 522 1
2072 1702 1
2274 2364 1
530 1592 10000
2840 1544 10000
2094 445 1
556 546 10000
1005 25 1
1305 1875 10000
1613 426 1
1197 1799 10000
553 1974 10000
2539 434 1
1171 2449 1
2733 1312 1
1051 2316 10000
2109 2267 10000
758 2792 1
528 2821 10000
106 1393 10000
613 1327 10000
2760 1489 1
1923 998 10000
2571 1384 10000
1887 1447 1
2045 1737 1
172 615 1
493 1531 1
2041 2116 10000
2005 1410 10000
2420 2132 10000
157 2292 10000
533 2555 10000
741 121 10000
2657 622 10000
2407 954 10000
185 2735 1
2088 2920 10000
1333 1876 10000
1269 1265 10000
2449 2233 1
1797 728 10000
925 1005 1
2834 1524 1
1122 185 10000
1457 2830 10000
497 2128 10000
689 380 1
2258 2956 1
2363 452 10000
282 197 10000
715 2465 1
1039 2233 1
1127 453 1
2958 437 10000
1605 2876 1
2665 221 1
1806 1944 10000
1963 1230 10000
1480 1855 1
1862 2695 10000
2137 1350 1
1916 1175 10000
1995 890 1
1674 720 1
2947 2388 10000
1772 784 1
2278 68 1
1727 2919 1
265 1598 1
2611 2231 1
2790 1679 10000
369 2368 1
1179 409 10000
1516 540 1
588 2326 1
2894 1826 1
971 330 10000
1068 2550 10000
1949 2884 1
1235 2373 1
2315 1600 10000
1829 1959 1
650 438 1
1426 1881 1
1711 2733 1
2505 2207 10000
1124 1097 1
1860 239 10000
2523 2525 1
32 416 1
459 1179 10000
267 615 1
2359 633 1
1534 2363 1
322 1827 1
2161 631 1
2403 885 10000
1058 2555 1
2216 2542 10000
1339 1225 10000
23 1329 10000
743 2289 10000
2368 99 10000
723 1472 1
1730 473 10000
1501 670 1
1075 166 10000
1205 1256 10000
1007 1618 10000
1183 2730 10000
2397 2189 10000
2283 859 1
1639 1861 10000
2552 2765 10000
1972 219 1
2814 1680 10000
2855 2867 1
2513 856 10000
1108 2537 1
1088 997 10000
995 2698 1
748 1610 1
2693 624 10000
1489 2635 1
1642 83 1
980 1768 10000
2197 962 1
684 372 1
138 2900 1
1812 65 1
206 2401 10000
1679 1566 1
691 1130 1
2274 341 10000
203 2728 1
385 433 1
1410 491 10000
1482 1704 10000
1222 2874 10000
1876 1629 1
1177 1273 1
120 2077 10000
2147 1300 10000
798 2103 1
352 2135 1
1946 1535 10000
1537 804 10000
275 2529 10000
2124 2591 10000
706 2943 10000
1597 1101 10000
1563 1279 1
826 2223 1
481 2227 1
1376 2111 10000
2416 1252 1
1937 901 10000
1306 2390 10000
1834 298 10000
862 2818 10000
2786 693 10000
1378 2094 1
2 1772 10000
2081 1925 10000
346 2085 1
918 1307 10000
677 318 10000
2711 904 1
632 2050 10000
649 1768 1
94 1400 10000
1631 1460 10000
1782 2785 10000
1827 1020 1
48 2497 10000
447 1414 1
1287 245 1
283 63 1
1206 62 1
2910 488 10000
87 1268 10000
2991 1451 10000
1098 1076 10000
1964 227 1
88 2815 10000
1576 840 1
1663 1873 10000
1199 1786 1
2598 2018 10000
1798 2342 1
773 809 10000
2477 2803 10000
1948 581 1
2617 1444 1
556 1682 1
2459 2552 10000
2506 1314 10000
2451 1566 1
1864 5 10000
1879 10 1
352 795 1
2459 750 1
622 404 10000
1199 2413 1
1514 2177 10000
1554 1654 1
2037 2893 10000
448 367 1
75 1869 1
1778 2490 10000
1847 1225 10000
1576 2999 10000
487 2163 1
530 806 1
636 1368 1
1561 743 1
2903 1784 1
1160 2923 1
1659 912 1
277 1973 10000
2508 830 1
2042 1075 1
1272 1426 1
1629 2370 10000
634 1238 1
984 2773 1
2819 2806 10000
1757 2442 10000
2020 1970 10000
124 1994 10000
361 383 10000
2175 2375 10000
1517 1599 10000
1486 254 10000
880 1297 1
1139 757 10000
1319 1873 1
488 2334 10000
729 213 1
2348 345 1
1912 2761 10000
2464 460 1
934 2033 1
648 1979 10000
512 1200 1
1840 2165 1
2856 1108 10000
1948 1576 10000
214 85 1
2963 2193 10000
2495 2597 1
1521 756 10000
787 2417 1
1402 696 1
1233 815 10000
614 2746 10000
2871 2348 1
1006 1742 1
1401 96 10000
862 2000 1
2929 1481 1
780 1483 1
2894 1282 10000
1628 237 10000
1761 2227 10000
507 2712 10000
129 710 1
1575 2521 10000
217 95 1
441 1479 1
2319 960 10000
1841 1861 1
2605 1702 10000
2095 551 1
1364 708 1
1911 860 1
2654 1057 1
1615 13 1
2817 2674 1
2491 2306 10000
1202 2230 1
502 199 1
2831 2358 10000
153 2416 10000
2164 464 10000
1689 650 1
37 8 1
786 1485 1
1578 71 10000
4 1996 1
2021 2063 10000
9 2074 10000
2258 2042 10000
2664 655 10000
340 1506 10000
1105 2337 1
1317 92 1
1021 2867 1
62 2033 1
1865 1136 10000
831 2904 1
1298 1790 1
1604 1765 10000
70 2573 10000
2745 1848 10000
1277 1435 1
1087 1714 10000
584 630 10000
1954 879 1
2978 349 1
2358 2503 1
2055 562 1
1480 2856 10000
436 559 10000
48 2495 1
1725 2120 1
2567 1335 10000
140 179 10000
2955 869 1
1904 1549 10000
1401 1186 10000
9 787 1
2866 606 1
2335 1189 10000
366 94 10000
2569 0 10000
2198 2337 1
2266 32 1
150 207 1
2455 773 1
1202 515 1
2972 1407 1
2245 1659 10000
780 717 10000
719 1966 10000
1149 2577 1
2237 2444 10000
1370 401 1
1117 427 10000
2240 2961 1
2210 2944 1
525 2294 10000
2565 396 10000
1434 1449 10000
1590 2699 10000
1818 2557 10000
821 2369 1
471 1298 10000
495 2721 10000
222 713 1
1808 575 1
1214 2838 1
1492 280 10000
729 717 1
961 1686 1
1474 1621 1
1646 700 10000
1294 226 10000
665 2312 1
2334 1710 1
2163 1837 10000
1976 706 10000
2375 1777 10000
1081 1577 1
271 2174 1
177 1513 1
970 905 10000
543 820 1
1988 614 10000
2339 1450 1
638 2868 1
1901 115 10000
1865 507 10000
2416 1569 1
1248 272 1
28 2663 1
227 1853 1
1161 779 1
2188 704 10000
2705 256 1
1683 2632 1
2840 2870 10000
442 2211 1
2912 1092 1
2383 460 10000
2723 1461 1
1239 2906 10000
2171 1809 1
761 1597 1
40 2791 1
2750 17 1
2793 965 10000
2993 2771 1
1903 2635 1
677 411 10000
2147 282 1
1190 1436 1
188 2291 10000
942 1885 1
38 2656 10000
59 1051 1
1734 538 1
2812 999 10000
588 1087 10000
100 2833 1
1673 1012 1
2619 1190 1
2386 1832 1
716 1627 1
2297 281 10000
1575 2665 1
1059 52 10000
2283 910 1
971 669 10000
2026 76 10000
1133 1456 10000
1122 1102 10000
2628 701 1
1581 1116 10000
288 730 1
391 1074 10000
1323 2581 10000
2742 1606 10000
2670 796 1
1940 2842 1
1398 2426 1
266 2510 1
234 2124 10000
1360 347 1
2569 1369 10000
2575 2447 1
1477 290 10000
646 873 1
133 659 10000
2450 38 1
901 2240 1
1374 2827 1
202 261 10000
1782 824 10000
1720 2652 1
1434 1533 10000
2412 1109 10000
2865 375 10000
1543 647 10000
1649 770 1
2248 1738 10000
1116 1188 1
1280 659 1
1018 286 10000
2273 301 10000
334 833 10000
1353 2471 10000
2336 135 10000
570 2265 10000
885 1918 1
31 202 10000
334 2202 1
2749 1020 10000
2448 388 1
789 343 10000
1574 2664 10000
501 100 10000
78 1271 1
2802 1823 10000
457 2354 1
1414 621 10000
2132 1954 10000
494 1195 10000
1642 2963 10000
2452 2684 1
1542 1745 1
1750 1865 1
929 1159 1
2382 234 10000
1500 2851 10000
412 2411 1
1859 2899 1
781 2319 1
1334 2357 10000
2240 2925 1
2743 2278 1
2811 1665 1
744 1512 1
632 1335 1
2757 2288 10000
395 1940 10000
1168 959 1
1561 1363 1
2053 2262 10000
34 410 10000
141 283 10000
2947 1990 10000
2080 698 1
2395 2434 10000
2186 1919 1
989 779 1
1912 1173 1
626 1453 1
2984 288 10000
800 922 10000
2694 565 10000
1850 2673 1
2439 1751 1
1830 721 1
2148 1719 1
884 1542 1
1177 1563 1
2654 1770 1
2216 149 10000
390 2494 1
2779 1100 1
2106 226 1
2087 1177 1
591 1319 10000
888 2448 10000
1521 2009 1
2505 352 1
485 2393 10000
1149 18 10000
2373 192 1
358 2248 10000
870 161 1
2559 1920 10000
235 2477 1
645 1584 1
1207 924 1
355 1492 10000
596 2166 1
244 713 1
2275 948 1
1742 728 10000
2039 1750 1
1512 2282 10000
35 548 1
894 2998 10000
1547 2425 1
2446 439 1
2441 1880 1
2938 413 10000
1908 1365 1
1761 501 1
1169 1317 1
1707 1909 1
727 781 1
24 2143 10000
924 1253 10000
2859 1527 10000
2763 1803 10000
1093 1641 1
2686 2700 10000
2407 2758 1
975 2759 10000
1487 2030 10000
1296 2036 1
468 148 10000
2300 1157 1
72 1631 10000
1885 9 10000
427 378 1
1124 216 1
2105 1021 1
1415 2219 1
394 2913 10000
492 1039 10000
1889 1617 10000
2446 607 10000
2397 906 10000
1813 1324 10000
1064 2215 1
735 1716 10000
2068 930 10000
293 2341 1
2873 274 1
1900 2618 10000
306 1088 1
2298 1959 1
2125 1776 1
512 1590 1
358 2127 10000
1098 1165 1
2353 670 1
1597 1480 1
2287 1216 1
528 1967 1
2307 2341 10000
801 1002 10000
2117 2294 10000
2677 2392 10000
1374 947 10000
2355 822 10000
2479 470 10000
471 2239 10000
2051 2108 10000
1476 1519 1
933 1706 1
1798 2680 1
104 2067 10000
1291 233 1
2479 582 1
899 892 10000
1957 839 10000
2195 1187 1
1550 2453 10000
1227 1432 10000
2859 1647 1
575 1687 1
1683 1027 10000
1518 2273 1
2088 2409 1
244 2057 1
1066 1638 1
1437 2315 10000
594 2413 10000
2033 1129 1
2871 1613 10000
1375 1811 1
632 294 1
1779 1543 1
923 2245 1
2613 2605 1
183 1320 10000
94 634 10000
1850 1064 1
340 2648 10000
1737 684 10000
2969 509 10000
2467 751 1
114 1933 10000
2453 1239 1
2624 2544 10000
662 2983 1
59 2474 1
444 2964 1
723 469 10000
1403 119 10000
1978 2335 10000
1197 577 10000
1367 80 1
724 265 1
169 1154 10000
1421 823 10000
2371 1633 1
2826 794 10000
1363 1915 1
2548 2127 10000
2622 2662 1
171 604 10000
408 2883 10000
949 679 10000
662 1071 10000
74 798 1
2505 2188 1
894 269 10000
2950 1603 10000
2139 826 10000
1500 104 10000
838 468 1
114 408 1
2220 1780 10000
1673 2951 1
1646 1674 1
1451 1215 1
1063 2669 1
2339 1332 10000
2749 2201 1
491 2458 1
2862 1588 1
2912 2866 1
1608 1632 10000
2393 496 1
2406 2549 1
1278 1344 1
1446 1988 10000
2781 1913 1
1984 70 1
288 2064 1
30 2490 1
1686 1785 1
984 1018 1
1934 1511 10000
966 834 1
461 2768 1
1914 430 1
1407 2218 1
1728 2528 1
1523 2546 1
1420 823 1
250 2258 10000
2517 1967 1
2313 2018 1
1574 2275 10000
2290 1459 10000
2047 2089 1
932 1285 1
1541 1604 10000
2370 2200 1
801 591 1
2281 2305 1
1304 1806 10000
1914 740 10000
1000 1893 10000
252 1458 10000
52 2069 1
2850 2158 1
1349 1481 10000
2930 2578 10000
1146 1132 1
1440 1788 1
28 976 10000
1040 836 10000
139 2648 1
2739 1173 1
2782 2913 10000
558 1154 10000
1355 2507 10000
2556 2224 1
1520 2933 1
1560 1843 10000
158 2119 10000
361 252 10000
1953 2354 10000
2757 1221 1
2713 1036 10000
246 652 10000
2441 493 1
1680 1353 10000
192 634 1
130 786 1
139 1386 10000
1372 2008 10000
2173 1405 10000
1336 735 10000
640 108 10000
874 1272 1
1936 1033 10000
1983 2077 10000
2980 2728 1
1708 410 10000
2882 750 10000
2860 1487 1
132 325 1
2628 895 1
2458 2705 1
2523 969 1
110 1170 1
1646 1093 1
1709 1900 1
1805 355 10000
2834 880 10000
2686 646 1
1578 217 10000
2444 1067 1
2277 1345 10000
1408 1327 10000
1908 915 10000
217 1027 10000
2 1143 10000
566 1046 10000
247 1883 10000
2870 2430 1
2707 870 10000
1845 2569 1
2684 906 1
1203 748 1
1209 2121 1
1123 1618 1
1332 1804 10000
210 1043 10000
2084 1766 1
1690 1777 10000
758 1725 10000
1061 2470 10000
2421 103 10000
2645 2949 10000
595 2626 10000
173 931 1
1725 1123 10000
2096 1809 10000
1678 1850 10000
2862 2714 10000
2161 1554 10000
1819 834 10000
1030 2912 10000
7 521 1
1095 2766 10000
561 1127 10000
2875 938 1
2680 710 1
2313 1805 1
1516 1934 1
2008 1596 10000
1110 57 1
1953 1019 10000
1141 2905 1
292 1888 10000
1989 1957 10000
2571 586 10000
2411 2298 1
1972 2055 10000
1821 2973 10000
593 2584 10000
2220 393 10000
1510 1233 1
1915 2343 1
247 567 10000
2445 1284 1
1439 1375 1
1875 2361 10000
1165 443 1
1409 2404 1
1323 1678 1
2820 1355 1
42 2649 1
2536 1169 1
1003 2748 10000
104 2665 10000
695 1448 1
940 594 10000
2655 1981 10000
1028 6 10000
2791 1957 10000
1793 1392 10000
698 1209 10000
513 683 10000
987 568 1
2779 2948 10000
2405 267 1
2550 2796 10000
1004 2624 10000
407 1234 10000
160 275 1
2921 1009 10000
1720 955 10000
740 2426 1
2958 1984 10000
441 411 1
2441 1246 10000
2743 2610 1
905 3 10000
1413 1684 10000
1131 1973 1
577 2874 1
2013 2437 1
1554 541 10000
1428 248 1
733 2788 1
553 1096 1
494 2067 10000
915 757 10000
2089 2384 10000
97 2352 10000
2305 2225 10000
556 660 10000
1583 2106 10000
125 489 10000
664 3 10000
957 1885 1
1376 2125 1
1277 61 10000
492 2118 1
1093 2241 1
952 2575 10000
464 1904 1
1923 1504 10000
2886 2486 1
1062 2300 10000
211 2393 1
165 2808 1
1102 1409 10000
2200 1198 1
850 116 10000
2508 621 1
2474 2610 10000
1599 1214 10000
170 18 1
2143 2415 10000
2690 643 1
1785 1837 1
319 403 10000
2536 1353 1
171 2287 1
2324 711 10000
798 2768 10000
2064 2508 1
2202 2012 1
441 2707 1
2781 2112 1
1995 1935 1
210 211 1
1783 2980 10000
1708 973 10000
1438 710 1
1831 1476 10000
1795 607 1
1141 160 10000
1886 893 1
1590 2037 1
878 1946 10000
2531 1224 1
878 1952 10000
1514 2197 10000
1061 558 1
252 1972 10000
2179 2229 1
2551 374 10000
41 2434 10000
742 1990 10000
2305 2930 10000
2307 1704 1
1976 2860 10000
1310 2590 1
657 2063 1
902 2726 10000
1711 1987 10000
1394 2409 10000
860 617 10000
1282 1227 1
1594 276 1
502 2615 1
2136 2082 1
56 2412 1
2850 1709 10000
2565 1845 10000
740 1451 10000
1323 163 10000
1444 1209 10000
2010 1103 1
2874 1541 1
1853 2051 10000
721 138 1
1689 446 1
165 1409 1
1771 378 1
1617 1805 1
389 848 10000
165 61 10000
1336 130 10000
1633 173 10000
1948 1232 10000
1477 2118 1
2715 1770 1
933 2241 10000
923 2318 1
2211 2017 1
266 2770 1
73 1737 1
2886 2921 10000
27 2059 10000
1142 2517 10000
1066 887 1
214 2601 10000
2044 2246 10000
1949 1577 10000
2847 1219 1
2366 1420 10000
926 1560 10000
1160 2332 10000
1514 1558 10000
2502 2675 10000
1935 1456 10000
346 1869 1
269 2622 10000
1058 295 10000
831 513 10000
2738 321 1
403 2457 10000
378 1647 1
1755 2412 1
2911 914 1
1919 541 10000
1228 1857 1
2695 805 1
1448 2481 10000
1015 2655 1
248 1952 1
2911 1969 10000
2550 2107 10000
1956 2384 1
629 1318 1
2862 1736 10000
682 1364 10000
407 949 1
686 2069 1
1128 43 10000
1635 2601 1
1443 1947 10000
1721 2561 1
2359 2503 1
2031 1326 10000
1293 570 10000
660 2251 1
2357 2951 10000
651 1640 10000
1640 2343 1
2548 2802 10000
1311 1227 10000
1540 2117 1
2744 399 10000
1921 2739 1
560 1295 1
105 41 1
157 1887 1
2770 576 1
2029 315 10000
2222 2613 10000
841 2729 10000
1250 686 1
188 555 10000
727 940 1
588 2114 10000
2394 1248 10000
731 1246 10000
1533 2570 10000
2332 2082 1
532 1921 1
1779 1362 1
1731 73 1
1143 645 1
2147 1758 1
1316 494 1
423 1001 10000
1045 385 10000
1204 2002 1
1920 1520 1
2443 1304 1
264 106 1
719 2044 1
2139 1816 10000
2013 1603 10000
2039 2709 1
799 2325 10000
1233 43 10000
590 2726 10000
2187 2986 1
1661 2381 10000
1203 1837 10000
2715 806 1
1458 421 1
1156 2012 10000
1196 2676 1
564 1733 10000
1070 1596 10000
2939 2057 1
689 2017 1
2411 61 1
933 2672 1
2579 2187 1
789 1052 1
171 428 1
2939 233 1
1004 2394 10000
44 99 1
2443 1413 10000
1262 10 1
1443 2386 10000
176 2151 10000
2087 565 1
2676 7 1
899 515 10000
2801 926 10000
1690 793 10000
2096 2101 10000
1892 2120 1
1505 1437 1
929 2804 1
1958 1188 10000
331 158 10000
909 208 10000
1755 1502 1
2868 566 1
13 1831 1
2026 239 10000
1033 1278 10000
1822 2137 10000
2068 1941 10000
2677 977 1
1370 534 1
88 2865 1
2820 2786 10000
857 1558 10000
132 2016 1
1377 135 1
2405 2222 1
1180 2254 10000
499 1676 10000
2603 1167 1
2955 2568 1
351 645 10000
532 620 10000
1262 2479 1
91 1687 10000
881 2236 1
2536 1884 1
2566 2007 1
568 906 10000
1349 889 10000
1201 1367 1
1609 1461 1
2570 2405 1
2645 1914 1
640 404 1
1224 2925 10000
1101 2566 1
1925 969 1
1916 233 1
307 1920 1
1710 271 1
820 1841 10000
2736 815 1
555 665 1
1818 458 10000
2847 2332 1
2031 2768 1
583 395 10000
1901 1918 1
1253 1518 1
19 1251 1
1033 1994 10000
157 881 10000
579 1403 10000
102 1031 10000
1950 2382 1
1001 2611 10000
1054 2286 1
212 177 1
1795 102 1
561 8 1
900 2713 10000
1617 1994 10000
1408 995 10000
2477 2107 10000
2259 223 10000
617 1221 1
2738 204 10000
648 304 1
2484 2798 1
1261 958 10000
1026 2528 1
1866 145 10000
1198 1477 1
874 717 1
1956 1628 1
1014 23 10000
1853 821 10000
1071 1446 10000
421 2325 1
374 696 10000
513 331 1
2954 820 10000
455 2705 1
1757 1547 10000
2481 1645 10000
1415 2993 1
602 1457 10000
1904 1470 10000
1040 777 1
405 995 1
2365 459 10000
207 957 1
102 2719 1
754 1919 1
2898 534 10000
1667 2210 1
1388 2532 10000
1394 315 10000
1705 2156 10000
1470 1205 10000
2191 1958 1
1692 2882 10000
824 1444 10000
643 2251 1
2489 2629 1
715 779 1
2960 1322 1
2658 1793 10000
737 1951 1
455 1261 1
988 830 10000
2159 57 1
1640 2979 1
731 1553 1
2485 1413 1
861 2457 10000
1986 2554 10000
2917 173 1
749 1203 10000
106 1141 10000
2722 444 10000
1722 657 1
1346 2345 10000
1537 1800 10000
44 1856 10000
1816 2386 10000
665 434 10000
2325 2297 1
1515 838 10000
1992 2969 1
1661 689 10000
125 1928 1
1070 1647 1
2604 1290 10000
2083 1649 10000
1220 2651 10000
988 568 10000
1925 1692 10000
15 763 10000
2579 240 10000
2556 2903 10000
865 2926 1
1085 238 10000
132 733 1
1938 1336 1
1910 922 1
1907 1221 1
1284 2799 10000
1000 2622 10000
2279 2722 10000
1054 1577 1
2290 393 1
107 1892 10000
1405 1916 10000
1061 2836 10000
2755 2421 10000
1454 1515 10000
1613 1253 1
1884 1929 10000
2515 1201 10000
1379 2318 10000
501 529 10000
1394 751 10000
15 559 1
2782 176 10000
497 1960 10000
1983 856 1
2491 1642 1
2850 1645 1
629 861 10000
351 2611 10000
2112 1052 10000
13 805 1
250 2282 1
1129 1089 10000
1707 2351 1
1877 719 1
2563 947 10000
5 448 1
1142 2145 1
1505 1877 10000
592 1667 10000
1722 2566 1
2234 2308 1
353 1180 10000
1275 78 10000
87 2819 1
1192 384 1
1393 105 10000
466 426 10000
1089 2049 1
1623 2485 1
2556 1818 1
2201 1569 10000
399 1186 10000
2081 1748 10000
2643 2608 1
2132 2271 10000
504 405 1
911 2494 10000
462 448 1
2320 1984 10000
2006 1214 1
2679 1438 10000
2742 1758 1
785 2188 1
788 2078 10000
8 1866 1
1486 1311 10000
2675 2616 1
2114 200 10000
1970 565 1
470 2010 1
1152 1293 10000
51 1469 10000
1360 887 1
2105 542 10000
1748 542 1
2994 2756 1
854 2594 1
2575 16 1
955 1801 1
910 572 10000
1897 977 10000
2570 2361 10000
2672 863 1
592 1980 1
721 1705 1
669 446 10000
149 2804 10000
2279 2565 10000
2182 7 10000
100 1283 1
909 716 1
516 325 1
856 147 1
2297 1507 10000
624 2134 10000
999 1454 10000
2115 868 10000
670 2758 1
777 1804 10000
2391 2335 10000
992 2643 10000
538 298 10000
2976 1296 1
1774 1388 1
87 648 10000
1626 2399 10000
837 2891 10000
1907 1042 1
1986 1275 1
1405 1388 10000
216 950 10000
985 1049 1
590 553 10000
2259 400 1
1019 1062 10000
1187 1439 1
413 794 1
400 14 10000
1028 1534 10000
2023 946 1
312 200 10000
1089 1621 10000
1636 1621 10000
2751 324 10000
2494 643 10000
1820 1269 1
1508 2201 1
1840 1685 10000
446 566 10000
1330 584 1
1939 1074 1
2138 1523 1
2182 2568 10000
646 510 1
2198 984 10000
624 699 1
141 495 1
587 1067 1
2143 1730 10000
1156 2615 10000
1976 200 1
2013 1540 1
164 1703 10000
147 1960 1
909 2751 10000
314 1628 1
2095 428 10000
1730 2574 10000
881 1791 10000
992 1232 10000
2801 163 1
965 972 10000
2455 101 10000
386 579 10000
1731 589 10000
30 1910 10000
538 2574 1
2645 1493 10000
636 1000 10000
2002 2387 1
1741 714 1
850 723 1
1867 2876 1
1504 4 10000
376 837 1
636 2834 10000
97 262 1
560 2506 10000
1582 1757 10000
400 715 10000
2009 342 10000
2865 2006 10000
2623 2917 1
2775 1050 1
664 2766 1
785 2736 10000
796 1848 10000
1085 1376 1
793 1889 1
207 314 10000
1895 1493 1
1194 2804 1
1112 887 10000
895 2594 10000
417 2356 1
1027 1429 1
1594 412 1
749 246 1
2758 1938 10000
626 1158 1
110 2651 10000
972 2907 10000
2755 2909 1
1254 2355 1
699 2148 1
2590 2439 10000
1895 31 1
1987 1026 10000
2149 2060 1
928 757 1
1468 2660 1
2266 206 1
2168 72 10000
722 2942 1
1734 35 1
975 1303 1
142 42 10000
585 2168 1
1361 26 1
544 742 10000
189 2383 10000
162 724 1
1918 602 10000
159 2101 1
1929 2239 10000
1851 1801 1
341 1741 1
560 2750 1
1303 16 10000
2489 101 10000
2763 48 10000
407 1283 1
943 2988 1
2667 2965 10000
2603 1268 10000
91 1379 10000
943 925 10000
2907 567 10000
682 2282 1
2690 1609 10000
1469 333 10000
557 363 1
1362 443 10000
342 1254 1
2682 946 1
35 31 1
240 1910 1
2307 1416 1
2377 2261 10000
1223 1234 1
2094 2351 1
2234 4 10000
1705 2576 10000
2799 2148 1
1194 928 10000
1261 1508 10000
691 2989 10000
1046 2387 10000
2345 2198 1
2767 2491 10000
2091 2875 10000
2767 557 10000
2623 806 10000
353 958 1
1821 587 10000
888 1582 1
1239 1939 1
1675 121 10000
1386 504 1
2682 1524 1
2362 1330 10000
596 1466 10000
2052 1028 1
2430 2450 10000
2101 1287 10000
2764 2626 10000
189 1851 1
2115 179 1
114 992 10000
2277 2716 1
2626 2061 10000
1015 2499 10000
572 1986 1
2892 1198 10000
2341 19 1
33 1224 10000
1813 1857 10000
2053 2387 1
2779 1945 1
976 680 10000
1643 1377 1
1766 1145 1
128 1486 10000
1186 1495 1
2053 2221 1
508 2568 1
1626 2954 1
918 2969 10000
443 2496 10000
1285 2138 1
375 576 10000
1396 1286 10000
2717 888 10000
1675 2390 1
828 1963 10000
490 2930 1
2898 26 10000
1035 1820 10000
1840 1035 10000
2782 1132 1
777 1996 10000
1062 1963 1
895 1933 10000
2836 2390 10000
1168 150 10000
2563 1320 1
725 1030 1
751 1194 1
745 1969 1
2751 1661 1
1054 544 1
307 2467 10000
2716 2775 1
170 2909 1
1567 2221 1
110 2515 10000
2338 1069 10000
1866 327 10000
1800 640 10000
841 2717 1
1094 2959 1
1322 324 1
2709 2361 10000
1817 191 1
1856 1303 10000
602 1985 1
1526 2385 10000
2300 2679 10000
1608 1928 1
1085 1961 10000
1316 2811 1
2145 1856 1
1505 542 1
1676 1469 1
1466 2489 10000
1594 788 10000
2578 15 10000
466 649 1
1980 1970 10000
2377 33 10000
1636 2213 10000
987 1446 1
2351 2356 10000
2213 585 10000
1707 2616 10000
2061 2756 1
564 362 1
2674 794 10000
2170 2000 10000
2145 1609 1
1583 884 10000
1429 583 10000
2966 943 1
1247 2623 10000
1676 680 1
1819 1643 1
2271 295 10000
680 2112 1
1415 294 1
1775 462 1
1821 131 10000
745 1014 1
1567 993 10000
548 2239 10000
1119 1540 1
1040 1285 1
2628 1736 1
1498 1158 1
2604 1437 10000
2786 349 10000
362 1132 10000
1168 432 10000
434 2109 10000
801 1152 1
1941 857 10000
284 510 10000
2917 495 1
2066 664 1
327 2377 10000
2576 674 1
362 1412 1
142 212 10000
2218 2406 10000
1832 788 10000
945 2873 1
1980 1847 1
307 2802 10000
2149 1712 1
2450 2314 1
2590 1974 1
393 1791 1
1867 206 10000
659 107 1
2176 1236 10000
2892 311 10000
574 2604 1
691 2058 1
1973 2338 10000
341 2456 10000
2109 999 1
824 1014 10000
112 1987 10000
620 2095 1
2836 2026 1
737 1507 10000
922 1859 1
1897 1320 10000
763 2000 1
2873 1210 10000
1412 2205 1
2762 2366 1
2576 2362 1
328 2345 10000
238 295 10000
2532 2451 10000
2801 2966 1
2748 2224 1
706 2304 1
1532 2846 10000
2898 248 10000
628 1626 10000
2798 2721 1
1608 2098 1
1063 2515 10000
38 1502 10000
2811 1313 1
311 863 10000
557 23 1
1941 973 10000
1042 583 1
1532 574 1
1867 2679 1
1045 711 10000
1903 2435 1
1822 996 10000
1396 1635 10000
846 2875 1
1960 296 10000
985 2496 10000
1094 1935 10000
2399 1886 1
2115 2713 10000
2083 1988 1
2660 1016 10000
1287 2391 10000
1100 1428 10000
67 1158 1
1886 246 10000
131 959 10000
1440 1236 1
626 932 10000
1848 1192 1
1783 1832 10000
977 2781 10000
897 381 1
2615 262 1
1440 1100 10000
641 1254 1
374 1063 1
164 1934 1
2205 609 10000
1183 2603 10000
2058 76 1
711 2551 10000
2320 850 10000
993 950 10000
2116 1310 10000
2667 2427 1
112 2812 1
131 2465 1
1985 516 1
2186 2763 10000
2116 2015 10000
2284 2231 1
1872 1791 10000
2465 262 1
1939 2711 10000
204 2406 1
1015 2711 1
2687 585 1
1042 2976 10000
863 2863 1
567 1822 10000
212 2584 1
2391 763 10000
1823 1571 10000
2179 652 10000
2756 785 1
1036 2803 1
897 2646 1
1903 2966 10000
2979 116 1
2653 1712 10000
865 1788 10000
1145 1181 1
635 1753 10000
1712 2805 1
386 1250 1
97 2863 1
2976 1029 1
2031 65 10000
867 327 1
1495 2554 10000
2456 1185 1
847 693 1
589 1031 1
2750 1803 10000
2284 2584 10000
17 1632 10000
201 938 1
306 2362 1
1495 1148 10000
65 904 10000
1789 2876 10000
2179 2191 10000
1511 1721 10000
737 1817 10000
1502 2724 10000
209 1183 10000
2660 2687 1
2043 2149 10000
593 1732 1
1789 1288 10000
247 353 1
782 1313 1
1817 2355 1
508 1180 1
2730 1189 10000
725 2658 10000
2043 616 10000
950 328 1
703 769 10000
1119 1192 10000
133 1888 1
1977 1623 10000
1396 1813 10000
985 384 1
1950 2863 10000
611 201 10000
27 1288 10000
386 704 10000
2338 2658 1
389 363 1
1286 1812 10000
2041 1223 10000
1727 1859 1
803 2635 10000
2014 1854 10000
769 616 1
1286 1732 10000
17 1727 10000
2191 2798 1
1036 579 1
1571 191 1
768 544 10000
635 2724 10000
1049 2324 10000
897 649 10000
204 1913 10000
837 2706 1
782 1401 10000
768 19 10000
2159 191 10000
2146 2919 1
586 2304 10000
1768 2891 10000
1958 609 10000
2727 2052 1
1662 1210 10000
1930 1489 1
1623 2799 10000
1888 1793 1
27 722 1
609 1993 10000
900 2436 10000
2014 1993 10000
1392 769 10000
1152 886 1
2667 1466 10000
782 145 1
2052 1296 1
596 1251 1
2159 1930 1
1645 1185 10000
722 2436 1
1284 1732 1
967 2365 1
2942 980 1
1468 1223 1
551 2146 1
1392 145 10000
1082 2166 10000
2543 6 10000
2586 2942 10000
1601 2586 1
2481 1611 1
551 1529 10000
1601 37 1
1591 1529 1
2971 6 1
1591 57 10000
570 1534 1
611 1448 10000
580 2738 1
