3000 1701 10000
2057 152 10000
1297 2965 10000
2792 625 10000
312 2861 10000
2534 1092 10000
1902 2788 10000
1836 1020 10000
1194 996 10000
1682 2696 10000
2706 223 10000
1179 2019 10000
2977 1056 10000
1132 2290 10000
644 1544 10000
1396 2187 10000
544 2337 10000
453 151 10000
1943 2437 10000
612 1619 10000
2181 637 10000
598 85 10000
2502 210 10000
1920 1727 10000
1768 1081 10000
818 103 10000
2882 2441 10000
1710 2093 10000
892 18 10000
804 1745 10000
415 898 10000
1572 243 10000
1048 2842 10000
2069 848 10000
782 1217 10000
2549 2898 10000
2406 2773 10000
2010 1366 10000
2319 1998 10000
2806 2007 10000
2565 1170 10000
2045 2590 10000
1390 1342 10000
41 1415 10000
2016 842 10000
1901 2343 6
657 510 10000
1485 2716 10000
93 443 10000
1559 1629 10000
2032 2186 10000
855 651 10000
742 1336 10000
265 501 10000
2492 264 10000
79 1228 10000
1086 2251 10000
676 2269 10000
1822 445 10000
962 706 10000
2889 953 10000
1903 232 10000
786 609 10000
2455 1386 10000
2981 520 10000
1389 2448 10000
1408 990 10000
8 1286 10000
707 2234 10000
1078 2740 10000
2126 279 10000
859 2179 10000
1890 1246 10000
1892 2900 10000
1358 817 10000
1816 2122 10000
2350 298 10000
1728 1784 10000
1218 2322 10000
1869 1203 10000
2244 2570 10000
2094 1850 10000
2852 2589 10000
938 2882 9
655 1451 10000
2066 614 10000
1501 211 10000
1431 258 10000
926 2255 10000
49 2349 10000
1635 2308 10000
331 2114 10000
1064 1899 10000
776 2687 10000
2707 394 10000
1841 803 10000
1878 599 10000
668 2678 10000
1514 585 10000
2098 2931 10000
1176 1513 10000
1421 718 10000
1301 1946 10000
1191 2595 10000
778 713 10000
1306 2545 10000
2999 250 10000
2611 851 10000
1172 865 10000
1587 1017 9
1800 1977 1
416 1358 7
2109 1274 10000
1453 2376 10000
2617 2351 10000
490 1805 10000
130 6 10000
1001 2958 10000
1252 2561 10000
379 2036 10000
2537 1477 10000
2042 933 10000
2323 1488 10000
466 237 10000
707 299 8
1284 702 10000
1909 833 10000
2637 2778 10000
168 52 10000
2674 2920 10000
1463 132 10000
2947 1630 10000
76 1670 10000
815 1481 10000
2891 263 10000
2783 950 10000
446 396 10000
2646 569 10000
292 6 3
1840 979 10000
2152 354 10000
2296 1261 10000
256 500 10000
717 224 7
2868 535 10000
1212 1450 10
1149 2895 10000
2946 2399 10000
1713 13 10000
1332 371 10000
2982 1361 5
53 1254 6
2910 348 10000
1 2052 8
1314 2757 8
620 2443 10000
1432 406 4
838 1552 10000
1896 1089 10000
1253 1296 8
1237 454 10000
177 223 2
2395 2766 10000
2626 958 10000
2110 276 10000
2434 1113 8
2458 2874 10000
2827 583 10000
2024 2904 10000
768 1905 10000
2393 1108 10000
1626 1749 10000
1832 1969 10000
908 2999 8
127 2776 10
965 1162 10000
933 1350 1
2734 2781 10000
1110 1826 10000
323 1399 10000
2968 807 10000
1411 1524 10000
104 2284 10000
570 196 10000
497 2487 10000
2860 207 10000
1127 1352 10000
1398 180 10000
1867 527 2
2391 2759 10000
156 1064 7
425 2062 10000
2777 1336 2
1636 2486 10000
415 960 3
2912 690 10000
750 2087 10000
1910 2712 10000
2598 2479 10000
2424 1983 10000
941 306 10000
2121 110 10000
212 434 10000
534 557 10000
287 834 10000
1972 464 10000
1603 57 10000
1794 135 10000
2073 1438 10000
15 2263 6
2099 874 10000
1044 1517 10000
2468 2684 10000
528 339 8
812 747 10000
2117 1771 10000
444 2053 10000
1632 2941 10000
2080 740 10000
2061 1395 10000
142 144 10000
2870 2321 10000
336 589 10000
535 1677 6
1536 1008 10000
2624 145 10000
771 196 5
2654 1788 10000
1360 2310 10000
2714 1792 10000
1130 2648 10000
1616 1190 10
2586 2379 10000
686 1924 1
2385 895 10000
137 2574 10000
1533 2307 10000
510 904 3
2157 128 10000
1563 186 10000
1347 1129 10000
2550 1005 10000
1847 221 8
927 1699 10000
286 232 8
2241 1717 4
2374 837 10000
2223 263 10
799 2707 2
1117 254 10000
302 2300 10000
921 2365 10000
2723 2572 10000
148 2571 10000
2557 1503 10000
2814 2533 10000
2971 2206 10000
2246 668 8
2252 1581 10000
1375 2730 10000
1299 1718 10000
655 1241 3
1057 2607 10000
2236 638 10000
439 2037 10000
1831 688 10000
1098 2146 10000
2374 2026 9
896 1218 5
1485 1906 4
2230 1776 8
1494 2067 8
1011 2209 10000
1296 2109 3
2301 785 10000
1667 250 7
2686 1390 1
2086 504 10000
2520 1693 10000
2144 1659 10000
171 543 10000
816 2529 10000
946 470 10000
755 357 10000
1757 2255 3
2621 2828 10000
1151 827 10000
1498 1404 10000
1280 2569 10000
2275 1753 1
900 2705 10000
2507 2392 10000
1959 1454 10000
1227 37 10000
1097 2078 10000
817 2059 9
958 1534 8
607 2838 3
1902 429 4
2940 147 10000
539 1797 10000
412 1421 6
476 2013 2
2544 914 1
809 1719 10
2582 2188 10000
586 1554 10000
667 514 10000
1675 2826 10000
2280 1815 10000
239 2225 10000
419 2249 4
363 1614 10000
2855 822 10000
540 2634 10000
1861 673 10000
2726 628 7
916 1010 10000
2625 2694 10000
664 2964 10
1717 2476 3
1663 791 10000
1917 2394 10000
1569 2706 7
1687 2001 10000
1080 877 10000
75 1006 10000
2942 2536 10000
2248 1106 10000
1956 2580 10000
2832 1107 10000
158 1919 10000
2608 2170 10000
2825 2399 5
1887 684 10000
39 1066 8
1766 2552 10000
62 2752 4
1075 547 10000
1988 374 10000
2173 1290 10000
736 92 4
2566 959 10000
2620 2834 10000
1845 1442 10000
1172 2 10
1228 74 8
1808 1974 10
1584 784 3
1472 1600 10000
67 923 10000
1178 693 9
165 458 10000
1476 1031 10000
1430 2767 6
2292 753 10000
591 2028 10000
712 1996 10000
426 1137 10000
2970 304 10000
1445 584 9
1729 1352 8
1779 1349 10000
2580 2935 8
2043 1891 1
887 795 10000
446 619 5
763 1716 10000
1364 1604 10
902 2582 1
2405 2009 10000
1755 2753 10000
1834 1256 10000
2780 2230 1
2477 1321 10000
1239 2996 10000
1333 1864 10000
1303 2735 10000
109 1741 10000
1392 2085 10000
1196 1170 4
751 2124 10000
983 2088 10000
2991 2133 10000
884 1885 10000
2489 2139 9
870 2558 10000
2168 34 7
630 6 1
1048 1471 4
569 728 5
1638 1607 10000
350 1298 10000
2202 885 10000
1587 919 7
2655 40 10000
348 1331 8
766 821 10000
731 618 10000
425 2013 2
2713 2330 10000
362 2799 8
1429 883 10000
2309 808 10000
1748 2489 3
2609 107 10000
2955 1154 2
2217 1193 1
338 2488 1
2568 809 6
1168 2277 1
2477 155 4
849 48 5
2295 238 10000
2987 252 10000
1937 2918 10000
1247 1155 6
224 2595 6
2723 1574 7
595 2108 9
1618 924 10000
403 2788 8
726 995 10000
398 170 10000
825 1207 10000
1701 1727 5
572 1742 10000
2198 2596 9
2701 1121 10000
2362 2499 10000
828 2401 10
414 20 3
2594 636 8
1053 1384 2
2178 1793 10000
1262 837 3
2056 189 10000
2064 1643 10000
891 728 3
2518 1479 2
984 1056 4
810 1228 10
1597 2360 10000
675 245 10000
162 1091 10000
1738 127 4
1023 2557 8
2328 246 10000
2577 2319 10
300 1791 10000
1944 2248 4
318 1522 1
201 1319 10000
2053 2215 7
56 67 6
286 1480 9
2394 2807 8
1933 1434 10000
202 2219 10000
744 1148 10000
2416 1869 10
2662 1862 10000
1165 843 5
2547 1211 10000
270 2164 10000
671 2774 10000
664 2982 6
2671 773 10000
636 849 10
2203 524 10000
468 1832 7
1872 1744 10000
2250 2145 10000
2675 1994 6
920 2068 10000
2310 2358 9
883 1650 3
325 1496 9
492 1590 4
1679 1737 10000
2634 1981 5
1286 1212 5
2172 2016 4
382 1569 8
2430 778 6
170 1894 8
378 317 10000
1871 2629 10000
2587 2128 10000
2750 2284 1
2184 2522 10000
1109 366 10000
1547 2463 10000
2613 2414 10000
2830 1372 10000
666 1795 6
21 1645 1
2630 121 10000
1519 2200 10000
1853 20 9
38 573 10000
2549 221 9
2872 2329 10000
543 1522 2
2198 1237 1
2657 1786 10000
615 1467 10000
2760 563 10000
1368 2623 2
2614 1097 2
1099 1282 10000
160 2325 10000
603 602 10000
1405 1979 10000
888 2959 3
1024 1716 5
1126 663 8
267 2745 10000
2381 2248 6
986 2595 8
438 58 10000
1155 1254 7
726 236 1
720 1426 10000
2823 2682 10000
1235 1691 10000
217 1030 10000
2751 86 10000
852 2346 10000
901 1204 1
1557 1738 4
2887 199 10000
715 1811 6
507 2103 1
2791 829 10000
1401 1015 10000
2776 1842 2
91 2291 6
2749 976 10000
2489 758 1
81 1745 1
2386 2119 10000
745 2840 10000
16 1516 10000
2186 400 10
2514 2207 10000
2318 2083 10000
2299 998 10000
262 2115 10000
129 798 10000
2792 880 9
554 177 4
1548 1124 10000
2824 164 10000
549 2983 1
2532 1546 9
718 809 8
2998 1000 10000
2238 674 10000
1606 2881 10000
1923 2260 10000
369 2505 8
2168 1729 6
1047 2549 6
1051 1642 3
1960 2312 10000
529 2640 10000
1257 2689 3
1907 2343 5
27 421 10000
2278 388 10000
716 1216 10000
2487 2867 9
1911 1635 9
2548 363 6
81 1877 9
1284 1380 5
1226 2502 7
2720 2891 2
185 1731 1
2044 761 10000
1673 159 10000
1647 2161 10000
1962 1459 10000
2551 1406 5
2888 1235 1
1756 2153 10000
2145 1444 6
63 1094 10000
1266 1351 10000
45 903 5
1460 1346 10000
1904 2253 10000
290 878 10000
2790 2839 10000
1182 484 10
1846 967 10000
148 2945 7
342 1520 8
1714 2862 10
472 2649 10000
1987 2718 10000
179 1161 10000
1798 2801 4
2674 1222 3
2094 556 4
964 2397 10000
466 576 8
2805 1399 1
2844 1486 5
1219 306 8
1929 2588 3
2133 1621 3
1624 1942 10000
729 2632 10000
1982 2859 10000
2808 1481 3
532 2222 10000
195 1539 10000
178 376 10000
2171 1712 4
783 297 2
1943 2196 7
577 2836 10000
841 2223 3
426 2642 2
1158 2804 10000
167 2012 10000
380 313 3
2627 942 10000
1634 2666 10000
2070 1259 5
1881 2405 10
301 413 10000
944 597 8
2879 477 10000
2482 101 10000
1281 2437 8
1646 1927 10000
1410 1016 10000
1481 1198 4
134 420 8
294 679 10000
2142 2631 7
806 2405 10
2573 359 4
1469 2540 10000
282 509 10000
1733 2890 10
182 1810 10000
811 988 10000
899 2283 10000
1818 341 10000
608 2673 2
2692 823 10000
2249 1154 8
744 2194 10
72 1509 10000
1353 1939 10000
1406 1968 2
2511 1699 8
2140 2277 3
2919 307 4
1549 2022 10000
1457 33 10000
1391 545 10000
2532 392 5
1562 2089 4
2321 592 9
622 2708 10000
2904 2266 1
2911 2670 2
88 2038 10000
1519 1505 6
639 831 10000
1105 2304 9
977 1285 10000
1592 53 8
1369 2616 4
1277 228 8
2310 496 2
2311 1116 10000
1636 1780 9
281 989 10000
1462 628 2
2513 32 10000
1379 2407 5
1072 1921 7
1768 1683 6
2501 2408 10000
2707 758 1
2724 999 10000
2346 1269 8
2875 566 1
1466 2677 10000
64 886 10000
1620 1682 5
1843 1284 7
2846 405 6
119 2858 8
66 696 10
1526 2295 4
479 1859 1
559 1801 10000
571 1970 10000
1671 2752 1
2985 1835 10000
2474 1337 10000
98 802 10000
1961 1553 10000
2810 340 10000
1502 752 1
2915 2126 5
1385 2769 10000
2167 2205 10000
2055 1958 10000
28 1276 10000
633 2244 1
965 2932 5
2771 1665 10000
354 969 6
1288 1066 6
2378 2198 10
613 1204 10
700 261 10000
2429 2359 10000
772 2937 10000
1373 2199 10000
1329 455 10000
1708 1577 10000
1751 162 2
1427 2285 10000
231 1497 10000
704 1221 10000
717 1177 1
2150 31 10000
2855 2817 1
601 2969 10000
1876 427 6
2160 2431 10000
2121 584 9
2893 2940 7
1499 699 6
2094 2154 10
2480 2690 7
640 733 7
2695 1570 10000
2423 460 10000
2273 2884 10000
2243 1785 10000
244 2014 10000
2981 2256 2
2597 2238 8
1868 2555 10
2092 84 10000
598 2067 6
906 1508 10000
372 1807 10000
1088 1725 8
654 1280 3
328 258 2
1037 50 10
192 2601 10000
723 2541 6
2930 220 10000
1652 1214 10000
1705 2837 2
1492 1311 10000
1221 2984 4
1065 2584 3
1397 1506 10000
528 1066 9
1029 2948 10000
81 94 1
1068 1730 5
580 2404 10000
1209 2536 9
1244 1763 8
1732 2702 10000
2084 31 9
1025 858 10000
2467 2679 3
461 1613 10000
2195 2501 4
185 1269 8
2834 465 9
205 1798 4
420 451 1
1192 2020 10000
872 1796 10000
163 2517 2
1799 2072 10000
1365 1681 10000
1849 2538 10000
1823 820 10000
2063 2659 10000
1855 146 7
721 550 10000
430 1513 5
2293 2975 10000
313 397 10
1504 1895 10000
1984 1926 10000
459 1325 10000
2510 1629 5
1220 2744 10000
2963 2965 9
547 2670 7
1287 2436 10000
256 1837 10
176 322 8
2703 46 10000
1562 1099 5
1238 2485 10000
1381 2335 5
2316 1694 10000
2420 2372 10000
2101 2424 3
2367 2877 10000
881 1373 5
788 320 8
1753 688 7
1113 1782 9
663 113 1
1035 181 10000
570 650 10
2914 289 10000
2435 1382 10000
2826 536 1
1914 520 6
1717 1387 6
117 1604 10
1130 2373 7
1594 826 2
1897 1667 5
1486 1049 3
381 2006 10000
1053 493 5
108 1110 7
2996 1704 9
437 1416 10000
1715 2897 10000
1879 1413 3
1912 1652 3
2873 2526 10000
2848 1556 10
2347 1143 10000
937 1474 8
1945 1851 7
2717 1594 3
248 1980 10000
484 494 8
824 505 10
2795 225 10000
1859 1418 6
1919 1315 9
1978 411 3
1685 1629 8
493 1784 9
2289 283 10000
1608 2920 5
2663 1345 10000
1728 1772 8
1199 2033 10000
485 1264 10000
2959 2172 8
1744 915 10
2315 1740 10000
260 627 10000
1571 360 8
666 292 3
2371 1105 9
2388 1110 10
344 886 10
1959 1317 1
2286 1680 10000
1344 1107 9
967 73 1
2231 58 5
665 2346 7
1884 975 10000
1327 2357 10000
2393 527 4
1856 2998 2
486 2763 9
1439 1695 9
677 1860 4
1787 1504 5
1108 805 3
692 868 10000
54 1170 7
1325 2497 9
1415 2377 10
924 1153 5
2721 2755 10000
981 187 1
188 174 10000
1754 260 2
2411 1752 10000
1324 51 10000
1588 1740 1
2276 2978 10000
549 581 4
1640 206 10000
1062 1928 10000
2 417 10
1643 2967 2
2593 1727 8
1844 2396 10000
1487 811 10
1256 2995 2
418 2921 10000
1034 2458 3
1908 452 10000
2703 2763 9
1839 1319 4
642 262 5
1721 1757 1
1343 563 6
2227 902 4
1012 2306 10000
1065 2075 9
203 2557 6
1118 97 10000
568 1200 10000
1734 1238 3
44 1159 10000
1495 1825 10000
2909 2528 10000
970 704 8
2274 1973 10000
2505 327 2
714 442 10000
2034 1456 6
1962 1775 3
136 1251 2
1447 2567 10000
1657 291 10000
890 2924 5
2387 122 10000
1122 647 10000
2562 35 10000
1922 2157 2
2909 1566 8
2204 1893 10000
960 780 10
2979 2035 10000
312 736 5
2908 417 2
777 2917 10000
1780 1244 8
2764 395 10000
1699 2476 5
1326 2850 10000
139 2454 1
1665 2334 6
1689 2800 10000
729 2743 2
1867 11 10
1942 149 3
1374 77 8
1018 1367 10000
1047 905 8
2483 577 2
14 764 5
2469 1829 1
2685 613 6
1683 1356 3
2982 2733 1
1965 436 10000
311 581 7
981 512 3
2929 1079 10000
1483 631 2
2211 1906 6
2951 2308 10
203 1995 7
2123 231 6
2177 2680 2
1425 209 10000
2386 280 6
1300 1310 1
330 1913 10000
1662 1301 9
53 2738 4
1797 2070 9
772 917 1
249 2508 10000
1124 2504 2
454 963 3
83 691 9
989 1949 5
1437 1022 10000
1433 1312 10000
2133 1167 2
558 439 5
291 1591 10
2037 449 2
2537 2651 8
775 593 10
2107 2903 10000
2492 2433 2
2782 2220 3
247 2771 3
1295 1167 8
1586 100 1
293 1419 7
1725 1509 7
1213 790 1
2472 1947 10000
1641 1821 10000
774 1428 10000
495 901 5
9 643 10000
489 2565 7
2653 1852 10000
2986 1249 10000
2947 830 5
775 307 4
552 388 10
1723 282 10
1570 2820 1
764 392 2
1062 355 2
610 940 10000
658 2502 10
1888 375 10000
2375 1605 8
2989 199 2
754 1288 9
600 391 10000
324 2257 2
2450 1773 10000
1233 1424 10000
214 1545 10000
206 1824 6
1040 729 6
580 216 6
257 807 10
1879 2146 4
2721 2201 6
835 2576 10000
495 740 4
2333 2567 1
1709 2357 6
697 142 7
266 2994 10000
2147 1363 10000
66 243 4
2231 537 10
1544 112 2
686 1891 2
1978 1064 2
2857 1711 10000
2944 2372 1
1507 656 10000
1886 1644 10000
822 2500 2
1750 1056 6
1166 2292 4
1472 519 1
2060 352 10000
295 1443 2
1395 2916 6
488 585 3
2543 2980 4
2954 1964 10000
2155 2984 8
321 2264 7
960 1929 8
502 2043 6
2059 2821 10
2049 1581 1
2247 1777 10000
978 423 10000
404 1188 10000
100 283 3
621 1512 7
1298 2573 7
2258 1986 10000
2215 826 5
2001 17 5
750 2401 10
1762 1950 7
196 187 9
930 1062 3
2208 365 10000
2437 2263 7
1213 1439 9
1336 2125 6
2864 2455 3
871 353 10000
1418 2661 6
558 234 6
1962 462 3
132 1848 1
1163 1697 4
1595 2233 10000
384 334 10000
1743 2539 7
68 76 4
1855 2384 7
490 2180 9
1836 724 6
2262 1255 10
1601 800 7
779 1236 10000
370 303 10000
2863 635 10000
2317 1940 1
2845 2210 10000
2829 2976 10000
1866 387 10000
2304 731 3
2384 2115 5
2881 1543 10
311 2465 4
42 2726 1
2923 337 10000
2693 2279 6
2639 1714 8
2871 2853 7
582 2078 4
2789 2514 8
1898 2054 10000
2166 23 10000
893 1937 9
1253 2488 9
655 607 1
1179 60 4
2493 2218 7
1667 91 10
1025 819 9
2265 900 5
2660 2542 3
621 160 5
692 78 5
1021 998 9
1301 50 1
515 2631 9
900 405 8
2428 457 10000
1206 2274 7
329 851 5
2738 625 2
2340 2619 10000
1038 305 1
2457 954 10000
890 251 3
1176 2134 1
1989 2214 10000
1269 533 5
884 277 7
1767 939 10000
1612 861 8
2622 2427 10000
2526 1610 8
1131 2689 3
43 980 10000
633 1722 5
1738 481 2
1031 1976 8
2335 1674 10
1806 251 9
626 1420 8
952 1857 10000
2344 720 7
1135 872 2
2830 26 6
74 932 2
2442 1016 5
2008 2921 4
1865 1303 2
2277 2157 6
1128 652 1
2055 1125 10
1662 1842 3
633 2933 4
1549 2543 6
435 2768 10000
2687 125 6
684 605 1
1697 1039 4
623 1294 10000
2840 1100 3
2183 811 1
2128 390 7
1913 861 7
2847 2882 1
1173 925 10000
1578 2113 2
2925 1484 1
2232 1780 3
1739 2424 8
1268 2912 9
164 1150 3
169 2619 9
2320 123 10000
2086 1186 2
282 2341 1
2628 2771 4
20 797 7
869 711 10000
956 2419 10000
2645 2303 10000
2990 2144 2
1736 1489 7
2889 2837 10
982 760 10000
1234 2802 10000
2931 2886 5
2952 1580 10000
523 1263 10000
1372 1443 2
1784 1874 7
2772 1383 3
832 785 4
1057 2230 6
2446 275 10000
855 850 7
1205 122 2
2791 1093 7
111 769 10000
1039 2301 5
157 2206 3
2555 125 8
614 2616 10
2337 2245 3
1455 2853 7
1662 190 1
678 2091 10000
1940 286 1
2490 1564 10000
347 154 10000
713 1 3
1482 1409 10000
491 5 10000
2460 1405 5
2493 2354 7
1838 368 7
1714 2919 9
531 875 10000
1664 2020 7
2902 2892 10000
471 1203 4
2002 78 6
1347 1746 5
726 578 7
1838 1742 4
824 2912 8
2082 2665 10
1933 1639 8
2191 320 6
1838 1648 2
1017 1619 10
2818 2889 7
1483 749 10
2417 2696 7
2724 1695 6
565 2148 10000
862 2735 9
1590 59 3
1435 2426 10000
1925 2481 10000
912 2079 3
936 829 8
405 653 1
2410 2025 10000
1832 1668 10
308 450 10000
615 1087 9
487 1823 6
2004 1639 9
2762 204 10000
2371 1950 8
2348 2732 10000
2426 230 5
389 2709 10000
723 791 6
1970 1571 8
1242 2885 10000
1954 913 10000
2594 2883 8
2267 1506 4
82 1289 10000
796 1272 10000
2347 2136 10
1795 397 3
2338 1402 10000
70 2028 8
54 949 10
2731 951 6
1819 954 10
1261 1994 2
194 1299 9
2171 2310 5
2739 683 10000
1313 1710 10
335 2081 10000
1735 2286 3
1644 424 9
1488 369 2
2461 2137 1
473 2046 10000
2671 1759 10
1370 1320 10000
1538 2647 10000
2599 436 4
955 2325 2
225 1829 7
318 2217 9
1938 687 4
2229 957 10000
661 2798 10000
2910 2544 10
285 553 5
2629 2875 4
2688 2432 10000
285 1872 10
662 2324 10000
1183 2380 10000
1859 558 8
843 507 7
2494 222 10000
1580 1700 8
2313 2030 3
1074 622 3
2358 1770 5
877 1014 1
1965 126 2
273 804 6
261 2618 1
2385 1381 7
2005 2225 6
1291 1328 10000
843 2900 7
1730 1768 9
2409 1255 4
2518 2351 2
1511 2708 4
549 2630 10
197 111 8
626 1802 3
1232 329 6
116 115 10000
2665 2122 5
911 457 2
1848 2454 9
80 1406 8
467 733 9
1845 1077 2
2996 1945 8
2017 1422 10000
1945 1703 4
273 1136 10
2106 2604 10000
2660 1368 3
2970 1642 10
1759 1556 4
2880 1512 1
1300 585 6
681 2157 8
2226 2583 7
1570 124 4
928 802 8
529 166 2
1197 1290 8
1938 309 9
2342 2053 10
2677 83 1
686 1850 9
635 1465 10
319 361 10000
2391 787 8
1953 1261 5
1112 912 6
284 2659 7
2874 719 1
1563 748 4
2966 394 2
2678 2075 5
163 2329 1
1820 923 6
1972 1860 4
1016 1935 4
349 189 3
1283 1131 8
241 437 10
1465 1778 8
1797 1388 10
1491 122 4
1334 2123 8
661 992 7
2352 2894 10000
1245 2754 10000
608 1972 4
1921 77 8
1057 2132 7
296 732 7
1156 1467 4
845 2787 10000
2737 366 2
42 1057 4
1132 2551 1
2960 814 10000
120 1277 10
2506 1192 2
1348 2636 10000
86 2407 5
1284 1706 9
2421 1202 10000
2439 1958 9
1991 106 10000
1819 1464 7
2192 2355 10000
484 2931 1
2618 1830 9
449 2142 1
2212 1812 10000
422 1915 1
113 2908 7
1412 2143 10000
753 296 3
2490 2741 4
2927 172 10000
1441 133 10000
2642 1817 5
2925 1082 9
1340 2747 10000
325 2202 8
1679 530 8
542 1139 10000
1104 290 6
1102 2575 10000
1174 447 10000
1974 609 5
2968 2603 9
1690 1354 10000
2619 2530 5
1413 2018 4
212 1616 5
167 0 10
597 900 1
2699 1279 10000
1113 776 8
687 1603 6
1780 2113 10
1901 2696 6
2118 2254 10000
2221 499 10000
516 1609 10000
2169 1148 8
75 1875 5
784 136 7
2368 1882 10000
360 2453 4
1430 1582 3
2996 1318 6
343 1079 10
2535 1937 6
2890 1138 9
987 2187 10
723 1267 1
178 451 8
2669 371 5
1530 2865 10000
1096 614 5
2972 1120 1
1584 1044 4
638 2988 10
1601 522 8
274 973 5
2555 2623 3
1027 1533 5
2362 2815 2
340 2271 10
211 2496 9
1513 937 3
440 2727 10000
264 2731 1
2564 1069 10000
2913 863 10000
1258 1783 10000
1600 645 7
2579 1902 9
1493 128 7
1019 1582 5
1468 2680 10
1702 737 10000
2281 466 6
652 1186 3
2586 184 6
1191 1049 5
1870 1346 5
2533 322 6
562 1939 3
1483 26 8
208 2478 10000
1497 2226 9
1059 2323 4
2475 217 4
2076 840 10000
2913 1999 3
21 783 7
2869 407 6
1876 416 6
1283 953 8
2168 242 8
743 123 7
2493 1553 9
422 1577 9
1726 1169 10000
1952 2421 2
1754 703 2
1315 2449 4
161 532 7
1566 767 1
2403 2272 10000
797 1554 5
1638 1420 2
2350 2185 10
2445 2986 10
1811 547 3
2563 1660 10000
1149 943 8
1948 2498 10000
538 2700 7
1650 2765 1
2400 2298 10000
1007 1899 3
768 765 1
1878 2690 3
1622 1362 10000
2825 1314 6
1628 746 10000
268 45 7
2858 1087 10
134 1302 4
278 1004 2
770 1478 10000
758 1601 3
448 2280 8
118 1622 3
297 921 6
2077 22 10000
215 2011 10000
2672 1066 6
2994 1142 8
2175 1212 9
2673 1436 8
894 2221 4
2015 2746 10000
788 924 8
1304 2177 8
430 1112 5
2594 1716 6
1707 746 2
1501 945 9
1448 2095 10000
1032 1004 10
574 399 10000
479 2279 10
2835 1446 10000
985 1042 10000
2467 476 6
2459 1616 4
526 2159 10000
574 1828 8
2635 2391 1
1546 931 5
2782 1900 6
2126 2799 7
1598 2688 3
24 225 9
1032 2563 9
699 1419 5
1013 247 2
659 1831 3
1758 2704 10000
2285 1966 9
1178 2868 1
1834 30 5
538 1799 2
1980 1669 4
2181 392 1
1764 1161 3
1121 1590 5
428 812 2
2249 2856 4
2351 2539 3
593 1219 10
1207 218 1
1800 2818 9
509 1063 10
2666 1210 10
266 910 7
1085 1910 7
1585 1102 1
96 1231 10000
669 1094 3
1460 1698 10
2484 2770 10000
2144 759 3
1092 406 6
1344 2447 10
363 432 6
1134 2097 10000
189 2813 3
2801 1120 6
935 606 10000
2752 1794 3
1185 833 1
71 1941 10000
2461 1507 10
102 2389 10000
1371 1447 8
1921 567 10
1617 513 1
2167 1292 6
1215 2189 10000
1740 478 7
2798 1555 2
857 1821 8
2051 378 2
2375 1906 8
1693 1084 10
889 1393 5
1411 2111 2
198 701 10000
299 305 6
1154 1151 2
2034 2587 9
419 973 10
381 1760 8
1762 2812 4
2312 1921 7
889 816 9
1726 2710 6
1869 2151 7
2257 1318 1
2220 2266 6
1160 961 10000
1138 465 1
2009 1806 6
1316 2740 5
1484 545 9
1490 2061 10
1337 1535 6
2466 2193 10000
2177 819 9
1082 2658 6
254 1656 1
1678 682 10000
2853 1424 4
396 45 1
153 838 9
707 595 5
173 1008 3
1990 839 10000
2313 2783 10
2928 882 10000
297 2326 7
2553 642 9
2592 2217 6
117 1252 2
2153 1930 2
2600 1452 10000
2258 2240 2
2869 1973 8
384 2104 10
261 2327 6
2949 2501 5
321 1766 9
1255 86 4
1254 2672 6
1240 1208 10000
670 2900 8
467 1597 10
1955 363 5
2881 2131 8
2353 1006 7
1019 1749 1
258 1277 3
2041 762 10000
2849 1672 10000
1957 1195 10000
1383 544 3
2478 2282 7
2964 2082 3
2751 1520 3
1596 123 8
2593 752 8
1617 764 5
2633 373 10000
993 1376 10000
1419 2057 4
170 1489 1
2564 1394 10
1465 2953 4
2972 1736 5
1152 1111 10000
2606 781 10000
