3000 2045 4025
151 1341 9867
2541 987 9550
1004 380 9263
2596 2081 9137
165 1298 9943
2926 419 8724
1492 1196 9048
384 2375 8047
2163 1571 8157
2891 1140 8557
383 2300 8421
1606 349 9527
1376 850 8546
2593 1060 8915
1945 836 8498
260 1057 8676
2271 2653 9997
971 1204 9763
243 2811 8833
2463 68 9996
2997 1224 9493
2681 1988 8508
383 2341 8399
1680 1363 8517
2009 2747 8967
977 356 9857
195 1299 9014
1848 879 9081
2666 164 9998
2113 2181 8855
2563 2007 9700
2749 629 8574
1391 1039 8002
2401 2686 8440
2339 1067 9566
2871 2343 8684
1797 691 8713
2251 2482 8621
2373 2117 9923
107 2016 8490
1194 1234 9944
1008 605 8812
1058 2895 9924
296 604 9919
2849 162 9322
2351 2554 9979
1138 237 9924
523 2646 9321
895 187 9513
628 1273 9822
1777 1092 8962
988 498 8183
1077 622 9415
217 1668 8212
508 2483 9675
224 453 9178
2847 2291 9611
2017 1611 8542
2259 551 8978
1462 2793 9459
482 249 8644
2860 1424 8599
2380 790 8163
2079 1232 9160
2363 840 8858
611 1853 9525
2144 801 8869
518 1516 9919
1066 2905 9529
1104 2878 8199
2583 1302 8488
885 1246 9333
2308 206 8358
338 1673 8273
2075 2096 9193
1251 788 9835
1684 1343 8815
1756 2308 9716
1675 2212 9429
78 1837 8962
2377 276 8527
1929 1648 8763
728 1336 9899
375 1314 9258
667 395 9956
2153 1765 8809
2823 1700 8056
1348 1990 9885
1779 765 8632
2638 889 9537
1934 1771 8029
1722 1283 9435
764 2962 9807
2457 1308 8018
587 2835 9284
113 934 9023
2507 2171 8824
845 1953 9264
837 394 9158
417 30 8217
1439 2369 8349
883 1510 8039
831 2340 8175
234 1259 9140
2055 2481 9002
1603 34 9309
1993 2763 9156
333 2686 8898
573 2099 9170
2992 1003 9575
2526 1820 8690
2213 1854 8398
86 2944 8138
2351 2979 9090
636 251 8900
2228 1833 9070
2124 455 8812
1140 1767 9241
1409 2274 8310
1951 736 9085
1777 623 8673
1532 2906 8783
686 794 8344
1731 2455 9820
220 1873 8428
1133 2429 8352
2154 1467 9057
2904 900 8153
2841 2022 8078
2630 1944 8753
1634 1784 8374
2389 2801 8574
701 1156 8267
2890 2375 9049
2416 1835 9600
2988 2370 9005
2673 1718 8923
2382 2052 9846
2372 164 9640
2123 878 8966
322 2671 9796
718 2968 8434
2818 50 8648
616 273 9610
334 2054 8478
472 2023 9999
630 2800 9869
1512 2437 9809
2327 1892 8917
0 1523 9011
862 2156 9421
16 579 8260
2730 2851 8010
2814 1414 8828
900 871 8279
1351 385 8857
2977 228 9826
1483 2824 9743
115 624 8126
2228 2014 8324
2499 1065 8369
1667 1566 9311
1524 230 9190
1629 2975 9905
506 485 9266
2488 1144 8466
2650 1478 9330
107 1533 9693
345 30 9380
2632 225 8760
373 1312 8100
2492 1684 9879
683 1893 8951
119 183 9866
585 1922 9370
901 924 9284
2613 465 8559
474 1882 9492
2661 461 9735
1844 789 8865
325 810 8088
939 1897 9432
1482 2607 9327
848 2774 9213
1351 947 8627
2264 137 8642
1101 2990 9310
1192 1432 9223
872 1148 8530
2517 371 8856
2264 1207 9911
2056 443 9613
2718 2976 8640
1393 2687 9830
458 875 8475
119 61 8380
2060 1586 9124
980 1487 9431
423 1266 8117
233 124 9863
2069 2079 8822
2227 1637 8943
1870 2326 9582
2155 2691 9155
588 927 9592
319 1013 8644
2703 449 9824
1486 546 9109
174 70 9395
288 1121 8322
2608 1775 8127
223 32 9112
1656 1004 8396
129 2214 8088
2487 408 8115
2027 2978 9475
2665 359 9043
647 1469 9943
2864 2657 9275
1776 2701 8664
71 2285 8438
135 184 9577
1241 154 8265
1738 2597 8219
239 899 9804
2497 1737 8193
2936 926 8725
426 746 9078
2068 1114 9831
1768 2947 8760
668 2090 8428
1002 2559 8655
1986 66 9913
2363 181 9680
643 887 8800
2071 2421 10000
2110 2245 9198
1762 824 8675
27 1189 9577
1339 500 8506
932 2391 9542
684 641 9345
122 2158 8350
2923 407 8416
1600 2097 8342
2510 95 8739
2133 1897 8470
1252 159 9563
200 1193 9019
2475 1069 8025
1657 773 9183
141 1975 8971
1949 2834 8466
2383 2560 9658
277 187 8041
47 1974 8958
350 2141 8384
1995 597 8281
2317 201 8933
1434 2672 9431
2311 2581 9981
2776 689 8831
1682 1522 8337
1983 1456 9735
2347 2628 9420
173 2244 8084
1477 1068 8462
2716 1894 8027
1845 945 8430
1029 253 9600
1518 629 8821
2466 1824 9159
872 1578 8790
897 1217 9494
1059 576 8012
2526 2821 9279
1721 1948 8956
1536 2400 8058
2044 1830 8946
2139 2003 9270
305 166 9706
2747 2758 8480
373 2474 8362
1162 1018 9042
1789 49 9915
2697 415 9363
1154 1481 8197
195 1248 9188
1962 2275 8297
2826 2491 9231
1892 182 9105
1888 2627 8733
1889 2649 9146
2661 34 9047
106 1887 8723
1025 1658 9004
1664 1103 8435
516 2630 8311
2013 1842 8152
2495 2057 9996
619 255 9440
2879 1650 9616
2319 1840 8274
386 2713 9868
73 2408 8672
1392 751 8022
1014 2613 8470
2445 1543 8583
2821 768 9140
2566 1047 8737
1145 2276 8772
1163 2828 8866
2160 502 9458
556 2548 8510
1705 228 8285
1712 580 9004
1243 1325 9264
1312 9 8114
2739 627 9230
871 2064 9927
801 1407 9756
1641 2727 8557
363 2952 8927
1753 2168 9927
1682 1249 9588
1341 564 9502
1552 2329 9431
2030 2568 9324
820 2551 8156
2720 1031 9712
1891 389 9668
1806 1557 9400
722 234 8508
1733 311 9795
2766 340 9703
1129 1051 8043
218 2558 8291
290 2362 8747
1128 457 9214
2537 1397 8362
1869 1553 9741
2724 2507 9260
1304 1775 8971
765 1763 9573
902 2625 8920
2296 2670 8660
1452 1547 8407
1233 1302 8199
991 1628 8316
2235 781 8965
1950 2594 8609
2466 464 9903
1145 233 9546
2104 2161 9349
2677 1438 8856
598 2174 9059
259 2637 9181
1341 2203 9648
1894 2162 8961
685 42 8981
2647 2188 8351
2186 2268 9591
886 2098 9157
2080 913 9844
2552 1240 9020
1318 2668 8063
1983 2560 8776
1676 2075 9999
904 2260 8770
1698 2842 9129
144 2949 8836
2169 2896 9925
1930 2355 8963
2677 101 9499
1196 799 8750
760 1529 9791
431 1520 9461
2295 2788 8797
1258 2159 8439
460 2798 9861
403 2568 9401
1942 1899 9353
574 600 8368
785 563 9061
527 2404 8744
861 656 9457
1573 639 9399
648 324 8158
447 888 8818
2188 1628 9509
2656 1597 9833
584 893 8632
891 2709 8651
1195 2764 8192
1338 1278 9933
1994 2363 9268
2117 1441 8520
2762 1244 8468
1084 2786 9526
2193 2120 8366
2887 731 9206
2046 1500 9518
2116 2617 8939
2269 301 8489
1250 1224 9562
2879 2690 8207
1027 1153 8050
1064 2678 8324
2508 2455 9098
1320 1128 9408
215 1620 9722
88 352 9600
207 297 8487
1485 2321 8905
1503 853 8189
1920 1112 8227
1709 7 8596
2388 2691 8267
2252 1155 8531
930 2232 9322
2488 919 8184
2246 1109 9659
993 2658 9579
2084 2942 9636
1734 2325 8353
696 1924 8725
1408 2008 9537
1868 38 8931
177 1859 9174
751 2489 8381
744 1889 9277
2651 1632 9461
2082 2021 9788
2301 466 8533
543 795 8092
255 1186 9595
1649 1305 9599
938 232 8204
2273 1871 8199
60 379 8228
745 1141 9196
1808 2557 9806
1202 2542 8133
1432 1138 8752
739 1542 8128
2757 522 9878
1872 1659 8206
1190 2282 8738
2735 266 9439
1399 709 9856
2442 420 8348
983 2721 8324
306 896 8693
1055 876 8587
1180 2190 9410
440 2147 8978
1092 2066 8442
2092 1421 9726
168 1089 9587
740 533 9438
2484 94 8126
1336 1011 9020
2652 1327 9097
1385 961 8267
971 2617 9188
2588 2129 9754
433 1424 9303
131 2806 9211
1596 2093 8629
663 1932 9999
1525 2320 9919
1893 2852 8639
372 2162 8593
1150 369 9838
1693 1705 9372
1484 1171 8380
75 2637 8316
151 1130 9173
2317 198 8673
635 2980 8838
438 912 8485
2013 1433 8907
1595 2025 8013
2408 145 8785
611 2029 8409
2028 2826 9557
393 519 8878
1351 1871 8629
640 261 9017
2041 2439 9684
561 1892 8256
1480 1903 9216
2540 437 8384
626 2486 9968
2143 653 8878
1937 1392 8590
1736 1374 8030
424 2019 9521
2700 873 8137
523 610 8135
176 1180 9588
863 1578 9955
2873 1801 9652
2897 2378 8707
989 774 8898
1288 523 8919
704 1805 9088
1413 58 8701
1633 2366 8001
1044 1434 8840
1364 2632 9008
1669 19 9145
2590 439 8169
1314 945 8252
2844 2070 8226
1385 598 9794
1515 2969 8982
2529 1445 9489
1821 275 8024
2664 1066 9117
1212 1449 8888
1214 2414 8257
1308 409 8037
2148 92 9324
1999 292 8328
1007 1828 8066
2898 2240 8600
494 1491 8902
2467 2015 9594
2522 2972 8532
2501 1226 8225
1764 48 8804
2278 2819 9919
1473 309 9756
951 2208 9466
2051 2472 9094
1792 1975 9324
2385 1301 9127
1860 1678 8840
2080 2559 9483
845 1067 8667
2793 525 9357
210 2392 9060
271 226 9318
2439 1184 8694
2399 547 9735
1377 1834 8689
2118 937 8061
1558 2722 9422
2513 2652 9404
1340 2172 9560
484 1795 9899
2970 1567 9695
1012 1883 8653
2415 860 8279
1739 1462 9552
2387 414 9332
2530 2884 8011
1900 1575 8007
1921 270 9160
2393 1624 8737
54 2978 9761
715 2270 9448
1398 1062 9327
2163 2464 8748
1497 2695 8418
2195 1840 9543
897 2020 9567
2456 505 8766
1349 2107 9398
2791 2942 8689
1357 1919 8832
977 1681 9719
2806 1688 9594
2217 2631 8731
1967 1255 8316
2626 632 8633
2070 1116 9735
2224 928 8317
1360 1229 9901
2662 1553 8948
1547 1290 8992
12 2553 9322
2047 18 9191
1754 1957 8292
1366 681 8545
2539 1751 9872
2436 2247 8645
274 2091 8212
534 2089 9174
1554 1355 8118
1569 1065 8731
1426 2067 8878
1243 148 8207
837 476 8049
737 2128 9217
1705 1216 9942
2379 329 8562
232 1966 9255
261 2226 9508
1338 659 8602
81 157 9157
1951 1263 9543
178 2902 9719
494 2922 8240
586 756 9380
442 1687 9127
1291 285 8797
1770 2181 9334
2126 2771 9804
406 2140 9440
753 542 8679
101 1038 8534
1548 2652 9655
1332 1228 9619
710 1569 9366
1036 2537 9786
1867 2919 9178
389 2037 9308
2410 1811 8081
331 172 8631
1131 1079 8350
274 1723 8176
341 1223 8440
265 1161 9004
657 236 8796
1652 1166 9802
1938 568 9731
1334 543 8942
1098 1723 8540
624 2944 8593
1061 569 8416
1738 1056 9747
2481 504 8342
38 827 8531
1466 2963 8948
2434 640 9150
636 2793 9678
83 1257 9307
973 626 8278
1396 1764 9196
211 2550 9418
2663 1036 9865
308 1359 8368
1696 2702 9688
1110 479 9533
1931 1074 8272
977 2047 8594
1508 2814 9410
2126 2743 8551
2308 1358 8011
4 1644 9506
1371 720 9259
2987 2093 9460
1420 1422 9316
602 663 9166
247 1390 9775
2771 920 8578
1839 562 9314
2789 1149 9889
607 1009 9109
1935 1469 8606
1152 496 8586
2655 2134 8079
2081 1837 8046
857 1450 8414
2556 1287 9490
981 1751 8924
1547 1461 9022
256 1971 9588
2249 97 8194
1978 754 8360
1835 2250 9954
386 165 9830
368 2284 8709
132 874 9356
2879 245 9045
2193 1104 8342
87 1564 9313
655 2885 9858
1145 1786 8199
346 1347 8940
336 1568 9738
2496 2595 9761
66 2035 9102
2992 7 9560
1435 800 8775
696 92 8287
103 672 8168
427 2359 8345
1294 833 9925
556 67 8059
2146 2458 9411
885 2024 9462
1245 1772 9507
2859 1326 8718
1357 1182 8448
535 102 8484
1913 2536 9733
1998 847 8675
302 190 8584
1906 134 9330
1592 1912 9962
1965 787 9565
2498 727 8336
2420 1110 8724
1474 29 8029
79 2152 9222
2167 724 8069
513 567 9390
1015 2575 8921
1492 1616 8525
1054 1461 9990
2199 962 8462
2746 1771 8916
2335 883 8330
1743 1221 9346
766 1085 8085
1768 1268 9611
2839 98 9631
2241 2164 9861
2882 2927 8627
804 609 9857
1342 1582 9633
2891 1695 9917
2564 2908 9722
1697 216 8838
596 896 9422
530 1247 9833
1800 166 8214
2076 2109 8879
1323 1712 8507
2050 2519 8179
1465 2372 8873
1272 508 9079
2749 1152 9106
774 2795 8192
2965 2688 9127
2815 2738 9771
2728 2031 8874
2745 2518 9127
684 1531 8968
2364 2470 9834
2105 1972 9992
1750 2672 8396
1530 2621 9684
984 1019 9939
499 1265 9206
2967 2779 8401
2717 1814 8822
226 2623 8440
2605 2584 8937
1244 112 8033
935 2861 8917
2260 2202 9327
2194 1642 9043
278 2073 8376
539 796 8297
769 2227 8189
459 179 9305
757 835 8844
1449 1718 9106
2461 1382 8799
1431 153 9866
2581 1594 8565
2574 1506 8386
43 599 9486
1785 1991 9467
1584 203 9048
1691 1699 8927
2998 2507 8158
870 2658 9306
279 2580 9662
69 1086 8345
1874 1736 8123
998 191 9880
745 978 8572
2499 1758 8633
1631 2642 8726
2468 2196 8058
2958 14 8155
1999 526 9391
2424 401 8858
246 1117 9828
2773 2293 8900
1394 1863 9424
361 2511 8380
698 2742 8092
1103 294 8431
2257 2740 8578
2441 647 9270
1472 480 8003
2397 330 9956
591 1281 8482
1113 909 8600
1896 1223 9773
2024 747 9527
1976 1388 9700
2791 137 9285
1121 1717 9207
1952 1107 8910
316 2337 8984
2750 1730 9433
880 1219 9824
595 1161 8585
1226 1490 8056
705 1327 9733
1628 688 8858
1846 2897 8511
81 1126 9657
1262 1880 9901
2418 2479 9887
2888 1578 9904
1537 1541 8048
764 1783 9390
381 2858 9575
1881 2006 8975
2719 2866 9944
1665 2734 9405
2368 2309 8839
985 98 8715
697 2121 8569
239 1742 9601
735 1030 9240
2972 1612 9006
2430 733 8542
160 2360 8873
1354 2459 8510
1386 41 8895
1303 95 8950
540 1757 8456
1877 734 9349
2038 711 9787
1495 272 9387
940 1331 8476
1095 57 8131
1369 1978 9377
2500 923 9425
2319 600 9820
823 1329 9039
2160 1016 8895
2945 2610 8941
200 1215 8855
624 2046 8174
235 2661 9299
1959 2524 8766
2636 2345 8374
2710 2932 9069
1778 786 8211
161 1309 8510
1634 1158 9320
1480 558 8192
1695 753 9863
2752 1525 9704
1213 53 8305
1287 1560 8543
719 1864 9862
191 1774 9807
81 658 9161
2782 2072 9280
465 1459 8655
997 227 9443
2501 996 8798
2913 2916 8058
2175 1513 8858
2914 1588 8187
858 436 9578
555 1115 9109
1360 2543 9109
2083 1866 8118
1596 657 8884
1071 240 8161
2010 370 8856
838 844 9820
2235 1625 9787
2186 2705 9693
2312 683 8200
1409 1683 9308
724 606 8045
864 1419 8531
671 1035 9310
2200 1565 8046
1301 1975 8475
2700 568 9143
1299 1528 8901
2277 2867 9239
180 2476 9764
2017 2592 8569
2409 549 9150
532 97 8765
1372 1048 8590
336 1183 8965
1122 826 9324
593 1535 8922
1097 1175 8113
1553 1694 8900
1088 0 9569
1037 1725 8738
2756 446 9600
169 1070 8536
1560 2310 9329
2863 1205 9076
1251 1963 9974
1608 2198 8843
1499 631 8500
2429 812 8580
892 2198 8513
1436 1818 9271
1032 687 8358
2243 1433 9411
2446 762 8786
1040 894 8398
2870 2731 8995
260 2627 9148
1521 1851 8245
1829 1933 8021
24 2183 8320
2024 1653 8508
855 2760 9784
560 599 9780
2169 2494 9092
821 2326 8293
1825 841 9414
1941 2441 8363
1328 410 9286
91 548 8165
2209 1165 9874
514 2825 8185
2022 1025 8177
120 2864 9265
1 1940 8926
590 780 9777
2281 864 8232
2411 1254 8434
1142 1352 9129
1442 2812 9493
2527 97 8255
2531 2765 9148
2803 2835 8391
1900 2346 9272
1686 1716 9369
1166 2426 8782
766 2460 9197
1376 400 8933
552 2860 8848
404 55 8444
1295 941 9124
1666 2923 8733
2170 1131 9769
418 431 8763
1233 2741 9950
1799 2279 9255
2082 2305 8377
1232 262 9047
2433 1946 9601
2039 1685 9860
1949 1719 8861
2493 1262 9759
1446 1475 9107
1697 2382 8640
1905 1460 9950
20 1095 8917
866 1800 8449
2912 161 8721
604 2983 9633
1979 1427 9204
1952 967 8442
819 2336 9395
2452 1114 8076
369 955 9832
590 1822 8482
1409 2538 8598
1017 291 8080
948 1609 8077
1307 1626 9950
695 360 8342
2424 1186 9486
2026 2361 8147
2506 1495 9083
2985 1570 9949
2334 250 9202
554 44 9134
320 1254 8707
2422 2831 8409
589 1132 9746
715 1269 8623
2660 1401 8747
437 165 8138
466 1926 9528
139 379 8877
2503 2446 9286
2099 1523 8215
2455 2877 8732
209 2840 9286
597 196 8209
1174 2966 8717
2420 1806 8343
109 1331 9990
2139 1120 8826
731 481 8118
1064 1127 8940
448 1583 8765
1566 1124 8545
325 661 8995
1751 1292 8583
2237 674 8759
156 1647 8570
1551 2390 9775
2447 1725 9235
1909 416 8753
315 1815 8280
1158 816 8488
1651 1159 9964
114 1061 8952
2685 354 9920
455 444 8694
2258 552 9763
531 2643 8770
2912 1410 9091
2744 1791 8614
650 2106 8140
2850 2132 9550
2061 822 8380
1698 2777 9942
488 1852 8012
1540 2033 9846
1479 2062 9750
723 874 8179
1832 719 9448
671 608 8645
910 1082 9182
1706 1682 8952
2182 2851 9925
2744 894 8390
2770 670 9798
2396 785 8074
1221 614 9797
798 2069 8856
2423 2753 8158
626 2348 8405
2254 6 8002
2809 2435 9459
1661 17 9994
2535 2233 9286
1590 732 8891
1435 843 9786
2589 716 9296
1769 2581 8202
772 1 8878
248 204 9514
1853 1697 8490
1597 649 9567
2735 2263 8468
2115 2993 9696
1406 170 8306
1698 206 8048
2761 1476 8680
2108 2221 9965
541 2913 8393
2573 451 8714
364 2411 9409
1353 2913 9872
2056 1494 9612
2707 63 8914
2303 791 9450
296 2125 9524
2478 1472 8185
583 964 8008
1401 1593 8389
2085 45 8728
2448 1590 9911
356 126 9794
1436 1350 9073
806 902 9089
1574 1788 9761
818 2209 9800
301 1956 8187
582 1918 9424
2355 528 8078
2342 346 9461
2533 1213 8670
1514 1702 9368
1333 40 9345
596 2365 8456
2033 1078 9066
489 2350 8502
731 2075 8203
1176 2307 8456
171 366 9785
2346 2982 9394
1689 2053 9633
1971 2837 9282
2555 1464 8959
1961 1550 8816
721 2924 8169
662 1703 9684
571 2886 8222
2575 2316 8224
2354 2195 8834
965 1695 9673
2105 2067 9109
498 594 8316
1245 2049 9811
2220 1429 8547
2474 1925 9120
77 2701 9835
1177 878 8465
433 146 8663
1446 1520 9095
2777 1236 8760
338 1260 8612
2457 1509 9161
2810 2303 9962
1399 1173 8540
2811 1826 9133
2448 519 9074
74 76 8429
1403 2883 9234
2865 1782 9760
1816 2999 9410
707 1622 9812
2417 2738 9103
730 1219 8257
2471 2390 9306
486 2257 9252
771 2111 9949
897 1944 8662
1168 212 8246
2074 2138 8740
943 2948 8148
628 2279 8740
1655 1294 8795
55 471 9957
869 1238 8409
1561 2407 8190
817 1484 8771
2011 2156 8460
390 2735 9231
1270 89 9426
1063 1224 8991
1015 1041 9773
2929 1857 8173
1895 1471 9744
1625 118 8572
2302 1118 8374
1367 2730 9376
2989 258 9210
2927 2667 8866
952 40 8199
2868 1552 8459
1572 2564 8225
1997 2808 8895
1780 1405 8907
1117 1939 9119
2268 2794 8165
1992 285 8108
445 399 9112
834 1608 9830
815 1615 9790
426 1237 9680
1043 1555 8610
2930 1024 8544
394 374 9453
2266 231 9736
1188 2757 8968
1691 2622 8777
1728 2248 9654
1585 1530 9507
1158 1783 9428
1000 1576 9517
617 2849 8784
1508 2938 9519
1161 128 9447
432 2416 9341
189 2847 8891
2557 2440 9542
975 777 8876
2594 1715 8105
300 2857 8046
1178 135 8492
2301 238 8060
2230 638 8504
493 2065 8158
644 2639 9468
936 2381 8263
2333 2602 9585
873 2655 9607
2880 321 9432
700 1968 9253
1123 1430 9411
2994 836 9720
2410 2280 9178
1323 2935 9436
1222 2013 9282
1654 890 8269
2960 2076 9179
1554 2645 8197
553 1151 8513
856 2261 9529
1197 750 8631
984 2600 9911
324 1007 8703
2209 2358 8381
412 2225 8936
1663 247 8616
1058 646 9832
2426 926 8603
244 1231 9695
2526 1453 8406
1907 2953 8116
2502 2509 8896
2996 2353 8270
2989 1174 9442
2298 651 9163
1527 2797 9773
2925 2530 9141
2775 1427 9808
2785 1732 8937
1324 1412 9101
2495 1227 9981
1708 986 8434
1611 1933 8054
499 1089 9177
1344 1008 9239
2516 10 9685
281 2005 8810
2996 2215 9326
2875 2197 9424
1256 1415 9286
2401 2732 9345
725 2655 9322
2357 861 8151
2313 1672 9854
907 671 8554
2296 2903 9109
1779 1463 8980
1559 1315 9670
1411 846 8029
547 1210 9446
1181 1602 8488
2194 1609 8190
820 2561 9836
1032 2463 8711
210 1077 9241
917 1613 8603
147 2487 9693
1283 61 8893
716 1021 9701
970 1049 8648
2129 674 9824
2136 1902 9435
2571 2504 8432
2644 822 8002
1619 2451 8328
2395 89 9045
2786 949 8951
391 782 8472
955 890 8046
2189 982 8026
2806 2883 8627
34 1405 9269
158 578 8611
2634 1630 8122
849 1020 9958
1773 1714 9466
1275 674 8488
2907 1580 8191
2178 1690 8874
2259 770 9301
1737 1114 8608
131 2879 9389
868 288 8818
2344 110 8758
2870 2421 9760
430 1713 9339
2271 1487 9461
2591 220 8803
1973 1987 9838
2902 1477 8770
2612 279 9582
645 487 8984
2241 1746 9063
1976 1404 9400
2374 2556 8325
669 1167 8580
2103 1589 8369
2070 965 8261
388 31 8533
2499 425 9196
2780 1362 9401
805 1384 8502
607 1460 8858
608 2387 8276
2836 2889 8224
1618 2478 8201
1496 1970 9559
1671 2610 9765
839 2562 9409
497 102 8868
2565 1351 9478
2984 2753 9599
1033 1373 8229
2971 597 9298
876 1710 9822
1847 1020 9816
2572 2706 8336
2659 2764 9098
1206 937 9245
1747 743 8663
2689 1414 8075
2015 1530 9382
1378 914 8728
2799 1505 8223
935 2519 8974
2153 2769 8732
1314 2211 8610
2685 1604 9229
686 2635 9371
1886 749 9182
1397 2726 9933
854 1838 8414
1182 2 9021
475 2447 8302
1621 1848 8755
2135 1588 9711
2450 1136 9395
2892 1420 9773
1692 2089 9631
906 881 9150
1106 2714 8271
1708 1840 9386
1743 1276 8447
1451 1458 9509
435 2147 9708
1679 1964 8659
1874 468 9345
2695 1113 8053
703 2981 9456
2802 2946 8937
446 470 9684
79 1563 8308
933 537 9857
1295 2498 9426
1235 2499 9578
2395 1379 8040
1649 621 8744
1164 2729 8476
1353 2192 9220
2349 2682 9496
1622 1203 8258
2379 557 8621
2283 1660 8995
509 2059 9887
2191 893 8220
2784 1544 8481
2112 654 9968
1151 402 8146
691 660 8434
2096 681 8054
292 2349 9011
797 802 9100
275 117 9344
2253 2245 8717
234 421 9935
1914 1635 9611
2858 2815 8212
1901 581 9591
175 1059 8707
2198 1882 8337
791 756 9849
931 219 8175
2564 2270 8152
2412 2360 9580
361 1861 8706
1507 319 8838
2910 911 9001
596 1613 9977
483 2301 9009
1955 1098 8591
556 807 9492
2773 1483 9754
1181 1302 9498
2409 2481 8423
1810 2373 10000
1412 2124 8617
2703 80 8778
1362 790 8636
1459 2284 9252
2827 2725 8203
1447 2332 8113
2330 2439 8335
2372 1611 8928
1428 1643 8674
2778 2529 8304
689 2806 9293
2742 849 8259
712 2018 9623
2267 610 8811
1509 666 9048
2705 2456 9456
1489 1301 9504
444 882 9386
2179 1662 9031
1359 501 9093
2755 661 8751
983 2200 9354
2227 450 8242
2876 2924 9180
1783 2007 8126
1512 1417 8355
2599 2398 9268
1865 2508 9398
1724 918 8798
332 1631 9529
2968 142 8368
2604 410 8619
1199 2304 9363
99 2802 9150
231 629 8635
2294 1411 8811
303 591 8717
1651 1947 9056
252 2164 8057
2040 2415 9668
232 1117 8665
10 792 9419
1850 2994 8902
367 881 8424
467 2083 8061
2767 2764 9570
906 1229 8920
229 994 8067
1118 1781 8191
2383 602 8612
1028 2683 9984
110 957 8040
2592 1111 9791
1001 2783 9235
1998 2341 9405
378 1045 9699
2717 2059 9768
1798 2523 9771
2810 2559 8519
2290 1179 9863
1854 2161 8675
2635 2407 9472
847 2697 9604
1327 825 9222
726 1759 8475
1027 213 9595
36 1690 9113
1468 2051 9858
1342 727 8783
43 2718 9866
2597 2832 8604
570 2993 9616
340 924 8407
835 2445 9394
2216 2623 9609
1251 1082 8640
2149 85 9034
1060 1073 9884
412 2462 8145
601 1751 9258
1254 2187 8097
797 2027 9827
1139 2573 9275
70 1809 9748
1317 2172 9701
1720 603 8357
2743 1359 8188
1346 1529 8097
486 1455 9781
1750 2009 9723
2195 2668 9336
2751 2598 8660
2648 1831 9692
1321 2505 9117
759 2230 9525
1927 1819 9777
545 2292 9685
8 459 9731
1964 1129 9202
1530 1616 8064
723 104 8371
1755 14 9404
1321 1648 8901
1648 1803 9991
1769 1026 8146
93 1375 8575
2166 1135 8212
1137 138 8839
1443 2206 9944
2640 1623 9479
1099 1200 8526
1626 1440 8019
2118 2979 9360
2952 156 9980
203 577 9541
2376 221 9081
1645 1790 8797
533 217 9509
963 1105 9336
2403 775 9999
439 2817 8688
1943 2765 8520
2377 2783 8821
2820 1856 8570
809 1959 8245
1170 2256 9168
2223 450 9858
2202 758 8881
2881 355 8409
1400 1380 8602
2817 2964 9165
1746 2167 8866
2505 2451 9362
362 654 9213
2956 679 9490
2785 2242 8120
2386 744 9206
413 2867 9316
609 828 9332
2287 98 8443
558 353 8674
2919 1107 8002
2287 73 8747
2977 1331 9267
2190 685 9991
1094 398 8884
8 714 9122
2951 2856 8165
23 422 9700
2830 2345 8270
413 891 9088
837 2447 9091
877 101 9481
1778 1845 9478
510 2210 9930
1735 2894 9930
2207 1399 9674
302 430 8142
411 2520 8560
1096 20 8352
990 737 8300
2804 2013 9757
2315 2046 9275
2853 2177 8028
1776 711 8197
1766 1942 9634
2436 702 9301
2920 958 8900
2759 335 8367
268 1393 8207
2088 2684 9710
1968 83 9641
2427 1623 9147
1868 1409 8791
1485 999 8511
434 1034 8156
1488 2830 9453
2405 1213 8790
1979 1531 8465
1614 1706 8817
2722 2896 9850
2292 1010 9871
1674 2145 9651
618 139 8136
1815 93 8606
116 2479 9862
15 2322 8576
2955 1622 9333
550 2352 8416
1711 2684 8768
1637 974 8788
2157 763 9301
1279 344 8388
2515 1108 8187
2955 639 9168
1939 729 9442
2544 1457 9042
677 637 9204
1745 1896 8870
644 2206 8684
2675 151 9897
2103 2240 8184
2286 2000 9919
1052 978 8718
2828 807 8108
815 1967 9422
163 864 9198
1510 1131 9867
2692 342 8165
2355 1390 8880
2090 820 9742
351 2819 8278
493 903 9378
1447 1952 8109
2087 1046 8034
1081 2176 8245
2571 890 8412
75 2326 9512
1862 645 9196
36 664 9439
1080 1908 8475
136 2820 9442
1997 581 8269
763 500 8268
1338 2974 9125
83 934 8609
2176 1123 9123
985 2657 8342
1234 523 9698
2300 2477 9773
355 318 9484
540 213 9319
2430 858 8681
2129 2409 9031
2048 559 9591
2364 2752 8744
851 2322 8007
2398 2712 8358
2249 1218 9856
492 1356 8913
2639 184 8669
1467 895 9288
2911 101 9801
305 263 9802
2138 2720 9361
387 405 9124
2291 875 8658
459 1125 9035
125 2947 8598
1537 1378 9717
2053 2210 9144
2348 1776 9122
1297 1441 9704
3 177 8590
143 1887 9213
1083 2443 9122
1922 772 8134
337 2843 9143
2973 382 9784
2073 512 8728
1091 208 9715
1018 452 9778
1094 185 9435
1457 904 9300
2468 199 8517
1332 2618 8345
2117 2863 8511
2502 2624 8064
2796 2323 9668
2102 1579 9503
857 336 8070
1584 776 8828
1364 1664 9780
1156 2000 9274
2814 1560 9523
1889 1365 9347
2234 299 9554
1991 2136 9286
244 1015 9633
2730 1391 9768
915 1271 8457
1839 1034 8089
2731 84 9312
1327 286 9120
2809 780 9220
2131 1789 9850
1406 1279 9776
2706 2744 8674
2662 1823 9013
2052 993 9743
1361 2873 9401
703 433 9307
511 1796 8396
1187 748 9572
376 2336 9292
2444 191 8841
2708 2552 8946
127 1274 8531
908 1586 9120
2472 1513 8880
1467 1620 8803
300 88 8748
2870 445 9562
467 1979 8971
1813 2737 9350
1263 193 8075
2256 1955 8734
1335 1228 8086
2641 428 8148
1583 817 8071
2748 2108 9718
1190 2693 9137
456 2465 8629
229 2614 9481
2900 793 8470
2750 754 9261
1898 2958 9405
1981 976 9611
888 1066 9303
1865 1787 9333
2947 2796 8342
1958 1890 9086
1587 1857 8095
2619 370 9435
824 1380 9579
2126 884 8632
2062 165 9876
565 1581 9212
2711 1070 8993
1246 281 8239
505 222 9934
2854 1319 9519
1100 2997 9845
874 133 9199
583 1774 9839
1187 2425 9695
1679 575 8966
2283 2212 9496
487 548 8254
167 1478 8836
2150 2515 9305
2772 2021 8957
1599 2990 8822
1498 2938 9516
959 1160 9267
208 1069 9816
1370 1276 8186
2541 2307 8662
1264 2218 9865
408 2119 8507
2558 2407 8519
932 1444 8134
831 2832 9968
1618 1927 9633
24 2119 8655
691 2238 8091
1437 2822 9053
2939 175 9716
1589 635 8822
2201 149 9743
402 2347 9978
1843 2887 9502
2790 1313 9300
1863 801 9677
377 313 9908
752 2957 8885
473 1261 8415
1311 1644 8088
2875 569 9835
62 990 9304
71 2485 9552
646 1879 9450
1316 1887 9355
403 2348 9754
1075 1423 9501
1904 2151 8903
801 1956 8691
2933 546 9482
2807 2297 8697
1883 2941 8229
2797 2736 9824
517 794 8342
680 521 8578
1277 1010 8296
1864 2931 9907
1646 446 8814
2314 713 9118
1517 1918 9437
1536 1050 8919
875 1483 9022
1677 1036 8040
651 2122 8724
1972 1004 9782
953 202 8318
2199 795 8729
2076 2950 9037
1855 2768 8936
1511 2184 8346
2791 1005 9992
1780 1760 8911
2202 1825 8414
303 87 8116
2549 2461 8561
2146 1687 9056
770 2502 9550
37 762 8056
1577 1225 8856
1089 390 9438
1172 1271 9562
1828 1827 9342
802 282 8115
504 1640 8051
1337 1781 9404
2786 2025 9142
889 2974 8929
652 1372 8079
138 2480 9328
2162 954 9858
1972 2257 9953
2921 1703 8417
1442 378 8783
1766 2524 8832
179 392 8601
1344 293 8922
1509 1811 9050
1329 1017 8925
869 780 9109
1617 1225 8128
2739 2028 9824
2785 96 9541
2466 2856 8244
2078 615 9859
1271 2635 9389
952 2465 9831
1604 2709 9009
1852 1432 8079
1325 334 8181
509 524 9475
974 191 8256
2356 2369 8172
1096 2572 9471
1585 2033 9518
1545 2034 8539
2130 1783 8770
1458 1678 9473
284 155 9286
2899 283 9589
1739 1920 8961
362 2704 8741
1410 1873 9229
2490 105 9681
125 2160 9518
2492 1524 9190
951 874 8403
2527 221 9868
271 1993 9818
2809 1669 8387
2925 141 9676
1629 2699 8064
1814 327 9792
2915 960 8448
323 997 9806
1836 1590 8874
784 323 9693
1889 1989 8585
229 937 9297
2402 50 8607
1583 1085 9133
995 426 8023
1531 2239 9482
1164 63 8580
1913 1491 9151
2889 749 8201
2954 779 9839
318 890 8200
1018 1157 9114
940 850 9236
1400 619 8905
2238 2947 9659
1061 2255 8285
1700 159 8698
6 1782 8105
346 2771 9356
2306 950 8241
1989 1485 9478
544 2874 8534
2633 56 9747
1234 2395 9048
716 46 9460
1796 246 8655
64 2414 8979
1306 1921 9135
654 101 8374
1369 2694 9470
1494 578 9438
2875 2661 9573
2829 2254 8461
2506 425 8986
2665 468 8867
1581 571 8706
27 1996 9203
1367 2723 9661
2175 2797 8850
1549 2582 9693
2641 1970 8324
2477 2252 8841
2067 814 9502
595 2945 8319
1520 2318 9697
1416 962 8258
2413 2151 9626
2699 2365 9143
2962 2018 9114
839 1262 9748
2380 1473 9858
2957 1994 8824
1895 1626 8421
1464 738 9945
2770 121 8964
930 221 8517
1409 1698 8222
971 1421 8910
1544 2073 8000
645 1555 8600
1712 2629 9718
219 1425 8142
295 2367 8996
2262 269 9960
2626 690 9613
2076 1169 8182
2845 1701 9151
1443 1804 9385
2995 206 8826
2550 2286 8258
1748 1935 9072
2733 1858 9733
2613 2711 9491
2674 1876 8070
879 673 9924
1463 424 8964
1081 1770 8583
280 2091 9579
2882 1049 8144
2042 2604 9729
2831 555 9297
335 38 9076
775 88 8950
713 1449 9124
65 1885 8563
2891 1830 8619
352 2259 8923
339 2734 8482
829 345 8924
2272 2043 8732
1752 2290 8963
852 811 9555
983 28 8199
1402 2489 9176
1345 1047 8193
1486 503 8134
304 1474 8100
719 1962 8333
526 1588 8216
2681 1628 8331
2502 1028 8426
776 59 8466
396 1856 8628
2205 811 9895
2547 1087 8575
480 1056 8476
242 1377 8696
1977 1427 9634
2880 2449 9558
1072 1616 9206
1573 2127 9936
2196 1839 9410
1211 2265 8226
1284 1006 9698
241 1947 9407
495 1923 9933
2805 2406 9083
2471 701 8790
2521 1231 8336
1289 254 8216
317 2581 9028
2455 813 8483
1702 1230 8008
351 357 8124
2833 450 8717
1285 458 8455
1355 1740 9205
2954 1952 8618
1858 1886 8766
2039 1102 9170
927 52 8064
2567 2691 8295
2710 192 8951
2077 1408 9066
2085 2107 9203
2145 348 9294
2137 2789 8366
2262 2067 8780
665 922 9866
772 447 9515
337 389 9614
519 372 9364
996 1478 8191
2450 2050 9744
726 968 8813
1087 1148 8687
476 2855 9823
2466 628 8934
699 1453 9269
530 2868 9687
2429 2163 9002
1936 2362 9520
1945 805 9506
1572 1985 8511
1190 2072 9876
116 284 8790
1707 2453 8008
343 2289 9590
2204 2097 8796
1102 1657 9810
925 680 9057
1818 1142 9018
1519 1534 8668
1198 2272 8346
454 395 9757
679 21 9290
1139 980 8412
959 2846 9928
1620 1673 8352
1538 982 9514
348 603 9786
2892 2063 8085
995 833 9645
2934 359 8228
979 452 9032
2611 2585 9035
516 1548 8618
2003 989 9091
620 217 8412
1970 2062 9285
1857 726 8157
1286 2959 9294
62 1539 9390
1023 682 9797
2838 299 9179
2867 1127 9484
397 51 8770
630 1884 8125
2086 416 9878
860 786 8489
821 633 8017
1703 687 8043
634 1199 9212
590 1444 8312
2976 1348 9170
2497 342 9867
757 111 9665
