3000 2638 1000
1387 2964 974
1734 2266 196
1246 2159 650
1061 1442 267
1112 2669 776
1339 2672 840
451 1099 287
576 139 939
1188 27 9
1732 649 131
2650 2606 415
2875 56 514
743 2684 776
505 2455 245
354 1485 739
2769 2516 272
2421 2883 877
770 2153 802
308 2589 648
590 2953 112
203 2469 991
2392 73 59
446 1522 102
551 484 451
1745 346 342
383 168 426
2331 544 554
2012 801 330
360 2682 591
853 975 420
2473 356 702
940 2549 340
2950 31 366
1483 490 730
1054 415 144
539 1783 35
1945 1590 117
834 976 863
623 910 682
440 1630 429
2111 1553 936
2589 2511 736
1996 523 779
2551 2750 189
1486 2753 337
1454 151 649
830 2075 9
2707 184 703
7 840 287
36 706 12
1026 783 859
1442 781 85
525 534 28
2569 590 768
953 1147 923
2810 2658 19
1340 10 889
2835 1870 61
362 2661 256
2280 2478 133
681 38 936
2435 1542 327
1187 1329 236
1075 2396 609
2916 365 570
860 2252 276
1564 973 544
2447 2245 883
1207 2102 886
1670 1772 114
887 2667 180
1410 2442 24
2583 2385 232
2846 2813 205
424 1731 873
762 1213 899
1541 1690 91
1872 1403 910
668 565 49
2941 457 397
2607 698 332
827 514 863
1092 1461 618
1326 1617 893
2270 1709 24
2003 344 573
2725 2588 323
40 1103 735
2727 2679 713
1834 1500 400
169 1378 892
412 2224 953
1909 1095 821
2580 2735 670
2717 2816 977
1809 2133 917
809 1944 552
1513 1525 455
2286 1036 594
1363 1484 315
452 968 69
944 2145 599
2858 2072 285
98 2383 709
421 743 947
1601 1397 253
2227 1297 13
2116 2173 746
1770 2826 704
680 498 457
1332 932 134
1451 1929 87
811 157 673
750 2298 524
369 1348 874
1718 272 463
1178 1055 317
1452 447 583
2937 2257 43
2343 658 333
704 2322 182
977 1855 610
1083 667 244
14 788 581
361 2231 35
2764 255 618
554 1214 637
2776 2113 734
1381 2315 298
2975 2286 509
1517 1 651
2716 650 220
1582 2022 317
2885 2723 872
392 1508 972
805 2634 465
2007 2718 895
1904 2817 992
797 2612 390
2170 2249 395
2455 2921 428
53 1253 292
259 2574 548
2873 1289 974
908 1961 798
2056 838 831
201 2818 506
684 2616 861
327 1360 881
2162 1143 809
746 1016 24
2689 2138 970
2350 2042 3
127 1318 918
2634 2667 939
2048 329 957
2059 1892 222
1990 1365 467
2657 390 948
417 2260 210
2147 2048 56
195 1655 104
938 2714 737
2034 1698 259
398 1662 823
2615 2319 511
733 1436 860
2917 943 335
1322 1643 745
2709 1481 242
839 2907 766
1449 1399 704
490 2763 13
1155 80 970
342 2049 871
1069 2663 430
960 835 707
627 401 223
2390 2542 806
1632 533 770
1294 2259 128
1626 2957 486
2720 2115 425
2590 554 723
1729 181 297
273 2142 630
503 1341 512
1293 1152 143
1712 2588 915
1438 2397 213
567 1987 983
683 1592 790
2530 736 106
1190 878 121
338 2039 697
982 160 164
335 780 485
2676 654 277
1429 1393 189
2125 2368 692
1963 1530 949
701 1121 284
2224 1065 83
2784 152 565
251 1595 782
795 862 8
2660 995 196
868 1077 697
1656 2612 570
729 471 196
2687 2150 287
1741 2344 709
1775 2874 122
1580 2146 226
2484 119 406
1768 320 754
2262 1023 96
2711 2335 602
2212 90 99
1530 1847 986
1415 2865 600
2180 323 477
1679 813 336
1706 2914 320
819 1656 551
571 2638 952
2632 2162 78
214 1014 88
645 179 517
1710 878 759
2417 56 226
519 1385 550
1830 2989 605
2820 2930 850
2113 2505 934
1893 1666 970
2309 1918 340
640 855 849
270 2770 470
2595 1035 252
515 1790 276
370 1575 511
242 1377 243
107 2860 983
706 2808 340
1168 2997 138
1916 682 277
559 1638 61
227 199 157
734 2730 960
2236 2708 3
1849 827 123
1840 2400 814
1798 621 495
81 2025 750
2010 1685 880
596 1339 418
2200 1659 335
1636 141 896
1001 1531 629
856 145 750
2233 72 881
1036 327 409
2000 1390 790
1005 460 182
1390 1024 86
785 910 102
1447 1268 542
1520 1935 813
248 274 163
2105 123 275
394 2299 807
538 2263 409
2285 2628 576
928 627 494
1758 2964 257
301 59 485
108 726 607
1508 1871 842
61 393 787
1782 1436 235
1413 1665 658
2567 1521 527
180 2109 933
1058 2888 537
1837 869 465
418 1673 988
1883 1356 523
2652 614 480
47 1796 519
536 2011 835
1555 1070 614
1629 2843 255
359 1716 601
2919 1714 382
1575 1493 464
1328 74 132
2144 836 787
1334 957 326
2799 1015 137
1318 2295 61
1362 30 625
1917 1495 553
2767 1672 712
2005 1412 163
1748 497 326
162 878 692
580 1706 618
246 110 184
2154 238 628
1150 1201 355
257 1154 573
2992 732 690
2149 2866 752
2433 85 363
1969 1571 353
1457 152 617
59 1588 472
1959 2075 618
2226 1591 808
2340 97 181
1997 2716 417
767 594 121
210 807 719
2802 2925 968
1271 378 803
324 1155 929
46 1825 565
937 1774 918
2063 1212 347
2906 887 834
722 2513 957
2751 685 644
2128 1479 510
2936 1704 237
628 1761 266
608 2539 335
1820 522 258
1542 449 395
2419 2581 355
787 2102 645
71 1110 244
1918 1695 829
1635 2777 643
190 103 309
2509 1384 459
2004 1711 158
58 2592 706
1125 1829 73
2459 958 548
922 1842 627
1658 1586 779
802 512 938
2817 212 732
2022 430 894
184 1322 482
2969 2365 455
1565 1671 883
416 2089 135
1534 1452 200
2199 663 278
1850 898 15
2229 2909 893
2666 1320 432
1479 1562 590
406 561 486
695 1694 687
897 177 64
2792 396 89
2037 882 946
1124 2348 672
1673 84 125
1240 1009 49
1427 1249 327
2215 1136 210
1826 524 824
1342 1972 181
2608 2922 922
2058 36 575
2952 1479 470
2384 1243 996
648 864 345
534 1001 749
1163 2619 522
2438 387 334
548 2662 779
1524 2185 831
1919 2165 704
740 2700 479
1295 2528 119
219 690 75
399 1230 432
1057 460 914
2570 1498 789
1981 386 513
2598 2230 756
2049 388 906
769 249 370
2250 898 551
601 2138 235
86 1453 50
1222 1574 536
205 2325 129
1750 2299 932
1202 1740 580
2681 143 824
1022 909 742
1965 2066 196
1953 1007 904
174 616 201
1700 637 594
1348 2718 580
1879 481 792
2464 1795 664
136 2440 911
2491 373 779
414 677 385
233 509 329
381 392 828
2217 76 918
207 2644 926
1642 2133 467
1281 2329 897
1470 1891 287
861 501 972
1583 347 371
1605 2881 806
2774 923 935
2706 109 943
185 1977 568
2425 2868 547
23 2361 95
2904 251 389
2978 260 813
524 591 282
2503 2482 926
1020 1424 964
747 2251 201
2655 441 364
1453 831 584
1221 2456 544
2413 1038 608
2184 2126 419
2902 1624 361
341 1174 283
226 1841 349
1802 1002 231
1590 287 246
429 386 204
2922 1802 860
1123 510 466
1464 855 654
2073 1703 185
2568 2359 803
1521 1980 762
2095 2987 444
2469 2032 634
599 882 67
2626 2702 175
38 1580 674
1967 2647 737
2080 1089 169
2106 256 795
1418 32 677
2851 1975 898
1571 817 952
816 894 883
2035 1503 535
2189 2989 688
351 2216 100
2117 2755 743
2954 824 651
528 1708 972
678 2697 856
2492 705 54
799 1012 484
2837 2893 835
2424 1385 782
1255 2382 532
1528 84 869
1468 507 661
2164 1641 545
773 1674 841
613 1728 601
2579 1234 509
1665 2815 119
1091 44 985
2603 1881 374
1247 115 664
863 358 60
2859 999 159
997 482 544
1915 2243 618
481 458 424
2903 985 628
2265 1561 453
461 509 558
541 1983 197
2322 651 249
617 1 45
277 573 876
1593 1692 206
168 2168 405
1687 788 66
1320 1654 278
1002 2781 872
2701 2419 578
605 895 622
2152 2521 926
391 2225 845
302 530 600
352 2270 418
555 655 351
163 788 286
2092 2053 288
456 1012 440
2031 487 433
1113 1730 434
780 2407 93
385 1912 185
2 2496 75
1172 2389 234
1949 47 244
117 555 380
864 2751 708
1225 2306 654
765 1238 183
384 1480 18
2374 121 238
2534 2137 432
1920 611 942
996 1538 926
1514 2225 281
307 2602 726
1506 664 174
2731 374 684
1016 1318 788
2497 1352 535
228 1565 460
1087 1502 285
1319 1104 239
1456 2393 397
2526 1461 532
170 2854 131
2694 271 267
2179 1093 434
2239 2020 964
83 2695 163
1885 2537 937
744 2772 851
1287 634 361
1928 250 498
676 225 221
1151 1218 965
2414 1867 856
236 1596 390
1701 618 765
595 263 643
1746 951 711
1407 2540 890
1102 2012 923
1068 1683 517
699 1370 331
1276 1358 754
978 1287 496
386 1888 830
941 2562 409
358 2963 360
368 457 494
504 1198 830
1424 1281 824
2396 1489 396
979 1337 744
2991 469 860
2668 710 39
160 1346 555
2766 2678 686
2471 120 456
649 2959 728
2931 922 787
2213 2783 874
198 1197 93
2841 1581 109
2691 2278 796
2406 709 939
573 2456 812
1241 745 663
320 2683 34
1592 437 261
1498 1181 366
284 1023 580
346 1830 412
2521 2564 366
1827 454 58
2301 1219 269
2081 748 844
2306 455 773
925 1081 967
2230 1975 645
218 2170 711
2074 1316 70
2231 479 79
2599 1902 309
564 489 887
2671 2483 681
1571 1455 70
1088 630 749
1762 1105 231
1807 2043 928
442 692 67
2446 1984 822
2253 1696 270
2015 1721 637
2949 41 235
2754 2337 407
2737 2648 603
1045 1511 585
2787 970 64
2596 2083 21
2153 1463 680
2436 154 194
2533 582 915
2046 1009 794
636 1392 478
1066 2460 334
143 1314 180
1450 1288 904
1173 851 496
44 2828 164
633 2407 599
2531 2542 406
1874 2601 315
2205 2870 2
2043 2468 513
971 2699 691
2964 535 340
1861 726 208
325 438 62
2477 1405 800
1608 1109 856
1497 1511 173
1516 176 850
778 2749 708
1017 1365 946
26 961 246
2470 253 277
2426 1432 77
932 1172 274
2571 0 370
2765 209 303
2221 989 427
965 1391 970
2022 2404 805
2658 1815 637
1408 629 872
199 2372 931
895 1494 467
1311 312 937
482 1302 833
1037 822 658
175 1675 666
1592 2751 743
1780 2983 457
2120 1549 499
1779 1793 175
353 2653 521
859 1941 910
2216 2279 382
2127 2591 336
1637 1804 883
687 2366 609
675 2323 850
1631 1564 871
713 1951 951
1979 2887 359
1525 1292 679
39 108 308
2042 2530 470
2729 1299 507
44 820 831
882 2897 448
1421 2877 152
644 2452 461
282 672 805
72 2853 259
250 2608 135
470 1738 518
2665 1672 468
24 302 608
1052 1900 249
843 1682 645
625 2840 795
2925 1274 793
570 1801 46
197 2429 221
2943 560 880
443 1089 267
54 2063 902
477 2649 57
413 2220 578
1507 1138 664
822 725 748
2502 2423 788
1731 240 793
2021 1261 175
1347 1369 507
2024 244 517
1940 2428 611
2237 1323 509
2778 642 902
943 1027 474
724 2495 880
2865 2488 706
2018 258 538
2508 1834 616
2543 2650 133
1532 134 494
662 349 538
989 1619 703
1673 2742 954
2089 1670 646
2865 1754 987
927 626 923
2714 2321 53
2218 779 553
1537 230 472
1182 1358 898
1704 2238 635
2014 2687 415
1501 1451 502
1416 2155 641
2775 165 745
1244 2685 141
1574 1743 993
2703 1727 493
2638 2848 944
1127 1637 469
3 2670 30
1744 1866 839
2402 1134 620
2895 1051 66
777 97 984
1375 403 829
73 915 939
2912 2120 795
2989 337 102
2718 2267 669
1716 321 160
2130 2199 863
1860 53 286
639 1908 394
2986 2166 234
1838 363 84
1908 565 597
2287 1744 210
2782 745 165
1680 2732 872
2320 2656 207
2083 2452 142
2197 1610 882
2621 1598 164
1053 2712 55
1784 2178 964
2043 2204 533
1585 2401 690
1622 217 3
2882 427 483
796 755 329
2617 2442 817
2304 107 233
878 1138 910
278 2970 792
1030 1447 688
333 850 143
2924 1119 146
1681 2024 460
594 1121 187
2312 2203 911
2429 1104 324
1072 55 991
1717 486 815
1420 1519 883
1059 472 817
1994 445 234
1567 1887 122
1193 2849 468
64 1492 557
930 648 170
1856 874 434
2329 1303 202
144 182 266
968 1810 629
2334 1472 535
1970 2552 446
832 936 251
1482 1110 297
462 1200 81
1757 534 100
1961 1661 894
2194 2110 620
2773 572 290
1977 960 283
2359 2432 456
1833 1216 461
2845 1408 841
2911 513 741
2087 1602 171
2072 2855 782
2462 1233 445
513 37 948
2685 1462 796
2300 1907 954
2786 1966 114
987 2698 146
2310 637 154
1184 1760 761
73 1341 844
2553 1811 166
1403 1095 389
1868 209 173
123 2871 841
1499 17 193
1359 1884 46
1639 592 406
2082 2535 855
526 969 700
435 2467 499
1791 407 877
217 1090 709
1392 489 590
1878 1178 804
225 1574 893
1998 2045 55
1192 2740 149
1666 1139 230
1724 2418 345
1233 2621 534
1008 2078 10
2344 363 439
1566 1715 390
950 272 875
269 955 535
2264 2035 295
1490 516 70
1484 2057 87
1896 1719 3
913 1380 600
1025 2823 707
1644 2013 85
2490 2260 354
2940 1265 535
840 92 603
2370 221 534
1108 1544 819
671 655 225
476 690 434
2592 1971 168
460 1648 76
1272 2866 854
292 213 824
1117 2156 195
1651 1086 970
1040 1906 689
707 1329 261
2380 2257 464
875 2195 209
279 2262 619
2900 2759 529
1728 1208 629
1663 2913 99
1853 2090 143
2984 1280 973
2772 1011 397
723 672 760
914 371 73
2418 2146 678
1854 2654 371
299 362 253
1254 1781 641
916 397 378
2635 959 848
1195 2307 615
2242 2020 835
2047 1816 492
2427 1772 604
2241 172 949
70 153 461
1801 880 440
331 1557 630
557 2517 500
888 1628 477
30 850 898
836 611 517
2898 2416 205
1203 406 283
2499 2347 238
719 758 986
2622 1418 274
2746 2126 45
1496 339 866
2946 2533 75
1685 508 844
465 2631 669
1983 2497 356
1018 1100 498
1361 2559 569
1084 899 866
2428 968 334
1308 1900 911
2173 2873 693
1927 1304 412
2054 2371 691
2594 153 643
2708 2512 713
2826 2744 62
2542 1294 225
2586 2266 405
1472 695 151
94 958 403
1764 2548 310
478 2904 16
496 2084 299
2507 1050 849
1655 2420 594
2686 1449 15
1476 1649 241
1796 2315 636
334 2710 654
2269 2926 959
871 2777 656
2800 2933 680
587 615 276
1306 841 91
1383 2806 658
1625 2417 349
2862 1654 775
835 129 568
1094 1781 30
825 786 536
1236 221 320
582 1206 40
56 2853 290
2909 1680 211
2465 2762 939
1698 2740 957
991 1088 513
1716 2384 956
350 1729 861
663 1810 825
2098 345 436
2169 2737 420
1157 1456 540
2455 388 666
2612 2145 76
637 1502 287
2011 2843 321
407 1953 364
1974 288 252
211 527 352
2256 1296 514
2563 990 231
160 2119 780
1261 2183 347
959 1980 615
1544 2207 819
1358 1406 446
2176 1471 112
2699 1787 524
2389 231 773
1913 523 861
196 937 717
223 1314 608
2290 575 850
1704 1315 777
606 2140 850
2085 866 848
2971 430 88
1678 291 430
921 1034 669
113 177 762
104 2408 737
2762 1883 258
447 2081 2
1480 970 70
1460 1962 829
453 2412 980
1105 563 774
968 909 698
290 2369 744
2136 1444 647
486 1778 264
235 1813 41
2838 2119 566
239 428 67
365 2591 113
1477 1485 271
2548 2854 667
2299 172 311
1911 1398 337
815 896 531
2956 2551 75
20 2457 846
2822 902 301
2495 844 742
187 1338 734
1675 2824 642
2869 1286 894
1816 1333 989
939 622 867
35 389 295
1229 768 563
936 1465 43
319 1677 136
1804 2050 134
110 156 55
1137 338 187
1968 2236 997
1539 1515 756
2440 2675 232
896 506 961
500 2910 653
2306 372 309
1353 1546 170
2196 540 380
2138 1439 949
51 1944 684
905 237 170
232 964 372
2999 504 535
2486 1380 338
380 2394 898
485 335 680
2546 1217 149
151 620 669
173 76 57
598 2330 585
947 904 712
444 440 665
603 823 800
208 297 995
2088 1277 737
2899 1136 886
125 295 897
2839 1358 37
2889 1966 833
865 2838 217
561 2721 966
2381 306 9
393 1566 76
2960 315 424
513 1171 718
2115 1957 331
533 703 332
15 2807 426
2228 164 679
313 1266 23
884 2899 297
2749 493 357
186 1499 246
582 890 449
1590 1351 324
2317 1651 118
1089 33 65
490 2709 427
1265 2980 917
1914 2069 875
2121 85 128
25 2176 24
1297 821 552
2167 1913 200
583 249 98
1975 2876 858
297 1373 921
1492 2787 613
1960 1343 986
544 322 485
1321 2973 257
1145 2835 231
1425 2502 543
2663 843 922
857 1375 369
924 1111 717
1073 610 161
786 545 630
540 1425 115
96 1988 737
2274 188 920
524 896 247
262 2924 546
1760 2219 783
2718 1275 548
877 1361 380
2893 698 343
2297 812 191
1617 2831 784
691 146 103
604 2060 754
1600 1423 133
708 1848 81
62 2889 275
1101 1953 111
881 1720 7
1422 1312 578
602 1343 895
2022 2296 615
967 2317 475
2658 2607 256
1273 1168 116
1397 1026 9
2524 2175 202
436 1130 696
2240 2105 220
1713 993 274
1572 266 182
1531 686 627
1038 2795 989
2793 2905 135
222 1298 996
1984 1485 814
1986 2523 357
1479 2739 663
1473 1224 89
2651 522 965
1405 776 481
1442 1852 851
2472 1924 413
1259 661 429
935 2521 958
1751 22 325
2067 2354 82
641 2332 881
2947 1266 236
1771 1170 394
1749 963 589
2332 553 22
1518 1864 933
1767 2723 987
1491 2278 257
2444 2987 181
2171 1753 580
1031 2016 186
942 595 311
1581 980 889
999 1618 151
2708 2680 843
1160 2613 168
2745 1919 756
288 2215 740
1132 2120 30
1859 1378 146
754 2726 858
2738 312 84
1546 2565 561
2667 2002 24
2998 2052 927
2314 2583 830
1668 714 969
408 2350 50
303 929 210
1660 1149 407
13 1800 992
76 2897 42
283 1050 166
1402 2774 993
688 2222 29
390 2305 229
2818 1370 512
400 1159 758
2857 2336 696
1538 1162 799
1738 2595 442
2166 902 760
286 845 586
134 842 821
2401 1725 262
749 675 532
1285 1685 523
2275 784 552
177 664 267
565 798 601
1210 2618 323
405 2721 76
1100 2563 745
1620 2255 207
1220 2935 862
1503 1901 720
1570 1231 656
518 1702 705
2040 2916 336
2223 1614 268
1941 1440 393
188 1254 383
2313 311 132
2789 2312 536
2096 2342 310
2645 972 186
1371 625 560
2412 529 780
149 2101 214
2577 1972 877
1257 1256 127
1795 422 454
1935 69 44
780 366 646
1343 2343 84
1858 1367 490
356 2163 551
739 2104 765
1669 11 116
1021 1898 775
1078 2009 719
1010 697 508
2391 2378 74
2298 149 569
415 1527 260
2542 1758 978
1432 306 551
490 843 789
2641 847 545
649 2773 835
1212 271 109
439 138 358
2510 371 245
1589 1267 424
2783 2870 294
1327 267 636
2988 2147 983
247 1469 305
2373 1554 989
139 2760 651
2405 1400 896
1818 741 851
1223 1689 895
1886 2614 929
779 2835 672
918 787 275
1085 42 487
1485 2544 997
77 2375 111
1832 1401 231
1535 1770 810
998 1640 309
1675 710 284
654 495 6
2672 1265 993
2133 1573 320
2597 1586 579
2329 1830 95
1488 2283 852
2807 2733 84
2804 2771 556
1086 133 490
2958 2708 297
1941 2971 265
1185 1395 777
661 1049 1000
309 631 646
2791 1819 934
2355 867 186
1993 0 735
2976 130 493
215 404 776
2394 215 968
2752 1075 648
131 329 993
1487 1417 660
275 1029 661
514 135 155
1469 1178 355
2479 1141 632
475 3 414
116 2678 799
1553 262 690
1256 23 326
2953 2877 248
2448 2183 62
105 85 70
753 2078 728
1755 1805 438
2803 2104 447
2266 1864 567
1510 560 1
229 1215 343
1485 1115 948
2443 1071 693
854 159 328
459 117 69
1912 2106 382
2529 2522 458
2884 2739 817
2677 2075 109
516 1866 171
489 2156 308
1323 2767 451
630 1368 684
2388 2636 531
2282 1386 317
1386 1431 52
2886 470 658
2860 1419 176
1309 952 671
2177 2623 672
1194 2076 935
2441 2821 449
2133 2848 548
841 2033 593
1389 1470 473
238 1191 21
16 727 784
21 364 50
2868 2463 4
581 2137 790
882 1324 858
1297 2761 185
1475 2558 620
1616 995 543
2920 60 898
2357 2780 720
584 1992 248
2139 106 132
103 1175 51
274 1466 715
2225 995 289
2612 175 449
2528 2481 127
2536 2858 95
752 2233 426
1574 2311 517
2910 2024 158
904 592 83
2246 2615 763
2397 1177 571
167 680 480
1453 2362 848
846 2154 548
1354 43 368
2055 808 900
1154 1395 471
397 985 90
326 415 334
2038 358 556
1895 1292 877
1903 2525 959
1657 1443 734
280 543 434
481 804 281
2248 2124 637
2332 1739 474
2616 1585 178
907 675 186
751 1444 95
1664 433 280
254 2374 424
27 281 602
2276 700 623
2496 546 187
1966 911 356
2890 2414 900
1358 2514 114
2525 2743 33
2201 2020 7
2114 427 402
1505 2277 87
2272 2010 488
157 2977 686
1217 1677 678
2639 2160 51
390 42 10
1291 1788 589
1522 1258 107
2961 1603 311
2289 194 309
657 22 712
1964 2534 479
43 348 99
1128 2705 39
454 2903 989
1892 2994 129
1237 853 35
438 795 162
1944 1797 849
160 2292 445
59 2897 343
1231 776 119
2383 1776 735
9 2141 596
682 793 414
2209 2454 362
1299 266 863
2955 954 829
499 850 264
1753 2375 189
565 192 796
1942 398 452
1372 2794 993
1772 688 526
115 2985 305
1944 2346 196
68 99 79
2257 2568 202
1396 2788 140
1080 1098 746
11 2955 574
1726 2139 750
2206 432 261
2962 1622 976
972 1340 985
2482 1609 507
2907 2236 256
2847 141 132
97 2754 765
464 2261 452
901 2724 323
2041 1006 44
674 480 551
2102 2148 229
1023 1737 384
2844 837 351
1105 1597 131
792 1742 492
18 440 56
2852 2790 459
2493 859 820
872 2476 894
298 2341 320
1638 292 645
814 466 865
1975 1856 236
1430 171 459
2905 2623 435
1586 2246 473
1435 1170 321
2644 1176 894
396 1759 201
1862 233 506
1902 1845 787
1823 2891 355
255 2500 75
1070 2892 242
2494 112 447
1995 1790 909
1266 574 223
1170 2503 159
512 2816 832
357 917 770
2190 578 410
128 2753 421
2072 1364 251
1951 2356 132
2065 2950 98
845 2794 299
171 2208 812
946 343 864
912 1468 985
1630 2939 677
955 1923 870
964 2990 910
2673 598 708
1897 1992 145
89 2273 162
712 2284 435
1703 2093 446
1479 1956 118
1925 1626 786
1076 2704 55
2335 926 110
2555 2932 866
2393 1764 898
728 2437 842
685 1366 625
2521 432 658
382 122 857
2351 309 704
1918 1622 708
118 2938 245
1401 189 201
1288 1989 544
1046 606 491
1161 403 309
2361 1459 966
2747 641 951
1951 1958 510
2637 1126 460
1777 1650 730
829 2390 86
1722 2141 120
312 1353 902
1522 1295 463
741 1670 621
2523 2408 585
647 573 998
1866 87 128
2478 1822 636
2771 2859 468
2625 1752 869
2133 2775 847
2458 1869 525
1613 2537 505
1126 30 241
2064 1512 398
1386 1165 996
191 2457 949
1261 100 364
2629 114 487
2864 21 432
2129 1389 512
718 635 575
2856 588 374
1467 2017 600
1453 253 420
654 1112 648
764 2743 862
2670 1783 867
2834 2654 617
1563 121 924
2483 1876 226
949 617 473
2249 1348 757
923 1523 602
1077 1374 689
2348 2834 274
260 925 595
1444 2277 919
2894 1664 840
906 1976 355
2692 1554 743
1817 406 73
1544 1769 479
700 2234 400
2104 2019 992
631 193 961
2830 1620 991
2389 2643 412
1153 615 150
486 1313 585
700 434 330
1330 2466 826
1148 612 291
994 13 78
2842 1578 691
899 1853 872
1799 2626 106
1844 547 37
783 1576 807
1444 1248 47
1552 1234 792
2188 2846 599
2291 323 246
110 2055 381
1370 607 893
1249 2578 729
610 941 650
425 1898 893
609 2232 269
160 2375 567
178 1763 739
2210 725 437
2602 2780 14
255 1696 128
2768 494 728
1249 2009 550
1015 2620 400
266 996 581
2195 1338 426
1987 858 582
2118 742 374
29 933 408
1280 419 708
1689 1978 364
1019 1692 346
124 1520 927
1730 2518 18
894 190 485
1921 579 171
1458 2341 273
812 328 123
810 863 876
2016 2226 664
745 1433 510
2367 465 343
474 1577 946
2456 542 998
2079 1550 883
2415 1470 735
882 197 816
2740 488 985
1453 285 397
1395 2188 543
878 2758 290
2069 2524 50
902 2328 107
1976 997 240
2945 2360 825
1038 2819 550
638 2470 363
1892 2202 299
1848 569 177
2504 2045 545
849 2935 515
34 329 332
679 1552 463
876 2689 441
2070 1915 485
2061 2539 789
1882 2181 194
763 1417 537
2996 469 804
509 2817 74
2389 2731 145
1685 1646 725
2068 2036 750
85 833 268
517 2135 932
2972 1927 369
1819 2575 224
886 2560 162
112 1028 897
1337 1250 83
82 1819 599
2368 1570 918
482 1859 82
1985 1924 356
2715 101 173
2656 996 600
469 826 292
258 2573 436
597 662 223
1947 31 58
1159 61 381
1863 1437 949
2157 2322 672
164 2438 919
1013 956 827
2336 1106 914
2816 2518 805
1412 980 179
2053 896 256
2722 695 803
2198 515 984
1659 554 721
2496 1529 401
1677 98 530
2153 2285 455
2829 2604 527
1607 1659 170
216 1206 254
2712 95 373
531 2877 513
1376 413 734
637 2303 25
2133 1054 212
2601 1922 461
2915 2895 604
1186 1264 149
1721 866 451
1266 2547 206
1548 263 685
735 2134 879
1 625 213
1752 1925 176
2178 60 178
1742 2867 403
715 1931 671
2161 2331 970
2126 1189 651
2812 1693 235
339 2394 305
1116 772 57
2552 763 490
2360 689 704
1892 318 183
619 1331 174
2333 2751 842
2203 1676 607
263 1634 948
1508 292 894
2682 612 529
2260 1939 523
1267 1025 841
1227 2501 108
2515 1717 222
622 114 231
74 2188 89
52 2376 263
1982 10 794
2192 2995 200
1014 931 317
2255 2593 143
2974 1773 187
1107 1992 630
2648 987 760
1766 2831 733
656 920 363
2995 1485 240
629 1274 118
2360 2640 506
314 1008 191
1954 2992 492
5 1928 28
1282 2143 250
1180 1594 476
2780 1336 279
2101 1344 818
168 2031 350
1142 1621 343
1733 134 887
1641 241 710
757 2620 941
650 2186 401
1004 19 82
2452 724 5
2366 1176 32
791 781 562
2993 729 505
1653 760 217
2318 1596 290
2948 1587 777
2075 2411 375
2028 1853 162
1602 1167 453
1519 1239 759
2358 702 319
2532 1235 200
315 1789 961
2359 652 237
114 68 828
1848 1348 32
1122 1026 700
742 1700 401
317 261 439
336 2168 521
2403 293 110
457 186 197
2861 1896 355
344 464 49
1735 2494 768
1405 41 585
578 2948 800
1756 1839 338
2039 2294 414
1034 2293 736
2928 1292 54
2457 2271 616
1533 1498 576
1369 183 715
2780 1093 985
1337 593 913
2734 1112 775
2104 2390 182
2730 1717 457
221 57 465
1290 2160 16
2540 355 875
1559 1521 292
1835 1543 859
1009 1645 460
841 1096 136
1715 2142 993
1819 1671 742
157 1149 548
423 2264 806
2559 2696 74
2480 1839 690
2700 254 822
1662 1041 226
2132 2158 431
200 1731 485
1409 1472 790
885 946 948
43 1312 368
1796 2856 617
1051 2024 195
1643 1056 633
410 16 318
2826 2026 884
221 340 769
702 463 103
2017 768 67
1569 542 425
151 2933 891
151 1196 905
2386 1201 969
2498 2636 953
1012 2194 664
873 2772 389
784 334 110
1511 2593 351
659 1799 979
669 1663 200
2967 2571 49
2740 2832 991
630 1114 557
2255 1880 788
1074 1967 442
168 52 588
2953 1641 902
2934 380 179
1183 557 810
347 2358 663
2099 2405 626
329 2308 475
2020 1714 577
768 1129 887
2777 1556 14
2646 1327 82
481 2450 631
511 147 692
616 2377 829
2966 2172 955
807 2077 931
2483 1416 133
73 2576 817
2452 1235 485
523 1812 274
1650 2485 176
501 1349 441
2649 2160 293
1443 773 447
67 2431 182
2191 1932 424
2697 1086 306
1972 556 371
1689 1003 118
990 2395 11
111 1383 394
1603 1404 142
1816 1350 414
1038 377 736
1816 1700 562
824 2902 451
1014 1164 606
2790 1039 728
929 2489 784
1215 643 940
964 2109 330
2794 2985 293
1731 1017 670
1655 1560 147
2591 2433 124
690 1307 14
256 2728 149
1640 2637 314
2353 2262 504
951 358 694
345 935 657
266 2351 371
402 1325 885
618 2809 26
2126 1130 307
213 1867 817
2918 1756 460
1531 1234 934
618 2248 391
2302 2232 322
130 1785 118
65 1824 626
2836 1376 611
1356 292 733
789 2757 687
1082 1171 282
2360 91 189
2135 1186 535
2740 2403 973
166 1699 845
1943 1173 408
882 806 414
2387 1335 333
1630 342 33
1672 1831 373
1936 1856 421
2753 1305 482
697 1813 572
2713 1348 480
311 1539 594
2232 2574 686
2071 2724 715
1109 1623 625
993 1060 386
1930 1199 773
690 1244 184
1594 299 479
152 1790 368
2674 1131 20
2039 1458 302
726 2814 758
1621 2587 653
1611 888 901
1962 78 167
988 1973 239
1251 2792 768
835 1814 79
2165 1840 562
624 1426 705
2122 1340 189
558 1791 176
974 1509 844
206 513 160
807 148 829
812 879 207
2422 2052 684
1526 2282 672
522 2258 938
2030 1965 827
1536 2466 651
1667 2797 280
1892 1857 525
1731 2902 687
481 1762 476
2647 1116 531
2027 1136 143
121 1882 519
2097 2432 339
109 2358 81
2790 1163 887
2066 983 550
1933 2879 379
2006 449 631
1906 693 408
2600 2467 242
550 1578 238
2979 382 341
1249 1786 708
1304 2228 701
320 2172 555
1198 1784 605
2618 2811 608
498 204 326
2653 350 834
1367 228 669
1301 696 733
1795 731 591
1891 2777 942
2266 532 875
1842 1286 263
8 2695 976
1370 1765 628
1079 1912 676
276 2751 375
160 1587 402
492 2023 773
1546 2293 6
1699 2453 639
2519 2108 876
2932 2854 677
848 516 986
2561 1184 911
2347 1934 191
920 2941 288
2045 1723 116
1067 562 641
289 2849 692
2926 70 539
1064 2700 499
56 406 114
1264 1312 73
2247 424 591
160 1605 612
963 1352 862
2146 688 93
2449 1645 224
1047 1750 441
755 237 689
823 2051 351
1796 2259 147
1688 2287 261
1716 2550 598
2153 2376 471
2399 1894 935
1550 761 556
1972 1267 781
50 28 997
1238 1140 155
130 1093 331
822 112 528
2883 1094 624
2360 1355 810
364 2100 935
1377 1347 556
447 2136 315
1038 1383 624
2735 1612 284
48 2726 406
962 667 240
491 533 905
2126 1052 906
2112 450 204
1843 2610 964
1821 691 986
565 332 865
2332 1128 606
726 711 882
1498 983 11
1574 860 295
401 304 446
1655 2577 665
249 2633 146
1877 2187 359
665 1926 409
230 1934 383
1253 1719 160
1727 1556 698
2684 1596 861
80 2204 261
1135 1043 492
2123 2969 987
2850 1806 258
2182 2944 87
1873 1382 580
213 1742 957
145 2308 956
2785 1478 667
867 970 165
1992 1794 15
1899 1544 535
2378 1745 657
1479 1545 128
1887 1404 957
2989 1736 577
2078 1923 536
1987 1601 987
2872 2748 97
1811 446 829
981 411 867
2013 441 229
386 1555 516
79 1746 943
1357 2402 974
469 2800 338
1297 1649 990
1335 771 100
803 1227 313
63 839 1000
182 313 859
2989 607 548
1318 1982 202
2805 1222 95
1929 2326 908
736 2086 955
1944 268 585
1391 264 66
1673 589 279
32 977 115
150 1595 168
2431 4 20
1284 1775 962
992 473 552
2001 2156 55
1747 733 811
1503 405 71
1581 484 513
2874 468 841
1740 634 88
1033 1032 32
1218 1633 616
2541 2174 586
2664 766 702
1515 2875 510
537 2652 130
1038 1290 266
626 1163 718
390 2451 378
533 1242 594
823 537 427
2382 1041 430
1685 1264 872
85 1667 518
433 2409 483
1574 782 430
1819 2815 106
1428 1378 611
243 2062 318
2243 2054 344
650 1291 739
1773 2183 722
2630 1857 799
2036 2026 10
1270 2605 948
1702 693 94
1544 191 982
614 1219 247
1297 898 848
2927 1627 356
976 609 518
1603 1667 77
143 546 543
929 2088 677
966 1085 865
2667 2993 608
1 1586 706
2175 577 954
1951 2327 348
2520 1388 129
1703 1845 430
1525 2480 386
2506 1699 241
137 2801 900
2539 2389 308
1442 439 700
637 1615 859
2254 646 724
1121 163 209
2251 1210 230
961 68 520
2336 2044 327
732 2790 261
1946 1450 722
1708 442 211
1238 1450 539
1652 207 681
847 222 10
1110 257 859
1296 1739 516
1547 883 107
294 258 500
1032 1135 580
1320 1310 755
404 2223 945
2469 2582 651
2261 1599 891
141 2557 270
621 2060 298
673 989 253
194 2419 147
2887 1304 223
1038 1828 974
1793 1214 180
1399 1431 472
2339 2609 304
2501 628 933
1842 1870 643
745 2300 719
1214 1144 961
1602 490 560
565 632 381
1445 1777 789
1405 2913 882
2627 2060 596
2759 2656 509
2389 1787 315
1869 378 895
2431 2499 796
818 386 768
2849 2614 101
2542 1321 478
1335 1331 337
698 1961 906
2556 1446 958
985 836 554
2261 238 662
154 695 312
2983 1540 990
139 1441 242
882 942 699
510 176 193
2278 1169 853
213 483 534
1343 2917 933
2361 1327 458
1268 862 738
1338 2288 412
1697 1808 222
2522 1418 76
2261 46 989
2821 1917 36
2165 1591 248
2266 1448 429
1891 2379 779
2558 1124 149
120 808 757
1391 1180 392
1829 2046 590
2224 1073 493
1249 1274 671
371 1649 55
2983 712 742
2757 2140 749
1884 444 505
472 203 713
2060 2908 611
426 126 165
514 507 171
1870 316 343
1543 1234 224
650 229 918
121 1669 856
134 2359 355
1444 1610 391
642 2521 451
1966 2459 207
882 2485 411
566 1690 334
698 2213 98
582 994 124
835 527 174
745 282 928
2476 662 239
1720 1799 8
1544 925 321
649 674 524
1595 2825 194
364 452 286
1495 431 479
2770 1611 775
1345 2632 780
2060 1103 601
634 2018 993
255 396 927
146 1396 644
2527 132 157
2410 919 506
2798 28 910
1 1903 980
445 1056 460
677 1464 16
952 1592 103
2434 2056 495
2925 2043 126
2437 1748 836
756 1961 387
460 2965 883
272 521 849
2397 357 655
2175 2074 870
306 1491 480
343 926 94
2880 1278 268
2214 420 90
2349 1848 142
2654 1623 636
1141 1401 408
2572 945 932
177 775 465
828 2589 943
585 91 943
245 1402 699
2330 2947 973
2610 1060 960
948 2453 333
110 55 903
2581 955 943
2075 769 407
2090 832 600
650 891 685
2528 2844 145
2408 790 594
2874 2506 991
812 1334 19
768 1725 196
774 570 871
1677 2483 299
2923 1509 614
121 1853 8
428 2719 824
2066 115 946
855 2620 107
2369 570 602
2244 2231 450
1719 1432 275
1224 1707 76
1890 195 546
1434 635 344
1926 919 391
171 1480 773
2930 2242 893
1166 1686 437
244 793 696
2165 2163 709
1881 937 331
27 331 87
2137 2873 571
2060 99 727
2796 1889 861
2901 1973 133
141 73 245
1906 1269 974
2537 502 162
2559 702 887
1924 560 737
1975 2537 25
2008 2117 754
43 2236 944
1343 1955 587
2255 2679 680
1551 1731 599
179 2952 485
1813 132 787
850 714 261
1677 2305 136
1889 2891 814
1952 1597 853
970 1062 394
700 2032 304
706 1611 805
103 1098 398
2748 646 223
155 2611 518
1905 1394 221
990 1204 413
579 2148 507
1329 566 384
490 277 143
2151 1339 479
2542 497 845
2953 1604 176
870 1462 123
2243 2562 883
1266 1283 809
2268 2309 898
2454 1686 555
448 1139 446
1280 1462 679
2423 2776 531
2203 1466 612
2740 1836 78
1716 1391 377
112 1713 824
2648 1824 355
122 1079 186
106 2513 184
1531 1077 559
386 2398 508
2278 2108 451
1136 1633 511
2944 330 561
2631 2400 620
255 2678 15
670 690 864
27 220 375
2826 1621 147
1550 2750 13
256 1953 497
2211 1632 478
373 2402 667
1111 586 476
2662 252 747
660 511 566
1546 1334 943
1937 1214 360
582 1474 695
2175 2134 185
1213 1750 566
2025 1875 705
2133 1262 720
1358 2174 945
788 731 758
1086 2105 880
513 2084 408
1992 119 3
2440 1411 119
780 2182 715
261 1948 827
2496 294 362
2364 2716 688
44 674 10
2307 2092 869
1577 1215 85
1662 2224 139
1086 1283 622
1951 2319 751
1846 1794 292
2690 2642 406
2143 1897 399
726 975 635
1000 2735 368
1699 2594 861
2816 16 274
1050 2409 851
2052 539 687
1 1414 6
2076 1749 776
177 2478 608
969 452 825
255 2690 185
1571 2320 595
2423 721 622
895 2749 287
2942 2636 438
1643 2613 710
1975 2685 904
1590 1089 578
1224 2316 471
315 1216 451
2823 381 243
1379 2539 383
2332 738 461
1401 2878 628
1760 696 468
403 543 722
783 1528 652
1805 2655 383
386 1417 34
1232 1006 242
801 1913 364
1686 784 142
2101 986 174
1902 717 726
1512 1894 487
403 1205 413
705 2811 622
1509 1964 145
2753 1252 486
2780 2943 709
1335 2773 609
835 2624 128
851 737 952
1627 2350 321
933 2475 77
2158 1120 105
1801 1062 836
2779 1708 786
970 1263 558
2807 1446 848
1038 2736 250
1606 2235 337
473 1273 441
2801 278 952
883 65 109
2935 1292 560
1320 296 363
2359 2982 119
1808 2345 736
272 2124 487
158 1486 115
2401 305 467
2750 2872 832
1298 936 762
1866 1133 452
547 715 866
2469 547 200
709 567 372
2724 1564 469
1694 547 369
745 718 121
2755 1851 765
934 747 436
498 1325 127
157 1312 602
1691 1718 435
1384 1438 646
1320 687 662
2585 2523 112
552 2416 140
386 1841 563
146 2300 74
919 2099 297
2888 1215 221
562 1570 978
2860 2482 19
2469 1270 972
2970 2430 506
1197 942 206
2482 2136 185
2549 2322 837
1894 215 216
1444 2486 540
1394 920 213
1692 2651 222
614 2831 66
945 382 418
760 1698 711
2423 2095 537
788 2337 69
401 1863 511
903 1524 268
2865 857 139
1709 2821 975
2535 1927 345
1962 244 749
919 1909 654
653 265 849
1485 2785 450
788 838 810
1728 708 558
378 477 702
973 1549 946
2516 2584 937
530 2325 509
568 1929 151
2702 419 145
85 852 675
1596 467 179
2261 2206 147
2914 2436 68
1042 612 65
1228 315 732
2159 126 143
841 1245 655
1999 1523 846
522 1750 77
716 1146 96
2078 2058 878
2710 2520 191
1390 317 240
2750 1579 361
549 501 382
2661 600 310
2487 45 8
213 147 944
900 2789 478
1097 2758 624
726 1149 912
694 1711 593
2039 1993 104
1119 2006 751
2816 1169 310
1014 1212 363
2501 1426 970
2953 1561 783
112 1693 790
2281 1425 800
896 2055 836
813 1410 317
614 953 456
893 904 122
851 2827 661
973 1606 474
2938 2209 174
902 2447 991
523 2896 229
501 2863 970
2723 1995 915
114 291 696
2101 2335 751
1760 1209 703
964 2321 661
855 1469 791
1715 1865 316
2094 1784 653
114 2148 395
2022 2427 646
224 2371 513
855 140 6
315 2951 139
1558 1837 687
2695 449 391
66 6 991
404 2025 672
1568 2793 537
375 675 400
990 556 933
1118 2473 36
582 1300 297
460 2150 433
1581 2352 893
2970 1141 20
2780 1842 911
1444 1926 294
513 361 620
2361 2746 626
2141 958 38
1666 1339 412
428 947 567
655 1684 204
2644 2765 88
933 14 557
2469 1536 837
1495 2813 904
151 202 465
2354 442 137
2528 1975 232
2592 1368 902
28 2373 245
498 2067 141
2891 1317 407
2644 1837 200
2338 2268 552
1484 1537 644
60 2850 26
985 2725 293
1808 2543 367
1444 155 790
1146 2131 115
2185 93 672
786 2143 90
1803 92 627
565 421 202
2474 2335 953
650 2424 766
780 1737 815
2612 907 744
745 2337 843
176 2688 868
1156 636 1
367 532 64
2710 116 931
404 2050 697
2636 1096 799
2644 1199 161
2849 988 606
615 1116 397
2554 1177 794
1279 1552 975
2322 1557 242
565 24 825
2516 1504 321
1530 710 905
2849 520 926
1672 2215 355
19 759 891
1063 2380 890
2560 2155 726
800 1927 608
2807 376 608
1772 1991 702
1866 88 725
234 1364 797
882 376 988
2753 295 865
2107 389 52
2983 1528 368
2849 656 816
389 1383 937
404 6 72
2263 1763 289
1358 836 669
181 1123 769
1382 759 265
1674 142 347
441 1747 347
1071 1838 912
690 2785 880
363 977 178
1500 1183 486
2232 1211 908
2203 1808 818
807 104 489
1581 183 986
297 866 183
1866 2311 274
666 174 781
889 1790 442
2439 828 306
902 49 178
1201 722 237
126 2238 255
2072 1228 662
1212 409 124
2735 1429 617
