3000 2998 1000
668 2791 436
1142 671 268
44 98 67
2183 2107 834
852 1709 728
1861 1620 860
21 900 950
42 967 480
511 1516 324
24 1974 733
749 2353 116
1221 302 674
2398 945 970
1413 238 253
219 1755 526
177 662 167
2631 1722 186
837 1119 461
2742 1826 893
1082 1126 760
1345 1819 35
2565 2742 517
381 908 381
992 1461 257
996 1942 880
2747 1056 870
2415 2130 365
2189 366 814
752 2817 789
2601 2189 463
2324 207 623
1794 1282 793
2617 2901 415
2008 2520 509
1029 2329 5
725 2001 455
2615 804 478
1838 2300 837
2011 1226 28
226 582 590
2538 1657 5
2898 1837 374
1863 715 888
2687 1331 366
855 914 299
2147 1704 739
1121 2094 34
1769 249 698
1559 1605 558
1533 1059 933
244 1182 746
2059 14 544
425 994 3
839 1844 783
593 760 879
2593 2248 930
1501 396 379
1418 2260 434
2675 1426 511
2899 2069 271
2527 940 145
1135 905 375
1826 505 467
1140 245 449
1284 1720 77
2620 491 579
779 2581 491
350 2261 615
1724 2249 58
2749 1341 230
27 1989 827
1635 806 168
1959 2853 245
1901 303 274
2075 1662 973
1204 180 776
188 645 488
1030 1089 33
559 545 891
2958 2148 390
64 178 319
1992 884 622
1049 1775 265
1324 885 848
2845 1562 946
2862 808 518
2386 614 706
1407 145 993
178 719 576
1185 182 53
2795 1254 815
2449 405 197
470 2779 947
1764 2515 797
1079 2026 220
1881 2300 651
1151 2628 785
1287 830 554
815 1006 62
2781 2543 525
1631 2029 753
795 120 368
1108 107 890
2941 2496 753
2321 488 826
485 2294 736
644 1916 300
561 2050 690
1145 2262 97
724 2726 454
403 713 587
1276 1882 806
1686 1639 125
509 792 3
2392 2933 111
1575 183 509
1105 2904 970
254 1553 243
35 475 305
2797 559 154
2303 1776 667
2136 239 734
1177 1238 108
2192 2710 692
2874 1196 301
534 1330 515
1392 973 105
959 2842 697
1205 1999 268
2223 1451 120
883 1773 441
1718 1080 971
1398 563 702
92 1954 986
2685 2312 931
2091 2203 263
2094 1385 130
1952 949 470
854 2056 392
2475 1291 869
806 453 757
832 2657 605
2922 519 517
1352 1180 471
1529 966 708
819 97 330
2012 1050 165
2632 1333 962
1199 2708 355
227 1869 805
2596 2008 633
2437 1623 174
2701 2424 286
2228 1977 465
2853 912 530
300 2748 396
2902 695 511
2390 280 457
1802 593 852
2560 1522 208
344 545 868
1601 2528 307
2974 579 585
2731 1359 949
372 680 627
1493 2017 773
1462 17 358
1876 2231 958
389 2099 411
1750 427 381
650 2510 737
2464 1484 226
1182 1820 436
1461 1084 175
1520 2179 869
1387 337 739
1344 308 80
1503 2109 289
345 739 678
2891 889 756
2955 780 14
766 1821 237
1933 1725 110
2692 1000 624
2426 764 514
1714 909 713
642 1407 639
2873 845 101
2190 1167 194
1222 799 149
252 1681 654
640 2931 934
572 255 247
1987 2688 359
449 1978 983
1178 1116 775
281 276 2
466 2065 668
983 1275 643
867 1649 449
2468 1900 56
1378 2033 763
307 1996 685
2932 2750 430
66 100 310
1941 1478 27
2913 2030 593
1766 2126 756
670 1272 273
1833 2020 661
313 2651 778
1343 2035 778
2371 2784 463
1868 2331 269
1694 182 550
1106 1054 99
1942 810 806
160 1935 12
1895 2602 661
1330 88 365
2843 259 985
764 1832 955
1341 914 2
1361 1040 83
2375 2622 820
2936 2514 205
2420 1401 640
69 2484 623
365 106 219
2128 1666 633
1579 2690 171
272 538 926
412 712 103
1816 1665 102
2254 1154 394
977 903 287
958 2703 911
1380 724 184
2834 2975 181
718 1828 894
2787 2503 790
856 631 282
2309 2361 103
296 2988 882
2691 1514 636
1976 2925 759
48 2431 242
1045 514 213
138 743 570
249 1566 288
1644 660 509
283 1015 997
332 2741 992
346 2857 357
358 376 509
2180 940 588
2943 2738 198
2900 181 18
57 2046 849
2881 1375 22
1909 2492 936
618 2485 56
2502 1948 532
857 1458 341
236 1982 639
647 1004 1
583 1721 300
677 540 61
1356 2143 352
2003 1820 127
2990 2100 2
1162 1747 652
1231 2070 694
1089 414 738
1492 329 526
1771 2372 708
1682 651 257
1610 2373 771
2446 140 741
1206 1731 457
2595 756 100
248 600 893
2430 2966 84
2574 199 474
1801 2345 456
2322 323 426
337 2571 619
941 691 332
2915 795 22
1022 473 302
2448 2310 215
2702 2404 303
1154 2963 97
124 2457 733
221 199 175
2016 2338 930
2800 297 709
2743 2517 600
1680 2341 554
1569 531 306
711 1842 267
1296 1714 157
1251 285 990
606 1078 874
2384 2190 120
25 636 218
2581 82 577
439 490 190
1088 2532 155
2150 545 157
1495 482 118
234 214 759
2100 2139 373
798 578 622
1723 981 161
2684 2217 349
1847 2422 503
2485 2006 437
2522 280 98
1839 1165 849
476 643 971
1127 1950 6
2567 1661 417
586 2062 87
2211 740 363
1288 1512 19
10 2785 726
869 2999 456
396 2268 896
2648 876 1000
274 390 8
2370 331 213
1153 2198 325
1235 1355 132
2821 2868 859
456 980 281
2566 713 12
1289 839 319
831 1629 256
255 778 990
1877 598 278
2683 622 544
1592 2832 265
2068 1627 776
1602 442 787
74 1763 388
622 2942 418
2993 2731 550
2849 634 837
434 1745 630
1416 363 702
2801 54 163
222 2816 815
1888 585 134
1383 1973 849
2440 2941 113
2929 491 640
1752 2552 742
2436 1835 341
658 92 439
136 675 378
2556 2278 179
1789 309 568
78 2677 717
2340 274 237
907 1161 373
405 2393 899
1312 312 937
2598 2884 889
2887 1333 633
310 2000 432
71 955 29
1320 521 177
1064 2112 318
103 1704 314
1742 2355 407
554 581 364
2682 1798 896
1307 1836 454
2239 2780 838
2359 1368 131
207 2556 340
1366 438 647
2141 2745 725
2000 2067 226
2540 2246 934
1467 283 117
2029 2094 531
243 2963 160
2315 2232 507
730 2564 783
1604 1843 651
112 233 294
1759 2363 148
513 65 603
2471 1955 950
1825 135 654
2525 282 84
1874 2009 148
2904 1762 242
367 1059 867
1359 2458 258
2260 2451 376
113 110 14
1194 2104 758
430 225 354
1100 1939 936
2466 2318 745
1556 1514 518
455 1568 910
2367 961 377
2828 1226 436
1355 1256 643
86 1123 84
1272 1086 228
1567 1600 164
2200 1661 468
2106 1444 292
84 1474 365
1443 383 167
2159 528 834
2114 1552 806
231 1326 249
2951 631 663
5 1122 316
1367 436 941
378 1796 761
2788 1335 369
2831 1576 481
288 1898 102
2907 1037 624
2500 1361 671
954 2115 446
67 717 973
1547 679 812
186 949 800
298 1469 708
1783 162 114
903 2021 162
295 1747 111
1119 2962 284
1743 2508 749
2840 2880 302
1096 946 451
1797 2786 667
1429 1290 83
1431 2084 204
1958 1401 662
952 2569 664
1899 2102 625
1006 1988 843
2461 408 178
1420 2965 893
364 1920 855
2505 1853 320
2419 1581 397
2381 2693 739
2514 674 444
2408 1466 243
2438 757 578
662 187 595
889 2041 10
1683 317 72
1117 2350 907
2725 1277 471
1609 2134 616
1586 114 613
2317 573 216
1732 1433 917
1751 871 873
2073 2234 330
1421 2152 918
2965 2285 109
2376 771 809
2085 1660 685
2364 1439 672
309 928 769
967 1730 441
2304 1328 809
2302 2337 282
484 2736 926
721 735 104
662 1418 682
2433 1567 756
1705 1734 659
2557 623 535
1568 2689 171
299 1756 734
1269 2063 182
1875 868 807
631 1236 892
2957 2083 549
669 1181 943
998 1412 657
133 2751 188
1068 397 20
2280 150 735
620 500 290
1902 588 817
454 1782 1
807 2985 798
491 1590 195
460 286 255
2783 2493 61
918 1350 683
1654 595 860
191 632 627
2580 436 909
1434 1179 621
931 1945 901
879 859 332
1810 181 50
2338 2299 697
984 1 308
2545 485 859
417 1155 837
2168 1549 494
479 2309 322
2637 2409 600
1841 1487 3
811 399 262
1969 2252 149
265 2402 645
68 342 871
163 2814 114
1014 2746 477
1487 787 385
805 2854 433
1400 102 811
966 904 711
185 2625 81
1781 271 281
2253 380 159
271 2666 607
2784 1619 926
2424 2243 436
2039 1210 866
1821 577 512
493 330 826
566 992 549
1699 2533 513
1891 2785 135
1130 1393 584
190 2960 898
215 2476 474
700 663 566
1850 410 608
1395 1851 865
693 2589 354
2056 516 85
2888 1298 343
985 538 514
2640 1587 429
549 2349 455
580 2856 437
541 1632 456
2337 2748 574
2480 169 674
1032 2758 674
1085 2676 252
676 1263 506
1587 2892 247
626 2182 883
1782 767 363
427 1188 915
102 101 339
1791 709 472
2822 2307 411
1892 1564 804
2455 696 708
264 1933 655
1359 2737 899
2208 2927 714
114 948 358
73 1976 691
2110 1852 765
2549 1823 206
2079 2396 418
1627 39 854
1410 500 71
287 1797 853
2939 2508 875
1883 1737 401
1543 2077 78
1013 1909 375
727 2034 636
988 1803 515
1444 1839 74
2338 536 688
697 422 83
1527 426 228
2369 2772 364
934 1129 110
1305 722 261
304 204 34
220 181 605
643 1537 879
1823 738 982
302 621 77
1035 753 171
2391 597 905
771 773 427
1336 2225 385
2443 555 318
1195 817 631
369 266 485
594 2766 339
2740 2273 906
2497 1362 799
2339 2572 268
1024 311 379
1399 1998 476
2049 2123 480
2182 1035 758
2995 2157 293
2357 2724 727
2086 2820 807
2129 2555 654
803 171 138
2428 2638 200
1623 1155 943
2805 182 909
62 357 973
636 2994 128
2236 609 742
2695 2979 238
1247 2558 765
23 211 720
72 49 523
1943 2603 628
408 771 133
1502 326 975
2115 2472 92
2312 458 490
1997 2002 547
2149 462 526
2107 1138 832
1954 1308 111
2652 1864 65
552 739 1
1698 411 158
1458 2273 306
1237 1774 261
4 1440 520
835 1186 162
1226 742 767
2439 520 703
411 1310 951
1167 2535 991
637 1258 908
93 1445 364
944 1938 201
2127 2745 477
2259 2078 283
1930 1048 499
16 2027 745
1749 2418 44
428 628 422
2170 230 831
531 1060 75
2338 1580 39
1051 2987 381
1966 1819 388
772 705 81
2572 2614 626
1948 1812 721
1170 799 460
2798 529 968
1329 77 865
920 823 472
974 435 664
1048 2160 81
1767 2953 243
896 794 270
1782 253 406
570 303 436
2968 1354 775
1648 586 331
472 79 852
735 2821 117
1263 726 115
2335 276 742
362 1757 905
590 604 334
1136 970 191
728 401 315
341 957 815
545 1661 937
1297 975 449
1973 1898 537
1993 1045 845
973 2683 543
932 2622 726
1918 261 307
1687 2623 856
1113 1402 747
171 293 112
380 1302 877
132 2096 672
1163 1026 690
123 1865 846
1946 2693 76
2510 2724 403
978 2969 279
2777 2482 385
2759 1940 551
2316 1157 548
1701 2073 491
665 1951 245
2204 2387 189
2561 833 813
321 2970 393
2572 1848 628
544 1740 1
746 1684 249
2347 720 808
2859 2220 906
189 1327 953
19 1973 499
1313 125 293
1112 2944 770
629 2047 961
2396 525 927
2811 192 969
1139 2087 54
1254 2989 90
494 1856 829
993 2155 535
1131 2264 821
239 1551 860
915 1535 432
1441 1447 455
427 2399 778
2908 1062 980
2643 2767 656
359 2213 535
2051 645 901
816 894 888
1337 550 116
1588 2941 20
2969 474 325
1983 745 856
2010 231 970
2882 814 764
2028 1229 942
1171 407 665
179 2441 911
1448 1558 979
876 925 17
2594 1343 234
2164 1264 481
1006 465 71
2498 2445 177
646 1270 541
2184 2336 647
1893 785 963
308 2495 656
1944 2894 7
1405 1128 34
2093 1481 412
643 535 312
192 1488 603
781 1737 177
1511 763 157
348 124 197
173 1774 772
562 2015 124
2796 624 456
2928 1535 918
2490 2481 65
1253 822 245
360 1094 858
118 429 778
1316 2118 316
2493 267 173
209 2368 268
1745 2235 483
1717 561 795
573 126 532
2474 687 454
271 273 41
2358 1198 824
2090 806 230
1201 2512 407
1019 224 532
2789 851 908
81 2826 314
2060 1269 112
2706 1366 63
2772 1109 80
739 2283 188
563 2088 520
1950 175 234
2348 1514 468
2879 1003 527
2320 1530 985
2246 681 93
2677 2883 919
1381 722 703
1469 686 944
1845 205 426
2519 935 983
2581 1106 607
551 2110 360
1485 1105 574
2042 2959 668
2171 2417 317
1785 2443 88
632 790 803
446 1768 747
334 1634 390
1146 1721 889
1193 1171 803
2920 2404 840
768 2556 74
917 2152 540
1612 2974 345
2013 480 386
1354 772 48
888 1759 268
2365 618 609
2229 2423 735
2133 2492 20
2790 1538 987
268 2240 434
63 1456 849
261 1525 129
108 2669 354
83 1551 424
2196 752 421
2622 386 658
834 2243 805
2982 1911 199
2980 301 804
2950 1323 995
2642 1485 493
2587 2486 351
2933 2268 817
929 405 568
942 543 965
165 2346 250
1956 2137 301
1021 2355 566
753 1795 13
615 2791 646
2623 1286 811
616 1393 969
1266 2296 180
380 1075 306
2217 2612 138
79 2964 732
963 633 504
127 2421 890
498 2298 998
1573 2109 92
1374 2639 700
537 1067 844
445 1353 201
1897 1599 40
2762 1633 846
1224 754 183
1299 124 404
1280 2425 89
2078 320 78
2288 128 341
107 2884 192
990 2197 346
1484 895 537
2872 503 645
17 450 165
2001 2688 557
1415 1001 473
1740 1816 466
2326 2600 806
429 2853 980
1953 1066 943
1311 875 1000
1591 1827 737
678 775 837
146 2524 650
1454 1208 305
1896 931 959
270 1965 536
1481 2823 635
519 2637 820
1262 1442 728
2616 1858 578
444 2937 98
2151 2674 573
1558 1220 692
2876 1286 165
573 2672 909
1240 1649 754
2248 717 955
630 334 311
2597 960 101
319 1966 746
2815 393 437
2832 483 165
664 2039 492
2423 1228 756
1846 2827 709
1552 16 53
1459 1101 27
2678 1150 303
591 612 526
2403 1123 933
2206 1887 890
1134 1596 665
380 519 274
0 2756 135
292 2839 988
731 975 100
1979 1613 15
950 1663 712
2668 16 143
1368 2200 315
1309 2219 993
2774 2936 511
2905 2626 58
75 112 235
2203 2232 192
1152 1336 957
1516 912 183
1855 2284 20
617 2493 275
2764 1885 149
2710 1782 971
2113 558 187
1011 175 415
1318 2848 307
2746 279 111
769 1895 328
504 1630 506
2199 1055 666
1728 1031 657
1036 1012 386
1860 839 105
2709 2473 76
1048 1676 805
1325 2030 440
1123 2072 277
836 124 150
1069 229 228
2997 1968 533
2019 2872 678
2015 2590 897
2750 1503 800
1628 1520 273
2311 1084 995
1500 38 48
2244 1526 519
2076 2802 944
743 1972 212
1885 2847 91
1023 2792 731
792 754 296
822 633 245
631 1273 692
744 614 801
1844 720 963
2966 238 956
602 1528 752
1968 965 772
1513 853 718
830 1237 369
1000 2631 628
560 657 964
2296 2588 875
1653 2430 774
707 2450 500
2581 2372 649
812 136 354
216 218 874
765 270 676
2286 1543 731
1643 2007 238
1982 2599 310
1606 2912 575
2058 369 451
289 2387 205
2331 698 873
2045 1141 384
1561 2516 535
891 441 523
1303 2014 954
2027 2700 573
2425 2691 38
2099 2992 53
2333 2557 464
1926 2529 551
1264 409 283
2000 1043 132
1951 1129 825
1472 2077 473
2996 2468 545
953 150 207
579 2206 221
997 1193 873
1600 2467 935
1528 1409 596
599 926 273
639 52 298
910 1476 978
210 1984 939
2212 1903 277
1761 33 529
2056 1915 328
1910 1813 455
2532 699 273
37 1496 554
347 1585 925
2768 394 480
1733 459 70
56 1897 481
821 2521 266
2034 842 270
1914 673 945
2102 293 306
249 217 908
575 2506 144
2117 1888 465
2435 879 539
255 542 667
897 1785 28
2188 1936 1000
2708 605 592
269 1505 996
1772 2009 756
2756 1315 486
1388 1544 108
1594 2286 627
2476 1910 35
546 2128 538
18 916 194
783 2499 376
1617 1639 893
1050 2573 150
1475 2215 390
233 1499 630
1625 592 459
1655 2734 580
2991 2978 718
1149 257 790
1826 1073 593
1907 2919 663
1684 557 29
2634 1917 144
2564 2156 635
1666 2252 948
1055 1192 430
43 1298 123
2602 237 233
1290 210 59
174 1944 476
1214 1741 324
1736 440 100
2836 961 573
548 351 199
496 2670 908
1047 2729 856
2921 2092 468
2611 2233 481
1905 1477 168
1200 1307 471
195 1142 142
2608 2125 640
2808 232 424
1857 2105 161
906 2431 467
2961 2664 23
194 1206 536
317 1615 727
1719 995 937
235 1854 740
1038 2961 3
478 2064 583
871 2762 40
1274 1376 191
1535 2682 41
2470 1873 493
1034 990 519
2916 587 17
1314 1885 371
1039 459 188
1359 262 317
2412 40 239
2175 826 492
982 2292 813
1981 937 95
317 1663 159
2395 791 495
1357 2674 246
722 2646 21
885 1732 985
2092 1958 781
1949 802 642
276 1083 140
109 667 381
688 110 425
2600 20 956
1003 1208 724
351 1095 487
1063 185 847
2100 153 681
2772 2157 342
1479 1839 883
2377 582 700
2214 2461 216
2772 2297 366
486 2988 429
144 795 340
651 1346 482
2857 1394 783
696 125 373
1555 2314 511
2629 1746 615
1509 1391 963
2421 2820 535
671 352 190
1012 2617 61
732 2165 439
1466 2777 307
1119 1189 526
285 510 850
104 1306 959
2552 115 652
2999 1921 32
1463 2177 534
967 1971 220
796 902 548
2306 692 739
2388 80 525
1652 2729 305
90 2410 505
2832 22 194
1148 727 252
3 1955 688
1824 874 543
240 1352 900
2483 277 898
576 581 409
2194 1525 129
2904 422 720
2638 2321 206
1778 1265 938
2760 600 694
1948 353 597
2323 116 475
1727 2655 19
1524 2597 500
1872 1229 376
2155 1230 206
172 2739 685
1858 2653 943
435 1995 120
2880 2921 23
717 2984 609
98 2939 274
1539 2426 856
2756 1829 969
1182 2058 131
829 1422 660
139 140 911
2959 1620 677
480 2875 993
2262 1589 209
613 748 137
211 1376 996
957 2201 163
1180 2765 675
1710 1712 90
258 620 860
1328 703 875
2499 1669 342
760 1264 584
2121 2952 453
59 1436 67
140 691 482
1722 1680 641
2919 1454 654
2923 2679 821
2007 2267 599
935 1977 311
868 610 282
862 2340 154
654 1166 912
1104 1283 832
2514 2413 429
2794 2428 69
147 761 217
1173 2766 535
2903 133 826
1936 2901 988
2591 2487 591
2261 2266 330
2095 1910 683
824 1143 200
645 2882 667
748 1160 860
1435 1321 343
2978 291 692
1408 1750 543
1333 76 729
1469 946 254
1328 149 58
2118 1235 725
764 2666 398
608 2405 161
2015 2525 194
1603 1257 744
402 2721 818
1869 1480 478
2506 1697 835
1558 608 456
843 2074 800
7 2869 932
1319 699 139
2291 1308 938
198 2879 726
1912 1076 378
1828 51 738
286 1541 539
1447 1321 888
1712 453 649
1358 2402 521
2099 1211 674
162 2569 199
2293 1642 62
1665 1584 100
2025 638 996
340 1758 128
1397 717 972
2096 2123 50
366 789 951
1425 2292 320
2688 50 227
2890 2172 70
2493 2289 55
797 2647 470
2741 289 158
443 2272 862
1765 1213 675
467 1265 917
1931 983 24
2290 1369 411
2539 2518 913
131 1111 510
2949 2332 322
625 2909 831
1550 1870 759
2746 921 550
1452 2191 349
30 190 60
2331 404 239
1950 852 212
999 461 440
459 2918 234
2917 2889 644
2310 2675 99
969 161 538
872 2994 188
1008 2592 505
1386 2192 441
2312 2270 1000
750 1246 528
1945 188 93
1889 1753 452
762 338 276
471 736 407
2860 521 295
2866 2550 842
1834 2855 758
775 230 435
2394 1808 416
2677 1550 695
70 1648 650
343 1174 54
2279 565 818
2 1407 526
228 1118 996
1620 1097 425
860 1144 561
2554 343 637
2727 1687 335
2137 19 779
2032 1206 60
1770 766 240
2406 1607 548
1355 2620 130
2904 2856 571
2237 1806 933
489 1268 193
545 272 108
499 1546 608
2202 1180 587
1562 2899 241
2897 384 590
2604 1886 252
666 782 675
47 1948 886
1198 297 602
488 1793 253
2054 1900 534
1999 2044 259
2568 61 412
1831 1667 692
1143 612 431
2910 7 356
2084 1124 239
1629 1560 809
2373 2850 869
564 1176 703
809 2237 683
1137 1262 934
2621 2233 626
2846 73 679
2937 1565 300
424 1805 345
426 2131 943
53 716 185
786 1616 82
271 2740 748
399 2022 402
1563 577 93
667 2709 886
2647 13 324
2482 776 817
2960 1423 683
2816 2893 717
2225 2577 187
820 1111 805
1174 2633 601
2979 2649 710
2109 2864 797
1534 2867 37
1800 1807 413
1737 2977 234
712 1602 583
2055 2576 836
2703 197 966
614 533 362
2618 2477 44
2953 193 224
305 679 802
2385 484 439
2308 929 945
2547 1304 387
1451 154 492
1564 2163 944
1469 2323 930
1172 2193 241
1261 804 68
2251 134 291
1484 1384 568
1744 2152 442
1878 389 947
155 2618 17
1225 1335 411
427 770 388
2162 2503 575
2978 268 450
1837 141 641
2274 60 585
2209 1740 300
705 2588 428
976 1046 174
1442 2205 58
1033 788 952
2744 2526 318
2407 2648 478
1396 1191 456
2517 204 174
1232 67 414
2078 1515 523
2779 308 886
370 943 45
148 2555 455
2477 2289 136
363 1288 312
33 732 172
2119 1248 682
2459 2281 239
1760 233 792
1209 1739 494
1087 8 751
2026 1779 140
2146 495 232
1624 1550 891
1445 1099 347
2570 2512 918
384 1651 280
1417 574 236
2544 1373 417
911 2282 327
1776 2715 335
2558 2911 640
1363 1170 662
975 2081 645
1620 375 750
377 986 811
2562 2619 817
1018 2529 851
1157 2658 542
704 1853 684
643 930 116
611 1538 398
1985 1430 47
818 924 965
384 2656 400
565 1934 770
2488 1890 677
584 497 127
659 146 596
714 2641 934
1071 224 240
2814 1611 658
567 652 977
887 2231 392
245 1389 389
134 426 198
2820 1446 836
957 1074 637
2396 1453 654
1050 569 654
2965 819 761
968 2705 464
2537 1042 38
2416 2255 976
502 512 292
145 995 474
1614 709 996
1208 1360 303
623 921 741
1471 2019 417
539 2707 614
423 2009 978
1326 2557 491
715 1338 444
2826 629 283
1898 2730 940
2143 1947 146
1886 11 540
1123 2803 999
1272 2559 817
638 2548 941
2046 1424 979
508 2699 801
442 858 976
923 2736 664
2532 478 393
2048 466 872
1419 2696 72
2263 680 938
2084 841 444
1849 1414 488
1065 138 332
793 2610 646
1184 2380 883
1123 996 793
2816 2659 636
2169 2764 893
2878 1268 67
2971 2013 908
447 1269 844
1239 1278 548
1866 2730 874
2456 1638 378
407 2168 935
349 2916 216
2563 2312 419
2663 850 132
671 298 861
2138 185 244
1483 452 722
2284 256 282
1147 1921 200
2901 1295 778
2661 1909 55
29 2388 945
1294 912 742
2300 1986 789
2447 90 47
2680 922 762
628 1306 7
2758 2049 901
2053 1268 979
1132 1525 676
2325 2867 424
2120 2954 951
1685 1672 157
301 1713 127
2031 1399 199
1822 2947 859
1660 413 605
1107 708 621
357 2157 59
2530 1223 425
181 1146 229
323 1605 708
1263 1738 709
308 2722 127
1982 602 860
224 433 54
1672 2863 501
1264 2217 561
2694 1224 266
1510 1677 448
975 1717 906
330 80 718
1066 1187 94
1916 890 827
180 1642 381
777 1119 851
1076 477 492
1017 1209 272
1487 530 554
940 1752 445
2885 2396 815
1597 419 711
2914 1780 84
1677 932 60
2122 2895 870
1465 1646 574
1784 1932 834
2871 1150 709
849 2478 583
844 2723 70
2511 2605 72
913 1589 283
1052 1434 14
1514 1788 223
757 1755 715
2956 2520 984
106 2135 265
1331 457 776
2167 135 101
1673 1658 413
2014 1606 33
1780 2494 527
1581 1571 233
2654 1920 146
2988 2070 177
2155 644 908
733 2089 439
2636 2844 375
1678 24 168
2343 2671 812
1058 812 645
740 968 636
2839 2042 473
1306 2782 819
1077 258 501
2356 85 619
514 405 486
1886 659 364
1339 2607 710
171 1286 94
1335 2935 705
2578 110 689
751 866 685
1461 2224 124
1265 110 796
1650 1995 378
28 1249 889
1197 1746 825
119 2271 152
1869 1862 543
1355 2044 101
759 939 707
2234 1963 908
2837 615 515
1645 647 905
2231 2388 99
2575 1468 572
2414 510 225
1542 2153 238
1890 515 58
2083 884 247
685 1108 984
1707 899 479
2946 679 905
1970 2697 578
2329 2945 208
121 2583 121
2329 1298 11
1960 1836 418
2503 142 422
1940 2455 47
2639 894 532
600 1934 12
1257 1699 49
96 361 853
1568 2778 901
1629 756 905
507 1141 937
327 2349 569
1449 1018 209
1037 1331 477
2817 1663 923
878 1216 371
1904 655 270
1246 942 846
1202 2143 428
1585 1381 182
2056 1532 345
813 1572 273
661 532 8
218 203 812
729 607 714
1233 41 105
2036 2366 537
989 1048 198
1950 1122 562
356 2511 609
1620 792 24
2515 82 654
303 1794 967
500 2060 169
1977 191 616
1702 1411 774
6 1649 888
1092 1196 608
2827 1090 603
2125 1212 120
1342 2166 852
1640 94 257
1674 1802 208
827 1110 862
2723 1231 581
2771 2569 130
261 1113 699
679 1332 647
531 1929 627
1884 431 986
1393 61 78
1581 2249 169
2699 650 505
436 2851 489
1787 784 131
2491 487 607
2318 1082 423
799 1509 384
833 1716 259
2804 141 649
184 1617 439
426 990 538
1637 12 51
294 539 868
2145 738 616
17 1148 592
2784 1571 496
1898 1983 772
1081 2704 306
2729 1475 149
1300 198 449
1098 1040 179
145 1317 214
1679 630 267
318 1840 369
468 2382 38
290 2729 469
114 2342 873
2069 2507 182
2551 1631 790
385 711 884
1456 2714 30
1703 66 201
1406 2665 518
2524 2210 166
229 880 22
2484 2562 406
2986 1922 793
2912 248 546
406 342 777
2165 1981 115
761 506 625
1186 1061 545
1258 1536 629
1267 2616 906
1665 847 558
1168 355 82
1059 2983 850
1057 774 15
1512 2886 394
36 1812 894
1334 1243 502
2895 1382 460
2809 275 315
1805 79 573
2703 840 244
2909 205 217
2132 269 266
1792 703 972
213 2542 297
58 2985 849
2300 1430 713
2351 1691 934
1835 2028 359
1007 2636 107
2644 1611 299
865 201 749
1158 1489 564
247 2327 843
2711 1200 66
2298 1369 648
881 1082 82
1080 115 782
1790 607 96
1564 2815 257
2232 657 176
325 2070 613
2153 418 853
2501 1945 186
2099 1473 456
462 713 967
2427 2522 763
2108 1093 606
120 2265 472
2855 2163 758
2034 2824 45
1786 2890 520
394 962 826
2867 1896 414
2523 2669 255
1428 526 667
245 1094 541
2034 2087 501
1980 966 57
442 2483 610
2937 541 203
1595 663 98
2704 979 675
125 2631 811
2256 1463 907
1355 1731 486
2027 2841 416
2161 1868 261
2355 438 739
2569 1654 202
85 2717 277
612 539 38
2186 1041 477
2017 501 250
633 1216 159
655 1543 173
2854 1491 966
1919 1843 192
2410 2199 667
2853 1864 41
1393 1103 82
1692 431 148
1955 453 918
2592 1616 603
2655 1150 704
260 402 388
1227 2226 398
741 1508 218
1774 376 193
421 1745 162
1403 590 340
1359 1659 205
859 334 684
585 877 856
416 2851 472
2721 1582 437
886 1309 205
2970 1278 775
2582 1005 744
578 2761 966
1819 971 458
747 521 955
1040 556 989
407 1087 422
1059 1790 233
1616 283 604
2716 391 171
225 2924 840
986 223 512
1436 2650 4
2772 627 607
581 1962 376
2473 2509 835
2829 2472 383
1411 2457 974
2396 2512 399
2418 1184 262
2024 579 583
2462 1194 614
1427 1292 68
1927 238 978
2576 2531 895
1498 707 330
2126 1437 139
399 972 28
431 2019 536
684 1482 503
2457 1321 996
893 901 802
2626 1884 295
1330 469 981
2583 2121 722
2104 1583 58
2978 2258 243
164 1277 988
861 1164 80
2216 247 57
95 221 355
2667 1034 276
158 683 65
1009 1022 475
1323 1725 837
2123 1947 477
2894 1952 410
1804 282 208
2261 2537 324
864 975 487
2969 304 314
2193 537 786
308 1552 801
1900 2037 369
1809 1529 142
1898 2340 691
2833 2478 994
1333 1030 563
1540 2717 282
106 318 434
558 2484 818
2807 378 849
361 907 444
715 547 646
1404 203 337
1016 1213 800
702 798 230
1708 776 759
794 580 471
1328 526 756
2820 1450 625
1244 1505 551
801 1670 168
2954 2686 379
2191 2624 629
1741 2967 308
487 1914 725
351 363 289
497 1051 898
672 919 272
342 2560 330
212 2616 533
1433 2735 865
2536 360 947
1156 328 880
31 1347 834
396 157 406
2361 1561 574
1355 200 318
945 1 290
2619 1164 215
2153 732 17
1911 2829 880
2123 997 426
1218 969 534
2465 762 543
2434 936 312
1167 2994 935
1484 1227 260
156 736 534
1843 1854 498
1040 415 837
1975 723 424
1046 2366 839
1634 2589 329
41 2504 87
2676 2560 214
2780 2024 59
45 1390 515
2625 1890 778
1351 137 749
663 1301 371
111 2816 182
527 2398 905
2009 2448 703
106 757 915
1348 2793 962
736 637 174
2373 2141 683
336 1120 494
303 1903 681
366 2809 859
442 2275 449
649 768 194
2832 2816 779
1775 2484 150
1176 2276 320
1823 2543 132
1176 2175 764
2732 1279 300
2262 742 802
170 2527 539
2103 1937 965
1144 1157 648
2452 2002 771
846 2363 674
2017 648 9
1376 1722 408
1481 179 665
563 2656 945
2745 2344 835
713 2795 649
183 1856 505
1141 2148 725
1649 1372 444
40 497 507
2457 1878 502
1873 1661 959
1190 638 221
1506 2926 118
866 1421 868
601 1312 559
2937 1309 100
1557 635 309
1977 213 802
2305 475 738
1675 1337 774
1250 197 156
420 918 197
1275 2454 162
1990 2898 244
1757 2498 361
1111 2571 664
1440 1987 966
517 870 326
1704 1209 786
2752 1357 747
1306 1967 378
774 1827 898
2097 2324 837
1819 2995 302
1371 2800 68
89 2166 591
1799 823 606
2816 2506 180
245 1667 775
1844 1052 424
410 2468 254
337 1616 173
1285 1507 788
596 382 326
2952 1867 833
2492 1360 461
1807 1729 803
328 2719 400
2975 2171 398
2818 634 719
1210 1518 670
1281 2896 154
1737 51 634
151 1114 764
1048 2773 263
224 2527 435
1044 2698 400
817 614 647
553 1091 443
2954 743 85
400 828 160
2806 1863 137
1166 2124 630
1464 2718 700
1517 2025 270
368 2938 994
366 1558 455
1780 1925 390
2738 1548 196
1722 752 205
1278 143 761
2396 698 425
753 689 117
876 807 747
2023 1830 908
2487 2176 332
481 1378 335
2336 1540 426
1939 2769 834
2442 1149 787
2791 1944 625
1275 1293 959
1126 1953 51
761 150 922
2142 2676 44
523 782 66
631 786 884
435 787 231
114 1562 524
1040 20 591
463 2080 428
1292 898 447
309 1375 952
1837 511 474
2130 437 824
2366 2936 67
1482 1723 997
1827 2775 750
302 2277 727
1494 1480 520
2558 2038 916
202 2271 62
2040 703 583
2896 2630 813
242 1103 790
753 2714 713
1596 623 700
660 2077 204
2112 2830 10
1414 749 426
2238 1224 439
382 2627 479
2729 848 102
758 725 781
1260 1379 502
2078 1279 520
1476 1865 5
2607 2754 27
2380 1952 371
1664 1476 28
2979 529 281
1923 1259 453
2564 1367 574
2166 481 486
612 104 934
2034 938 319
2378 2222 309
1377 1446 20
1270 694 186
588 471 609
2664 89 820
1885 372 787
2827 1675 705
2704 2003 124
614 1688 769
2062 892 337
964 1416 521
2374 604 321
2397 1906 959
2069 689 31
1154 2102 228
331 2729 361
1470 1020 255
960 1748 440
1572 2268 364
1538 162 110
1528 2979 68
643 387 750
230 1843 640
152 1625 237
1436 1277 739
255 737 276
957 1367 14
603 1630 391
239 561 208
2937 142 521
2242 756 392
1746 354 255
970 2221 633
2953 2835 856
2651 1095 85
1535 201 659
2307 1847 155
2195 995 914
271 918 349
168 2198 656
1412 968 565
2005 2343 462
208 1693 819
2409 2211 225
1070 1408 788
2115 782 457
1183 1855 63
1174 1621 519
2926 234 672
1439 899 32
1283 1960 340
565 2524 189
1894 760 996
1359 2247 159
565 1455 632
1813 2710 750
1426 463 656
2154 1504 164
612 443 223
609 1033 371
2220 1147 355
868 1871 868
1241 434 646
1690 2334 458
2884 599 599
1255 1276 201
532 1732 918
464 2813 372
1777 827 569
634 736 906
555 1714 216
592 1867 859
1756 1529 688
2409 1655 171
2423 1623 397
850 1337 239
1129 2763 190
1331 1700 132
802 1449 116
2125 1588 119
908 209 78
2043 314 422
1445 1372 381
1763 1938 662
961 1507 218
38 441 877
2534 622 741
2478 994 607
1175 2881 68
2294 434 428
2514 2490 940
1489 1151 502
1924 2861 537
2713 518 315
882 1930 691
382 104 480
936 417 397
441 2776 537
2697 2973 402
2140 666 605
2033 1597 809
1486 1720 17
280 1163 454
1169 1210 832
2047 78 159
1720 1394 765
1001 1108 919
199 1872 41
1807 1370 563
2482 2387 630
734 246 104
2018 744 13
2115 1828 133
914 1706 54
2978 952 336
392 251 36
1359 2792 78
1010 596 199
1207 64 156
2746 1503 678
2312 1736 952
2812 748 209
2264 1818 414
2017 1532 614
1223 1839 183
87 909 506
1535 590 2
2721 2130 443
543 21 489
1365 2579 925
1823 569 589
1322 2807 664
2487 2994 697
1067 561 466
12 1114 436
1159 1497 653
2034 1638 144
1401 1108 314
1072 783 574
2295 828 510
371 327 194
1504 1989 577
1056 678 942
2947 419 329
1576 2518 605
1937 1220 843
1328 1560 654
2721 448 667
2712 499 989
2934 978 113
800 1461 750
2785 2282 430
1741 130 73
1474 891 397
2931 555 158
1327 1124 569
1581 2799 622
1554 1051 918
1618 2528 551
2607 396 984
2493 2164 336
2532 113 16
2177 1637 35
2944 2125 304
1393 284 635
825 2287 683
169 1811 923
876 2796 256
643 684 832
565 2360 3
1469 482 31
2292 2865 144
2411 1733 627
656 1568 842
2825 870 791
9 2669 909
1258 432 520
1739 2634 472
2526 1636 927
2802 2172 376
79 1499 279
280 2735 309
1578 591 969
2810 2241 742
722 951 785
2126 2059 269
1608 2404 96
1426 884 182
2002 2460 294
1844 128 440
1776 237 113
574 2465 429
1605 1774 691
2729 1908 951
1040 2233 327
1827 601 709
2363 587 384
1020 1384 818
2953 2227 489
34 70 793
335 1845 415
1746 2178 668
1521 1464 186
276 1390 193
2766 1503 173
1826 484 903
54 1726 866
2187 2647 534
2084 1622 877
565 167 315
1006 1635 357
2960 709 422
1191 1436 351
1040 1641 243
838 66 418
663 1897 329
967 2174 291
2660 2852 778
405 1335 216
1658 2124 288
1298 2024 755
1219 1022 669
1656 45 747
916 1815 761
1965 1186 531
2728 2022 881
2338 1879 808
2785 766 841
1948 2144 638
2861 1807 843
15 779 104
545 1511 207
2697 2442 600
1291 812 643
495 1027 849
1806 970 912
2485 1506 818
383 1799 62
2218 1358 120
956 1611 1
1242 1920 44
2698 2820 201
1796 159 94
2772 908 114
1593 1711 513
1581 2553 463
875 176 738
1647 1759 645
2328 2796 183
1807 2464 1
1186 1399 583
2884 2739 266
2382 2354 473
828 1610 154
579 9 180
970 402 191
251 166 179
2363 669 257
2361 1645 370
60 2655 180
2327 1002 901
2314 2111 286
1031 1196 449
1898 1975 978
480 2457 868
278 457 400
2904 150 110
1442 527 565
1304 2216 467
2688 1545 620
1115 1735 454
1165 653 942
105 41 247
1957 649 906
366 2256 261
1176 672 313
1393 2585 172
2198 2388 154
2816 2269 929
2718 2085 437
261 1238 559
1271 1364 357
2482 374 258
643 2582 752
1546 1787 767
521 948 210
1821 1512 754
873 308 678
1457 2413 124
1880 1203 43
2445 1964 223
706 863 227
2271 1044 575
1263 1379 645
2104 84 806
1451 2013 351
1948 1181 237
2071 1483 307
2432 922 955
2207 702 685
2546 2918 430
1671 567 974
1182 2938 627
2679 336 823
2927 775 649
1768 1425 353
901 834 944
338 1587 791
492 1930 94
2457 1110 903
1526 305 802
169 2173 181
622 2753 97
1657 26 541
1393 2067 731
85 1577 650
916 650 867
2225 1489 652
2101 1814 842
1898 1146 757
2382 1763 440
1746 2609 46
355 1101 233
1078 1170 240
2082 1513 725
673 1067 376
874 568 363
102 322 567
1746 688 692
1119 2395 15
799 2338 92
1928 2681 304
589 2489 10
1126 857 762
531 401 755
2674 1517 625
1564 2896 93
690 640 810
2848 395 489
2383 1248 324
833 2281 267
2528 2478 665
1213 1128 994
2665 1015 340
2246 779 245
2020 339 918
2767 1102 306
1808 2005 416
2901 170 793
2820 1532 994
2584 1668 493
2820 1579 722
245 508 758
1353 278 968
2260 1254 38
1333 1913 412
2165 2808 162
261 1735 371
651 94 24
1662 135 947
1258 1280 970
1275 601 159
1753 1148 187
271 2647 710
1715 891 236
1123 1490 764
1722 1131 64
682 701 679
788 795 687
2513 2026 624
808 2212 181
80 2290 913
32 889 202
2641 1025 403
2255 311 681
1217 241 154
2278 1077 275
2738 1984 861
2767 2811 666
1278 1348 588
2422 35 394
868 2257 231
2558 76 123
2508 2250 853
2819 1643 988
2241 210 631
2904 2895 234
2116 2916 597
1196 1865 82
2868 398 515
2300 434 545
1055 2835 165
987 1979 820
612 2632 118
52 2295 306
241 589 297
54 1180 476
1613 335 882
251 160 177
2757 1431 577
2052 960 837
1570 2247 588
297 1826 326
1119 2733 178
2084 2854 646
1546 2638 710
1263 2475 909
528 677 429
388 2375 46
2853 1736 925
1996 385 480
1670 706 859
2930 2035 792
2327 2185 458
2937 2914 584
1836 2030 295
2346 643 589
2602 2683 364
903 451 254
1523 2002 549
41 2666 741
1340 2519 55
2904 324 307
85 682 407
2496 2968 89
1920 42 758
710 129 568
2960 1038 593
2625 2128 978
960 495 115
853 1332 395
1347 1125 797
899 1169 626
110 1756 852
263 875 740
2751 161 318
947 1695 170
875 659 592
1101 1270 781
1989 1338 107
2870 1620 975
851 2379 270
1984 1315 829
522 502 490
619 711 85
55 755 802
645 2130 299
565 2246 236
1814 520 566
1978 1323 847
2606 2583 753
2772 333 655
1497 1232 771
2625 148 350
713 2363 106
315 228 896
1882 950 227
894 2043 129
2332 1053 207
1176 1535 740
1438 24 771
1564 838 917
2352 1239 683
1277 658 652
2998 2530 822
452 1162 85
1460 2395 331
1823 2432 648
329 1319 85
687 1985 988
49 691 599
1734 728 808
1553 2230 32
2445 1602 979
145 78 979
967 316 727
2755 2624 973
641 1662 670
2842 947 403
2786 595 601
1349 2938 421
2089 1846 248
2814 1693 562
2489 2362 862
342 1491 59
135 870 771
2552 1496 347
1393 64 537
205 883 93
2721 1668 892
1747 1074 613
1695 1921 806
397 2920 878
2482 1634 845
490 2387 233
2482 1100 212
2937 1855 222
833 1028 626
2813 1101 662
823 2074 98
303 1627 87
543 2258 726
531 2686 941
980 2378 122
614 2179 53
1426 1152 11
1977 1904 940
2937 1330 126
874 2267 138
1359 1877 988
1528 2305 558
441 197 563
2330 816 329
2952 652 564
2848 125 391
1133 2048 83
2007 228 71
276 876 416
708 207 737
2457 1897 375
106 2301 808
246 255 36
1898 1253 910
1684 1034 460
286 1961 166
1264 1784 459
137 1424 720
2748 470 809
1478 2320 734
1530 1962 152
1741 2174 978
1119 1526 630
2673 2031 923
771 1976 528
2987 1215 56
2402 2972 216
683 2075 891
2479 2811 933
1347 1263 339
2541 2055 264
2746 2486 73
1991 2212 821
986 39 613
2115 1069 874
2158 2436 509
436 934 225
2569 1917 410
2853 494 23
1528 326 707
2526 2317 995
2453 328 121
1544 2602 579
1123 765 459
2313 933 501
1426 2595 262
1487 2613 101
1048 553 699
914 2356 693
1869 2533 915
531 2008 435
1203 57 707
2625 2562 723
2869 821 432
1157 852 773
1213 2615 678
2844 704 79
975 711 150
722 140 493
876 1249 328
328 2207 263
2576 158 451
1116 2976 764
1977 2948 677
692 2762 671
889 2313 184
2937 1677 160
1508 2414 487
1277 992 601
1531 524 821
845 238 963
614 1335 451
2015 286 683
2496 749 840
2314 644 596
1725 605 504
2605 607 144
1166 1908 692
438 2061 594
991 2986 407
2400 1322 525
2152 268 626
1836 834 963
1754 1128 960
1469 438 373
1426 674 347
1843 2749 354
1210 1275 684
1186 321 867
1259 547 780
967 2183 449
573 2092 771
1865 2514 777
2999 133 570
285 647 284
182 1979 127
2940 196 341
2671 1559 817
233 2499 109
2026 721 852
785 603 289
1174 522 877
2772 2110 117
2772 1153 247
1639 1480 769
2858 473 784
799 1245 617
2004 2429 418
1116 196 206
2457 2902 330
250 1994 809
961 748 278
2361 391 234
1782 1245 438
1484 2119 55
1626 121 296
1977 2313 557
1900 1374 794
1292 1672 677
1180 336 932
366 805 312
2550 1607 252
2529 1321 283
1362 1821 755
851 294 756
2463 2873 252
643 1541 153
876 2257 919
306 2594 756
1055 1839 723
2838 1252 477
2002 252 691
2098 907 93
2165 2955 941
135 739 674
949 248 47
99 216 724
955 399 350
612 1713 438
2062 2023 966
2645 579 625
1607 1974 323
427 2869 324
555 1682 576
1906 730 535
259 1844 23
2965 1851 411
1598 571 829
638 852 715
1898 2586 577
1059 461 846
1373 2157 559
2877 1968 441
255 139 490
2981 2257 936
1844 666 949
436 783 87
1 980 965
1823 117 210
1180 1161 977
2402 2174 986
427 811 35
2027 1519 530
1984 318 878
2720 1135 645
582 1325 357
2191 885 732
411 1234 37
571 1740 528
585 716 705
579 999 969
2417 371 329
1616 2382 931
2721 2382 402
2623 91 499
169 1060 802
2635 2657 754
2245 1724 229
518 1754 658
2696 1689 278
2906 2233 605
1055 489 493
309 2345 859
581 1329 197
1174 2473 68
405 1273 355
2489 1259 495
2482 238 554
1758 1064 153
1469 2467 383
2126 1905 595
2389 1203 709
2112 2229 71
1885 297 372
2569 2186 876
2349 2629 523
2726 1730 817
2729 2023 604
2363 2066 981
943 1943 237
833 1817 369
2134 725 882
1277 2633 171
110 55 490
876 2977 918
384 40 404
863 2672 631
1331 1859 992
140 1707 138
2234 2222 376
1858 1452 637
394 1076 322
1722 895 946
1642 395 96
1180 1700 678
2002 943 15
2937 1127 660
2987 290 573
1093 1707 54
2721 2456 631
2027 2433 113
338 2250 16
1272 1511 466
2693 1857 361
302 1185 553
1355 2831 691
2361 373 52
2772 2200 682
2292 430 519
1048 1342 781
303 1479 935
675 1419 600
2745 718 555
1691 522 790
2904 1475 826
823 1005 111
2724 2035 264
2889 993 762
1827 1068 172
622 829 448
120 232 941
205 2823 660
1581 1719 714
961 798 302
578 1022 952
309 155 874
2450 2807 248
110 1814 440
581 46 883
1725 1943 233
2033 2984 460
2772 1693 435
2350 282 435
1774 906 188
2232 692 793
2677 988 84
2094 2113 196
635 2919 461
581 228 450
2469 962 584
129 1733 261
753 2111 516
1984 884 734
1252 1748 104
1922 127 638
1182 768 414
622 1212 747
2332 418 853
2065 1039 276
1264 1379 257
1055 2831 278
578 2576 956
2641 1617 69
1823 269 140
2999 1334 755
905 1400 784
1076 1545 781
338 1177 740
636 2319 855
1745 741 119
1974 2478 156
2724 902 51
1633 1000 828
939 48 359
441 163 44
2401 901 614
1665 1979 7
1101 2100 775
1150 546 652
636 818 773
1208 1574 43
1468 1353 954
214 2517 69
2292 2852 934
2681 2444 169
2623 2042 826
524 647 970
2724 1841 440
2165 63 337
1836 1854 23
2820 2213 711
1264 2159 519
1823 1066 378
1364 2792 987
2999 655 262
2123 2952 977
2579 2802 358
2496 941 73
2721 379 925
2396 1598 579
1646 159 270
927 1533 16
1141 878 237
1853 1167 70
218 1884 492
2002 2997 870
1226 2159 93
271 2823 443
1826 1820 259
833 511 822
1512 2864 332
251 153 632
1186 2181 921
799 1833 973
1062 2670 18
2552 1857 871
459 832 38
2126 1696 523
550 2770 627
2078 99 579
2729 1737 235
206 2497 19
1620 254 632
2327 2697 340
967 2908 384
1264 451 354
1180 198 343
2327 783 13
1660 1645 369
1277 1141 203
2126 1994 556
102 1568 597
366 821 895
2123 1589 522
1433 2339 240
2115 2319 413
1657 825 969
2361 2862 525
894 602 316
1213 2072 57
1432 785 348
2721 1072 2
110 2334 531
799 2568 856
2681 2092 841
1827 1682 675
411 2409 326
1040 728 257
1620 865 187
2625 1381 394
2046 393 302
578 1067 37
2610 877 732
531 1183 656
612 847 24
1055 637 140
1155 343 917
2409 2513 379
1229 178 441
585 2890 437
2772 2479 676
1564 902 599
1827 646 684
2816 2852 335
2772 1483 197
1722 1063 298
1359 1312 709
1711 2999 758
2721 107 502
771 2182 605
2677 1042 44
1827 375 338
579 2624 209
1898 2398 186
585 2191 243
2429 504 622
806 89 652
1977 2475 499
2057 2845 546
960 2089 468
488 898 692
426 1916 417
338 1972 834
459 425 788
753 2109 298
1649 2260 995
2853 1284 645
2457 2976 805
2552 1104 284
311 389 826
2724 1336 965
578 943 765
578 719 857
1186 1115 742
85 725 402
1796 499 243
581 2831 188
1469 2313 646
715 102 74
488 952 271
2478 147 728
578 326 805
550 122 418
2721 1362 207
271 1332 538
2937 504 330
2937 1420 935
1898 2070 545
1898 13 358
366 691 500
2721 1946 68
442 1265 870
2721 1768 469
271 733 8
1869 102 108
967 1869 89
110 963 625
2409 2255 253
579 1254 694
579 1559 320
643 27 781
565 597 494
2820 1393 961
579 2662 778
2937 1081 477
1657 1686 912
1426 249 752
2115 2126 805
503 2971 620
2457 369 368
2853 2805 862
715 378 532
579 1459 975
2482 486 452
1264 1506 549
1426 495 901
565 453 812
578 513 159
715 1079 741
578 2605 455
271 2261 604
2721 2804 987
396 445 214
1264 2394 130
1180 2126 642
2115 908 465
1827 2104 737
2937 1951 65
1055 2751 314
