3000 1913 10000
646 1456 8786
338 2744 6491
0 1710 6396
1333 1603 1238
2060 2043 83
1240 1208 6327
2997 711 462
2993 1025 5281
2992 2848 5890
2423 1859 2129
2991 1390 4544
2989 2883 6939
2988 1675 9143
2987 1145 2165
2986 430 8064
2985 2941 6016
2984 557 2869
2983 1571 8188
2982 1861 4689
2981 2754 7146
2980 1928 3912
1626 2365 4419
2979 1437 8832
2977 608 9708
2976 841 7450
2975 834 2744
2974 1216 6331
2973 2132 2653
2972 2884 4323
2971 366 6739
2970 2411 676
2969 2419 122
1632 1 5445
2968 913 7384
2966 1234 9346
2965 1355 6124
2964 2885 1052
2963 2622 7128
2962 291 2284
2961 173 9510
2960 2317 2684
2959 2524 5821
2958 1451 8919
2957 1824 7056
1507 1304 2203
2906 2154 6734
672 258 6870
2956 211 4626
2952 134 1246
1575 573 28
2951 2433 9040
2029 1261 6814
2949 372 5351
2947 2345 9189
2633 2468 6939
1594 873 7063
769 1642 7870
2946 2868 238
2942 450 1774
2941 789 1024
2985 284 3602
2941 1704 1310
2985 1452 8685
2941 916 4349
417 2102 3195
1704 2336 6275
1704 1752 8819
2053 152 5900
817 1897 9730
1237 138 1350
789 1645 8597
2985 1037 9098
1461 2377 1328
1645 2713 1093
789 1910 5585
1037 840 1818
1752 2020 8588
1910 1673 7339
1704 956 583
1452 1853 8127
469 1878 4269
1645 300 7483
2713 2239 3102
2304 149 240
789 481 8621
481 114 4617
916 644 8514
1452 2369 1235
649 1092 6790
840 494 921
956 1946 6196
2941 385 7446
1946 2980 4300
494 904 9988
2369 676 1405
1752 2939 3796
2336 1978 2025
2941 726 4366
1720 694 4238
1673 128 3289
2020 2236 1187
2629 2634 908
1180 2309 2048
1752 1411 9023
2934 871 5311
1853 1554 2088
1863 1514 2706
1928 2064 1157
2236 1154 7044
726 2510 4635
2236 2035 7153
1154 2362 3670
1928 187 8104
2035 2715 5032
644 1729 524
114 2850 9811
1978 1741 7387
1704 2777 6039
2553 2262 8084
385 2217 2948
2035 875 8113
1729 628 3191
2295 238 3636
1411 41 3943
916 1791 1848
1791 639 5276
2369 2080 2929
1946 707 3920
469 1197 2502
676 2863 8963
2369 2634 4380
2035 1433 3966
2080 457 4715
2634 2097 1044
789 629 1460
187 2330 6964
187 98 2350
1978 454 4318
328 679 8856
2881 2887 3245
2985 2334 8953
206 2824 4791
1729 232 6825
2080 699 8135
2985 2082 4196
98 59 9659
481 192 6384
431 718 2011
2850 1930 9545
1752 2371 4090
2404 1400 8589
639 943 2079
284 2581 5678
301 66 3917
639 2664 7268
676 1276 8238
1741 1325 4901
943 2652 9122
943 2807 1329
1910 332 9629
2715 54 4079
1751 2840 2229
40 610 193
639 543 8819
916 537 6702
2850 74 2454
1433 289 4083
1946 1860 1691
655 433 727
192 1702 6573
1305 1340 2097
218 939 3453
2315 2205 4485
2334 608 9762
916 1935 4346
2634 962 4770
454 1889 5680
2080 2235 236
2629 2528 8995
172 1912 818
269 605 6729
1860 2499 8542
2581 2635 4387
1031 1608 569
726 863 2232
135 2448 5502
98 2998 6965
54 1259 428
2450 403 9871
1946 1742 212
1411 2517 5381
2635 1517 4335
1811 76 1471
2330 829 3988
50 1398 3003
1946 1939 4741
789 1696 3172
2097 2255 1641
41 39 5714
2334 70 3744
1928 90 2941
829 2531 6221
1741 479 6427
1935 1448 6827
1673 2030 2275
2392 26 4737
1860 2367 5526
2858 1710 9050
2843 2014 194
738 2848 7889
829 2601 4119
90 2107 4511
981 1470 9491
289 2711 7811
2235 159 3341
707 2045 2603
122 423 2711
2138 2803 2332
2939 2654 3575
1880 2166 512
2080 1250 8678
1452 1972 9777
1667 155 195
537 2908 3659
385 2298 2410
1860 2924 7320
1111 575 483
2939 1127 8469
2850 1799 2207
2863 1429 4510
54 2154 9212
699 327 9945
2334 1172 9206
2080 2284 6942
313 2993 4801
2465 2219 9386
1037 660 8057
2863 1369 6468
1259 592 1236
146 2625 9315
2371 2720 6636
1250 1270 8330
1661 352 5985
1268 2116 7796
2330 2200 1018
1645 1816 8073
898 1803 7612
629 1484 9581
1645 2092 8635
2082 634 1355
74 1427 385
2485 519 9521
2286 2340 1606
2980 2800 1394
1448 217 2561
2777 2778 2873
676 1925 3070
829 410 658
2510 2818 1760
1947 1136 7053
1411 900 6212
74 1335 3658
568 1498 7873
128 621 5338
114 583 9453
1775 814 802
707 506 9439
639 2364 886
327 340 4657
863 1610 300
1702 2554 9099
644 588 7854
148 2050 995
1517 1504 8305
1056 1528 2390
128 2254 5244
537 441 4380
1939 753 2007
2526 189 4429
1127 1611 1764
332 1272 9417
1554 703 1485
2364 1191 4855
588 2461 265
2652 142 2671
699 2838 6540
2491 882 4284
2239 552 2970
2715 748 6173
2818 2088 2333
2517 2176 8308
2863 336 9933
2863 1049 8268
1853 2760 4051
192 237 203
593 219 9780
2371 2706 238
1427 421 5583
1448 34 3348
1120 1516 1771
2720 2244 7853
629 2482 302
481 18 9218
1049 131 5472
2200 642 6479
676 1666 2577
2985 2999 2636
1742 1500 9546
2045 547 578
2517 1096 2445
1799 2599 7563
1212 2577 972
1429 942 6525
310 606 4132
940 1146 9817
608 2530 3671
682 1499 1717
34 1926 4541
1500 2820 299
1272 1961 6829
506 504 9931
2939 2639 9266
336 480 2687
2941 1464 2341
2364 1126 1540
2176 2787 5243
2581 2994 8581
2760 1019 9072
1860 489 7301
2634 2647 4988
863 1263 7248
2980 2591 7492
481 1082 8615
2254 1349 7163
2999 1490 5699
2284 67 4051
2235 2717 2819
1206 1223 2563
943 498 2903
962 1372 5265
2807 2488 453
18 528 2699
128 1338 5082
1403 194 73
2939 136 3868
1816 1572 1935
552 215 8040
2820 1995 2406
192 818 9313
1154 27 9043
2030 1559 1504
2328 1320 5522
634 1332 4639
2866 1177 7480
2174 2809 5404
39 1515 7386
2939 2311 9948
1539 2444 495
1517 1076 5007
421 2445 1267
552 2253 4518
829 2347 62
1816 2464 6952
1263 1244 7815
327 1028 415
702 2763 1272
2371 338 1991
2994 2475 6083
2760 848 5733
2800 1974 1382
699 2251 8883
1272 2286 292
1889 2180 7781
90 2610 3224
2318 1838 8524
668 1481 9908
2831 602 4045
2284 2292 6542
696 2073 217
1096 1481 3856
2064 1975 8794
608 1066 8309
1995 2111 9785
1126 1183 3363
1704 1339 6149
2034 2012 2575
545 1391 2468
506 2008 5301
338 2589 4384
2367 1086 7279
707 1813 7474
1067 42 4314
1939 2344 1198
1974 1723 3281
1742 2007 415
2610 460 9417
1469 1565 2478
457 1663 3871
2020 2233 9569
1272 2213 3766
1972 2061 9835
2371 1869 723
1876 2736 9605
1127 1639 2803
2510 2698 6671
128 2434 4563
2367 2983 3720
2610 2435 8505
2020 2660 9361
2833 3 8072
2760 740 8549
1127 2946 1592
1663 2226 2922
1663 2640 4828
385 800 2321
2080 1909 4279
1276 1178 81
2082 2257 847
70 1496 3182
608 1738 8985
634 515 6723
2941 2588 6426
1084 1754 3020
1939 1956 3207
389 2598 9283
818 2322 3091
2213 1287 4841
818 2388 1026
39 2197 9605
1978 2432 4458
707 1881 2844
2717 1774 3416
250 1367 5646
2589 889 5699
1126 1460 459
2461 2178 4794
863 2246 8628
2251 1412 9987
2209 715 1932
2488 1012 7185
90 373 4961
170 1035 6766
2178 2894 5997
1975 887 1163
63 209 5634
338 2399 4451
1928 2562 9314
2435 1800 5467
2635 30 1306
2850 452 2543
1104 40 4988
621 2440 6052
2838 886 3134
2652 1386 5559
537 1122 2110
2257 2991 5003
2246 2385 929
248 281 4523
2432 1646 3786
800 2710 3554
2531 2279 4248
1515 1077 1698
1666 185 4630
1500 442 3308
658 1200 5752
1663 739 1177
864 314 7993
441 387 670
1338 823 2772
2246 2288 3614
608 815 4907
1925 1486 7049
506 867 1751
39 369 41
2213 2741 5059
2729 2995 5636
2311 793 23
2760 1879 8570
1215 2808 3758
136 1214 1568
2894 195 6606
327 1541 1095
215 444 8671
1862 1952 8682
2941 176 2071
1639 2620 287
1752 2810 5550
1306 596 9875
1275 1109 2778
159 758 7521
800 2544 6824
98 2316 1138
1705 1189 4969
1335 1094 3289
1332 1679 4699
2088 1777 589
34 2258 5519
1879 1716 3275
1057 2738 2318
2466 57 9229
887 251 5314
2239 2898 7401
2720 2626 6039
633 771 8186
2552 994 866
74 167 1863
942 1550 9226
1639 156 179
617 702 3179
1339 356 5254
2107 1015 7446
2448 1513 3292
2744 2953 5131
102 2263 202
2007 2546 5878
928 565 8182
27 2799 826
2020 570 4888
1663 118 1303
1681 947 3361
863 2410 9729
2306 2106 8321
631 1239 4147
1791 292 1729
452 2996 900
1983 307 8587
2800 2231 1004
1369 2202 3471
1673 2823 4339
506 163 9960
2960 1756 6245
2994 2229 4611
707 2146 225
592 408 5050
1178 88 2182
1853 42 5683
676 601 5502
494 732 4471
2898 512 2725
2998 1185 6573
2626 485 6097
373 141 2919
327 2339 6581
2388 1195 515
1696 1913 4328
2991 710 5766
1411 1405 9638
654 2085 8583
1412 2130 8982
131 1899 9528
1159 2586 4391
421 2468 6820
52 1521 6903
1935 557 1568
336 803 9333
1666 682 1803
1214 173 3933
739 1445 4385
2710 2054 3916
506 1789 9490
1926 268 4256
1572 279 5232
2717 1617 1544
385 1317 8720
660 2750 328
217 2490 6348
1995 897 5479
1978 544 1020
2008 2199 2829
2202 2948 4399
300 63 7330
2344 824 355
479 411 4915
268 2506 3400
2244 2449 1383
131 865 8081
842 1226 3351
897 25 2224
2906 1055 192
2340 2628 2693
187 1650 7210
1743 342 8028
1909 2992 5808
2562 1888 1095
2517 2190 3970
41 2567 8620
1086 874 4080
1777 1331 5035
1848 2835 1479
2999 650 3943
2510 157 6611
1349 510 6433
1429 1788 9998
1012 95 3175
1497 2485 707
2007 36 2544
416 1463 6337
2398 1449 4190
2246 899 4991
957 2368 3219
2777 1948 9151
1724 2539 657
592 2979 8833
1231 1633 3746
215 341 6401
1250 158 1745
163 1897 6939
2662 945 8291
1047 2538 3146
2544 1516 6636
1270 627 5273
64 56 8957
44 1875 7030
1550 165 4763
1572 2276 2999
1574 1047 9362
1049 437 5115
43 143 1315
2064 2666 5315
1066 2437 9437
1899 847 2719
1554 2748 9007
1910 2804 3178
2298 2704 9464
2254 11 183
2364 717 6572
173 1278 5138
2530 1138 7896
1015 814 8283
1369 1298 4982
717 500 6474
42 1014 8970
279 1495 7000
874 1149 2326
2324 1740 2852
2357 2424 4108
2554 1493 3881
1515 2505 1611
732 448 4692
1799 555 2237
634 2066 4625
1339 1146 7274
1869 2187 1897
97 554 965
39 2117 5211
1195 1937 5060
2985 2627 3143
1571 2462 167
2432 1384 3649
2924 2248 7676
481 1865 5497
2980 1733 8989
63 2743 761
456 1422 5155
875 797 3757
42 862 4335
817 1531 5008
1704 869 9278
1339 1247 1788
961 388 1370
2208 1090 6059
39 2697 2824
726 2773 5047
1888 1587 7208
552 2128 2782
338 1842 840
2999 2452 8901
41 345 678
63 434 7667
1716 2673 2607
1125 1051 8684
1077 446 9272
589 2811 3090
1029 1468 8588
2748 2201 2401
142 2568 4161
2255 951 102
552 326 8773
88 2737 1366
2254 2269 4940
1071 763 9154
1359 445 8029
195 495 8697
789 2281 7477
2774 145 8849
437 1271 8051
2257 1115 4530
2628 762 2092
411 229 6741
2200 1319 4375
1075 2127 1136
112 2552 1514
2949 1916 6884
245 1308 3554
2212 856 8215
668 2155 5921
840 774 3367
934 2380 4678
2869 1401 4211
2226 2914 6491
800 2693 4467
1910 1267 7006
2589 2731 9404
2601 265 6214
2233 2822 9893
897 404 4935
758 1070 5441
446 2174 546
2753 1709 9879
2996 1275 2767
2128 1420 953
210 2194 1829
588 2682 3046
2823 1719 136
1086 1856 2152
1276 1963 61
2233 1100 1856
606 1691 1709
634 2077 3007
2231 2203 6320
789 1217 5388
2562 947 4156
2281 274 8221
1127 1155 7473
2488 2798 690
703 2460 2956
1935 2520 5617
2760 850 724
2347 835 2652
2253 1007 366
2344 123 983
1775 911 7271
2984 396 653
1023 233 3283
279 314 2978
1449 2521 7335
1411 230 6457
2054 1286 4203
251 2584 4631
2961 987 4700
118 1829 6055
2399 1097 6347
1723 2232 1324
2255 1361 2206
1181 2557 6900
292 1919 6964
215 1341 5491
904 1965 7057
487 2927 996
265 224 5678
1315 1896 5412
942 1107 5458
1122 1877 4856
2109 1285 3445
740 832 8122
2472 2751 478
2344 1290 2982
2066 353 833
1788 1606 4008
1559 787 8463
510 2727 3520
373 1491 4320
2711 2877 2481
2111 2883 63
1335 259 6524
217 977 5097
2517 2186 7107
2385 2238 4137
2673 463 8705
2022 760 7927
1856 1706 8336
2020 1194 1881
332 311 2977
1860 2988 5566
2464 94 783
962 2577 2445
2092 2458 3682
224 22 8741
2994 2267 64
2257 256 7881
2568 521 6807
2280 2495 7603
2340 211 5283
620 1698 7148
118 2611 5259
2916 890 9592
2810 1884 8736
2818 2819 1656
259 1196 8482
1034 2162 2384
2956 764 4237
2660 507 536
925 7 5249
2284 852 3315
1530 941 4805
442 1053 3371
289 2439 1699
163 2523 4694
900 2021 3441
406 109 9908
1049 2549 7518
2427 870 2457
2568 109 3509
1580 1441 3613
195 572 5069
886 320 6930
1361 468 8014
1788 626 7209
149 2301 4091
1384 2041 1063
424 1465 9826
1212 785 4275
1100 581 6527
1975 1156 285
1810 1130 9122
2883 398 6601
503 362 5356
900 1061 3486
2567 62 4592
1185 1835 7812
1341 625 7160
1077 2241 5297
515 2210 7516
2567 1637 3378
43 1595 9798
1263 905 629
1481 1498 8766
608 490 9766
2599 351 9153
2939 2708 9713
2660 2153 6736
2499 72 5085
2819 649 9438
2787 1025 9714
2235 2844 8694
1909 790 8675
1719 796 2711
173 28 2828
784 781 8379
1975 1882 3545
105 684 5327
1325 1293 2214
1782 1709 5444
1646 1193 648
1072 970 6905
1588 1548 4570
1103 1075 9796
1741 539 821
1719 1893 7948
2713 2905 7206
2200 1258 9339
353 2912 4317
2202 2365 7731
2848 2839 8805
22 161 4347
2948 2384 8594
300 2243 8862
510 1830 4747
1584 262 9724
479 2509 4496
642 2042 3445
215 1274 2850
2253 1129 4742
1897 2250 8832
887 1654 9111
732 321 7064
1372 1143 6932
804 1734 5724
1860 1755 5689
2985 1641 6094
1319 1243 6062
2226 17 9892
2303 1768 5850
1704 2271 6769
1597 1027 5881
1716 2404 8652
2197 1567 3073
1196 201 2637
2089 2785 5012
2800 1269 984
63 2802 2501
2244 381 506
2626 2247 9871
158 1187 8613
1677 1601 4956
1448 1743 5815
1082 2123 3543
2568 1894 7448
2905 531 2836
1274 641 9139
1486 1915 7816
1183 1502 1331
2505 2381 7693
2743 270 7297
22 1395 6931
537 2093 2536
548 1623 6551
588 1760 1677
30 747 1209
1154 294 7370
163 2052 1154
1349 1841 8795
552 1506 26
2468 2305 6311
2748 1406 4304
969 961 5512
2991 2160 9346
2988 2570 7380
2748 1633 7902
326 901 6353
2458 1461 835
785 2444 747
327 1203 7566
1203 2112 1803
441 720 7049
753 2937 3908
1156 1483 6296
2250 2825 1182
1928 2585 8217
1925 1660 8456
1182 2582 2127
1471 2854 3342
787 2390 8699
2020 1583 7901
1626 1457 57
419 175 3371
710 2266 5347
2747 2902 2026
625 1135 3648
1115 766 5188
18 2216 444
1972 743 9490
2482 675 9524
2802 760 3756
1278 559 4564
1138 2726 4870
2499 2047 9876
539 2017 9384
2585 2502 8862
2654 647 1050
2176 1245 3498
1007 107 2520
526 910 9560
434 1819 1568
1666 403 8634
2823 1266 3883
2611 1385 979
2799 2782 2228
1077 1277 9385
410 2165 2101
1274 1344 1964
1460 482 293
1109 249 8614
2129 1671 8450
341 1976 311
4 2141 8574
676 2268 79
2251 466 1653
1002 1202 4997
904 871 3207
2777 2158 7257
1888 1041 6832
1427 2889 8424
848 985 4898
1972 1787 9117
1878 2882 3249
668 2597 6718
2506 2900 5846
2799 1241 2395
2838 2559 5229
159 1943 1117
2322 1091 5531
472 477 4314
851 2761 3925
1539 1942 817
1641 2541 7029
629 2140 9433
1237 2780 777
158 1444 5662
1338 2104 6390
2900 214 1333
2187 775 7228
538 2163 4992
1444 1030 6489
1400 1399 4194
311 2406 4990
2035 1555 5042
2254 2451 2218
1411 744 386
2153 2221 2436
2364 827 727
2664 2801 1476
1800 1700 2386
1010 1474 9918
114 2293 8840
2432 530 5886
41 86 7244
161 1999 6654
2229 487 2734
2626 298 9316
904 1917 6747
2231 2891 4878
1884 2551 8765
544 1021 6944
634 250 5227
338 316 8363
1043 133 4603
2164 879 2922
187 2745 417
2246 1592 9765
1245 1356 9889
2339 417 4780
2993 1876 5271
2647 873 548
929 1883 6573
2266 2676 5151
2020 333 8121
2364 2811 2089
1319 2723 5748
1573 1301 1294
358 2083 4922
515 58 3016
2001 1169 3893
1007 50 8394
2180 1440 4290
298 461 4505
490 630 4691
1286 571 4398
1742 343 7845
2642 1251 9831
1788 273 3860
507 1871 435
1244 1850 5154
2286 99 3524
840 2644 5879
363 191 26
509 2179 2866
1496 783 9290
313 1394 7590
153 1911 9577
1405 2091 6339
545 669 4129
1137 1616 8049
442 275 5669
165 1168 7308
2992 1895 8664
1484 10 7135
2777 1979 5667
852 708 3860
2340 986 6751
273 2705 6727
166 1040 4308
1836 2361 1121
396 844 6117
2298 1459 6464
2998 2391 5264
468 2333 2142
2558 1870 4206
251 1575 9137
494 1642 7218
2639 20 1150
251 792 8125
1905 718 5532
792 1306 6528
1214 1624 4875
1040 1747 547
1930 959 2388
753 918 8895
2684 1379 2515
1493 802 1349
1129 731 6325
2061 2072 6350
2022 1321 3197
1910 2359 8673
844 2600 4553
1195 2351 7066
629 2415 8465
2816 172 3615
1217 1113 4208
557 2656 9100
2410 56 4674
1893 8 93
596 2681 4369
703 2625 8796
1961 2828 3035
2153 636 208
1287 2602 9270
2745 2678 1111
311 2525 4528
1524 1768 9121
1777 2918 4547
655 2473 6052
2710 1414 2751
2111 2812 7362
1601 872 9195
58 1281 3793
1889 2786 5481
510 837 3315
2804 2878 8549
52 974 8258
2934 1648 30
496 659 4163
1626 1422 7429
837 692 127
2130 1672 4262
918 1083 3222
602 1955 9847
2883 737 2631
1281 2172 8638
572 347 5687
738 140 2288
1936 1342 5786
790 115 8158
571 1757 9238
1444 996 9204
1276 1529 5153
561 574 2239
1624 235 8673
687 1059 5975
840 2051 6022
482 1820 521
2992 2040 4774
2217 433 3271
464 319 3524
951 1749 7330
1100 2059 3341
2244 965 5698
1429 1013 7689
2042 2603 2280
1372 2954 9024
408 727 7347
2432 2614 694
681 246 6971
2825 220 172
692 577 1504
1541 1776 5773
1562 1236 7306
217 1503 3856
74 735 7860
2993 907 6351
2782 1288 8308
1558 2755 3444
2570 1840 522
201 2382 6120
625 1148 3215
780 1102 4451
1209 2443 9540
2991 2463 8962
2282 1932 5997
403 397 1253
556 1811 1107
1542 2121 744
630 1938 3557
2492 2590 8923
1290 2483 8350
2879 1204 4724
1385 2947 4220
86 2358 7195
1541 872 98
2064 2114 3600
1574 2675 6478
1877 1954 701
2072 1297 4708
115 2436 5123
1963 1665 9076
1138 1950 4887
1956 386 5534
2937 1257 3811
56 1796 5314
507 2770 412
2591 1580 1209
64 854 5782
2889 77 6431
625 1891 383
2165 2417 4219
1499 2513 1468
2584 453 965
2656 1737 696
583 1211 6922
2385 1060 7128
353 2518 5851
2284 1699 2047
140 2637 1610
1725 2841 6311
1666 1936 4444
2276 855 7812
256 1240 2139
1854 2817 9482
2086 1832 8954
2279 1232 2386
2054 1482 2232
1278 2527 4516
1628 1692 661
1205 516 691
1840 331 2616
1950 750 7870
1489 1845 6303
375 1300 1144
2745 1590 7037
649 620 9272
1677 312 5647
2404 1238 7030
1193 2387 1315
2662 1549 4938
592 2910 9201
1624 1118 9559
209 19 7123
1840 2619 7408
830 677 6942
34 1180 6759
1853 2788 6344
2544 2227 975
793 1282 7111
539 306 3484
1650 1872 3137
1872 765 8245
277 231 8721
179 60 6658
1321 1202 2680
535 598 2362
36 2990 1399
1627 2911 3912
559 2096 1345
676 2661 742
2082 831 9091
874 845 195
426 1432 8947
2384 991 5236
510 2094 250
1146 2669 1175
2672 992 7763
1406 2478 6657
2002 1631 9629
2022 795 6187
1677 1627 5251
647 108 6570
2825 2329 34
2555 1701 5250
448 2321 942
1571 199 1207
987 12 8859
1675 1161 3796
1266 2846 3245
2946 2400 7569
1541 1932 4344
1452 1855 242
547 2636 9451
1919 1380 335
2075 2425 8164
512 575 6497
2213 698 8214
2247 2738 2722
1633 244 1981
1849 1334 4526
1775 376 6778
437 541 2067
1120 1730 9658
2819 196 589
1554 178 2579
2431 538 4995
682 2566 1744
2838 661 6638
2644 2314 7482
2165 2901 1952
783 2679 1839
577 2297 3429
2894 1375 2584
583 1128 6152
2483 2048 1992
1281 1351 7961
276 1703 9232
2229 1421 5325
341 885 1831
775 542 1194
1399 425 9080
433 1058 2391
2382 561 7640
792 1511 3807
2937 1255 7068
521 2403 2368
2054 1607 2413
1014 1474 9698
2226 2504 279
1398 2071 9372
2206 186 5693
578 2055 4781
1210 1018 7710
2750 171 2065
1610 2524 8040
78 645 9802
195 1124 9717
1281 263 2701
869 2028 1464
2213 2768 1700
2061 103 9003
95 1005 7176
2107 1864 3267
1460 1289 6081
824 335 7150
2133 1750 1249
2435 1366 8836
2213 1018 5872
1961 1656 6480
885 1230 9734
2298 1786 9717
807 204 5243
410 190 9186
2883 361 3129
2777 2474 3982
2463 584 9348
2546 1117 4197
2186 2115 1497
461 2797 6498
2619 2373 2666
2462 678 4318
2333 2670 3519
682 1313 6596
2034 37 2241
2619 2177 1770
2673 2594 4057
577 160 1073
1191 2044 7577
1321 913 3838
1367 2407 7741
2783 2090 8624
237 1095 1370
2647 2005 1834
2231 226 7769
1250 1228 802
996 604 7463
224 124 5952
1306 1431 2094
439 2453 7415
1946 2145 967
1281 2087 6880
968 1678 9713
1384 903 353
2345 2078 5495
1877 667 40
243 1336 6381
797 301 3527
1504 2481 4169
2559 1283 855
1444 2433 3147
2932 119 4555
2646 1697 9932
1936 1480 904
422 638 6991
2450 820 8976
2977 1098 6453
717 1235 4225
625 2853 5958
2889 407 9991
58 700 6349
1183 133 3130
2108 1262 673
2406 2753 3800
1813 419 5738
1947 2855 4641
1850 1682 3223
2087 2762 1095
862 2902 669
998 105 6309
1606 1137 3869
232 2095 2920
668 1050 4920
2359 1929 7446
1235 1026 737
1146 465 5515
2883 1790 9120
1663 47 2392
2559 921 7587
1819 1453 534
1942 2709 7003
1213 723 2475
1897 1505 4512
2437 2183 1372
2333 1388 4544
1335 2896 1360
1578 2167 3112
1727 2353 5584
1235 1994 7235
2092 751 7641
86 1265 8284
2698 1310 5527
448 1324 1358
2896 303 6233
237 367 292
561 1680 3441
1086 2651 6864
504 686 2992
2820 984 5248
2931 496 8736
990 1818 3772
59 1381 1924
265 1186 4443
1429 2648 9189
668 1725 1311
1444 344 5056
1231 719 3572
2028 679 8776
1639 2501 1669
1286 79 736
457 1546 9786
536 2943 6390
699 846 3214
1800 1301 7861
820 416 7665
977 1941 9096
408 526 8523
1052 486 5465
678 305 8569
2436 295 8471
320 2740 1242
552 2859 9300
1699 972 5864
568 1450 9924
699 1690 7445
118 2500 928
2768 477 2699
2020 1252 3044
950 937 922
1282 2873 9875
2664 1837 4955
962 2215 9029
356 2421 2191
2584 2489 9045
2990 1885 7289
2950 721 8526
574 2224 1391
213 2486 4674
176 1655 1538
1137 169 3012
1933 360 335
2328 2724 1848
2445 2849 8038
2947 1582 4456
1058 2958 5787
1482 1121 141
1297 1566 2003
2768 451 6703
1353 53 4499
1301 2935 6244
865 2529 8923
2828 716 834
1414 656 4350
2728 657 9055
2322 1404 8054
1118 1989 6663
1112 1181 4343
2451 1579 8600
1877 1446 2816
2689 1033 344
2404 1348 7865
2501 1676 5142
58 1042 6719
679 2170 5619
1397 2068 3659
707 38 9895
629 2890 4000
2213 96 3777
404 2686 4163
2358 2265 1242
1660 1831 642
2651 1623 7522
1272 1045 4048
2941 1822 4508
650 1350 7353
1840 1393 3155
2567 445 2735
837 253 4017
1076 2110 3383
376 2457 5020
991 671 6583
1849 1355 1018
1761 2240 8678
1267 1141 8791
2475 550 9106
1433 2144 286
507 405 9176
2314 1164 3899
249 2484 9851
751 1801 983
2359 651 6111
1954 499 8437
336 2098 4255
2057 2058 1209
2811 2159 9415
2405 241 7123
1083 394 924
2795 979 7905
1369 1896 1146
628 2143 1387
1774 2655 4297
483 2867 6297
2119 1900 8865
2174 1430 9322
750 2833 2899
2708 773 5954
2834 2657 2771
441 2026 1886
2868 2707 5695
2937 2412 5386
2439 755 9087
1393 1543 7272
1372 1248 8375
2172 713 9146
349 2327 1523
2883 418 8223
2187 459 7255
2368 26 6908
1788 2856 8453
1136 1678 5721
625 267 25
2935 1834 6858
2330 2922 144
2920 1371 9522
2745 400 6919
541 1949 9579
2962 2423 1398
2744 1328 8163
2288 1142 8316
2849 1812 5107
2377 330 8486
2421 2438 3681
2484 1326 3432
2462 1715 7038
1332 497 980
2786 2712 1394
863 2192 2902
1974 1750 3871
249 2037 8924
99 2032 469
316 162 7191
1129 1022 1034
1700 236 4168
573 2815 4223
1948 48 9354
163 1826 519
2415 1609 6557
199 1521 1712
2898 31 475
1515 813 8421
1786 308 9576
510 953 9381
48 1688 528
259 2348 5341
1334 895 1005
2510 1403 1345
2778 1299 3064
1155 1581 5193
903 580 6145
1272 1170 6310
314 946 9550
1275 618 6823
1241 2126 8476
2118 288 1307
1420 995 9644
2172 1226 2492
2676 1634 7139
573 2668 8330
948 2677 2518
1748 534 5156
2595 1921 4918
795 892 9315
2615 1355 2760
1248 1833 8065
2051 2694 5845
1226 278 6533
744 1980 4545
2040 1753 6416
2066 1020 6903
1768 2756 3124
63 1254 8658
2269 2893 2029
867 745 1616
1254 1848 1774
1279 478 2632
1037 15 8701
2895 2789 4257
750 635 8886
2042 2379 8036
1774 1613 8898
1127 429 718
1306 1188 7550
418 2575 5455
2633 2963 7531
1045 198 4613
2700 2073 2197
164 2766 7588
1757 1110 3079
59 763 3633
327 323 7716
237 1670 2466
98 757 1718
747 2264 5220
74 2029 7368
2668 2237 8800
1349 486 8606
1001 587 3942
1656 2578 7103
2544 168 2982
2032 1280 3885
2145 2152 2844
2496 2033 5800
2203 971 2085
2878 2842 1991
1531 2419 5117
2432 2826 2895
2178 2907 3033
2474 776 8399
1115 2025 7638
2562 2728 2100
2215 216 9720
2967 688 5009
361 378 3474
2140 1415 5679
2907 1772 6739
340 2009 2687
1341 741 4994
495 706 5758
1660 1714 9653
2523 2714 387
2535 585 8648
630 779 9557
2313 926 2430
2741 1264 8969
2439 665 7850
667 413 871
846 2303 6203
1170 2328 791
772 231 9770
727 2039 8080
630 1410 5570
1168 2607 6640
981 2175 3907
892 2913 3284
1055 285 527
15 2319 3888
147 982 4554
1263 2260 8464
1496 1981 6299
561 191 5525
1829 558 2019
921 1105 974
597 1998 3400
48 927 6132
253 1694 8994
259 183 6262
1733 1593 5881
1108 349 335
320 1466 7640
993 436 9620
1370 1751 1369
2107 2487 6574
2390 1016 3765
2731 1044 7606
2330 1509 3307
2373 1329 5376
224 1333 4394
2343 1426 9947
1380 569 2806
271 473 5863
2743 32 249
2536 1476 2333
692 1971 1373
1593 1416 8123
1399 687 3820
1148 1619 6255
1800 478 5359
1421 891 6994
1953 2127 6512
19 2067 1517
667 1643 9349
2433 155 859
1279 1668 3944
274 1762 9595
2054 1779 3484
1546 1512 5465
687 2320 4146
635 2386 1735
922 2163 7281
457 493 8031
2415 809 7127
2348 560 8240
2201 2374 9808
2597 2960 5763
2858 1854 1904
18 1144 5269
2622 1364 222
835 471 741
2578 975 8038
1395 370 4372
447 2252 4764
1106 1536 3709
1658 392 4516
2144 401 5744
2640 2308 286
2655 2791 6363
2848 290 9450
98 990 8663
2708 222 3460
571 132 5121
2026 205 9778
478 2892 1384
132 2389 3146
2810 2081 806
711 576 6060
650 1857 9269
192 616 6080
2051 527 150
1722 2376 7939
1273 125 6001
1118 2887 6203
641 1874 6408
2294 2556 7893
2345 16 5656
1344 1944 7462
2045 2455 9327
1106 1951 7722
1676 2033 1958
1342 2378 6370
1375 2220 9754
1842 384 1027
321 2323 379
1893 1614 6157
1196 2312 2720
2608 2447 4587
1168 772 9820
1113 2936 3789
2770 2036 8878
1637 2539 7346
2342 1783 8888
176 126 6461
2679 1494 4531
2600 1428 2971
1571 2470 1555
2547 2685 262
510 1302 510
1819 1684 237
1230 2962 6049
1829 319 8286
2264 223 4410
720 1548 9385
1141 240 6564
15 1862 396
1989 2234 1131
1019 2816 6385
1410 2880 8046
485 2031 1592
857 23 7083
1779 2275 8055
2059 799 7336
402 553 7321
2225 2928 7456
655 1314 6577
2669 1358 7321
2927 1199 9254
2567 2752 5767
353 2131 9043
2738 266 2785
1837 1167 1469
756 2564 8373
1719 2394 2857
459 1569 7500
2403 92 6779
2336 2261 621
2213 714 5995
2042 1471 6429
531 1397 2607
2791 2638 6130
2835 1658 9195
2861 1001 1719
1415 1991 4459
507 1383 1370
1960 578 2962
2910 1695 5380
1139 2690 4541
1255 1227 3924
1829 2516 3772
2698 2806 4601
548 749 4831
2328 2313 4737
946 980 9990
2393 808 7332
1818 2776 3926
1369 2396 8526
1359 2471 699
1012 2824 9695
2956 1407 7778
2399 2014 416
489 1629 2820
403 1485 1926
720 858 855
1175 2000 8722
633 1462 7120
865 1908 6878
797 2422 8703
1499 1029 8531
921 65 7133
852 200 1296
1227 2116 7804
1541 2307 5056
2180 449 7747
2680 983 7796
2546 2124 7590
1826 610 9
2126 915 6583
2314 297 4666
478 612 1999
2329 2827 2646
2313 181 9874
2021 2273 8646
2434 2917 8778
2525 2926 6830
417 281 5279
2238 2852 313
2040 1382 5213
956 2122 3891
396 2920 5103
1482 1970 5181
1287 2446 8809
1846 2688 6374
1384 349 5393
624 2015 6523
1412 2957 7243
1461 337 4672
2009 129 4401
212 491 8968
2365 120 4297
2099 2903 34
2091 1443 9691
1349 693 5751
2469 1717 9177
975 2084 1137
305 1140 1463
726 1413 5565
1358 2430 9950
923 2156 6196
1270 2746 1552
331 2862 6915
2501 1578 1375
400 2477 819
328 2587 4778
2396 2245 4536
869 2864 882
10 1081 7362
1548 2687 7857
661 2671 8544
1785 2915 1401
1674 1576 7223
657 1746 7183
2705 2289 5589
2768 2847 8813
2598 1873 8041
2077 2592 8500
1019 1008 1052
1327 1246 6691
41 2975 9510
2241 553 8522
2359 2808 6390
2897 567 4771
2934 1570 5637
2040 511 6847
2877 1621 3186
2678 2285 7256
1884 193 4306
2468 1734 1069
17 680 4910
1668 2563 2226
1301 2987 6678
655 640 2697
1220 964 9034
1594 2085 858
1989 711 6132
1727 935 2146
259 856 3954
2735 2142 5621
1052 1089 4296
376 810 6790
679 33 4758
1341 364 7090
249 2545 1723
904 1920 4782
592 632 2445
1680 582 3201
823 2923 422
1639 100 9722
1572 1951 9238
2794 1540 840
376 782 3963
12 7 4774
2740 860 7003
509 1886 6979
2021 664 1681
1312 1192 7008
59 836 8053
2271 653 4153
187 1225 2599
2186 1794 250
2812 2721 2837
1974 1589 4033
1810 148 6813
1396 1488 2412
1410 2184 5530
2025 2695 9696
1270 1585 8098
285 2493 3171
717 2512 3946
38 102 1623
843 1628 108
2795 770 2356
703 2613 3791
