3000 1185 10000
209 1345 1849
44 730 7088
1595 826 1669
704 28 1528
312 2611 2182
2407 1250 4698
2584 2644 6318
1727 804 2251
1158 2817 2310
1950 1689 8646
1372 1714 5645
1058 2181 8086
2218 2828 8060
2948 2841 1310
1074 2885 7043
582 159 9653
1622 603 3046
1158 1770 7565
2184 1216 947
2762 979 8463
1947 2937 4458
1105 2956 8852
1749 2090 5497
1417 1384 9220
2249 638 237
1022 2854 851
1792 1875 5814
131 1376 8813
2724 2135 4831
31 1488 4611
1641 1509 6979
1848 1625 5243
381 977 168
1627 1294 636
160 722 5057
2454 991 2996
1248 1630 7719
20 2751 2664
1876 925 3099
1588 1272 8514
1706 674 405
1051 1561 6905
1592 0 5553
405 1744 1990
209 1758 3074
2442 2468 1460
2728 1057 7796
1478 1823 8476
2426 104 2131
551 1951 4878
1422 643 7856
1400 1030 4679
2239 881 6566
2910 2384 4929
2944 2269 7203
2178 2279 2698
2460 2985 3284
39 2607 992
207 608 6077
1432 2070 1265
2748 439 8165
2244 2086 8314
1818 1551 3883
915 904 2392
2127 1843 9969
1735 2979 8253
1467 2355 1919
826 2800 2561
502 916 4357
2197 1365 8513
875 2229 7
850 125 1924
2441 1175 4489
32 2754 1038
1648 2101 6951
2973 1515 3288
2759 588 7718
2106 2283 7126
2344 299 176
1954 1647 7533
279 415 4659
359 2804 7109
2140 1969 6337
2744 813 7663
619 2440 4632
1247 2010 2410
1402 834 9691
2809 598 1832
402 890 3564
2210 2981 766
2897 235 5558
1628 2107 7759
2896 2529 5411
1273 535 5060
2211 1743 7967
2182 1433 8272
1741 2046 2889
259 2367 4532
604 2430 5264
487 2961 6055
590 1339 6923
1787 1638 5877
2300 231 8006
327 1133 7121
846 1810 9591
102 2092 805
430 1755 1011
1559 1642 584
1325 632 9826
2844 2122 3722
533 2836 562
401 842 2925
2612 2875 3053
1275 1632 7159
766 603 2799
445 171 3508
2599 463 7149
54 2815 7791
2005 1265 1928
7 243 4057
461 371 9605
364 1663 9531
2041 2807 858
257 917 2622
2942 2750 7024
1610 1195 7191
1667 2080 479
849 1643 5651
553 2443 4265
2873 501 5325
1795 1768 189
283 1903 5531
728 2174 7575
1943 1907 4762
1256 1680 9563
319 1117 6392
534 763 3939
1037 2630 6488
1258 1681 3234
2477 2507 2778
1814 1746 3886
964 1070 9263
2450 2559 678
132 362 4399
2444 1354 9763
1448 1479 5061
2014 1527 1399
2423 1451 8235
39 1165 1745
695 793 8285
328 2984 6804
235 639 6133
1257 972 7950
2417 55 4696
2472 1568 1581
2580 624 6477
1310 1149 1350
2158 2914 5514
618 2373 1805
2546 859 7783
1902 691 9995
260 1530 7108
1055 971 7369
1086 2916 1835
2936 667 5908
2850 69 681
345 642 7027
2186 2316 5379
1999 2652 4524
2997 2734 7799
862 1816 1167
1194 1243 6235
2102 2899 8587
2377 2190 4737
794 1746 5604
2799 1812 2949
2108 2741 5713
2639 760 825
1159 571 7165
1468 1076 8462
98 1810 8196
2624 1196 671
1438 134 9994
2318 47 6256
992 1956 8218
1953 2058 9694
11 2204 1333
2642 1151 1387
863 1219 8893
2506 1610 9666
1617 2534 7479
796 1086 4471
191 1321 761
81 1142 2325
2648 2520 5859
593 1539 4347
1912 280 6707
2477 242 6764
2134 1478 3275
148 1003 7646
2803 234 9109
1611 458 6331
2159 2820 9
2975 527 4881
1633 2722 7029
939 396 3039
1830 432 7213
321 1129 9202
1429 2406 5352
1766 169 6029
1914 1769 3982
2268 1225 7
110 2544 6385
24 2592 501
1896 657 7255
2546 167 6770
1727 1587 3877
1651 381 4792
2117 1752 1220
808 2801 2721
444 2303 9451
2879 1701 6421
2309 2603 5912
1434 1952 2403
2668 2005 6699
1405 2801 1504
1451 213 5303
2529 551 9328
2409 2530 9102
1101 598 7775
94 200 4417
334 726 5569
1811 949 1099
225 892 6430
2199 1604 3032
188 2218 354
2796 1615 6870
770 1843 796
2194 1125 204
1605 2599 4051
1918 1012 8780
2363 2969 1912
1933 2429 9454
554 1183 1920
1243 263 1463
1995 2036 2338
2716 1122 5434
114 2959 94
736 2940 3110
1079 1748 900
954 166 2992
2696 885 7963
471 2242 7006
1605 1014 3067
1717 1301 7293
2495 2690 723
2929 1426 9319
161 1940 6100
2225 2188 6949
2105 2222 1092
2913 1716 8382
2253 593 1883
1923 1962 6896
2802 2565 4042
1535 2056 8179
2702 310 259
2234 216 9420
2617 2971 1037
156 3 9793
2034 478 5625
2359 2163 6793
1068 681 1897
2207 2694 9498
1244 2172 1767
344 2090 142
2450 1845 7717
1344 123 2388
2994 1063 7345
1307 1264 2768
1447 1516 4277
57 2182 9658
2224 1971 1100
351 222 5724
1719 390 1554
1308 2296 8067
406 1599 6352
2397 1516 9486
177 2136 3699
1759 513 6005
1958 1936 9476
1918 1711 506
955 1013 3629
81 2833 6975
818 2052 1832
2877 140 450
2480 938 4353
609 1971 9679
1291 392 1541
1461 720 3617
1518 157 5214
1826 265 1939
1702 2326 9858
442 2367 7551
85 1688 7446
2798 1696 6902
2655 1330 9367
430 2662 5407
1513 1480 8467
2335 1446 6796
2421 366 4770
335 2973 5784
1343 142 4118
2014 739 1791
913 1279 6507
1417 969 2193
1970 2333 5855
2811 2310 7714
273 175 527
1025 166 864
2105 1476 7629
45 731 8758
2469 494 1967
2489 1943 7844
983 982 9198
2943 1890 3155
1401 2958 2456
860 2810 1610
1841 980 3335
860 453 3377
1575 2857 9900
1495 837 7586
1027 340 7886
2445 1678 271
1378 631 6079
2563 2766 3701
2818 943 7474
410 10 2334
2755 1860 9349
911 801 8642
2696 2167 6176
803 1186 6500
2816 2287 8652
1579 2978 1642
1588 240 9693
942 2028 6613
1842 1791 2584
522 2105 7501
2825 384 4069
767 2064 8674
773 1163 5765
419 1166 336
505 735 8939
804 1752 3326
332 314 7148
2398 2729 5467
2713 2730 1643
852 1233 7392
549 1458 8129
1340 2322 8571
625 1831 5726
1044 223 4846
1006 1754 4249
2270 1904 7968
40 211 1172
1299 1980 4159
1759 1363 2523
1865 2595 9857
335 1625 918
740 870 8239
395 2032 2634
2257 1683 9729
2736 2724 5472
1700 828 2415
1755 520 3200
1929 187 8389
1483 2214 1146
1007 1239 7806
2649 1596 9555
894 729 3356
866 1203 4360
1374 962 6754
2573 312 8085
1073 2841 4839
2567 1290 1962
684 2683 3671
1408 329 9707
1390 1692 6068
714 1891 8962
2711 1413 8771
1656 610 1664
1077 857 1897
56 2265 3222
2464 2549 176
1195 2142 4676
2614 711 2787
658 1495 4218
88 1751 3883
2722 2156 4561
2426 1785 2442
1997 2802 7138
2490 2418 1620
1496 675 5000
2301 1108 7225
168 1380 789
1130 62 1088
1268 2837 6692
209 426 2797
1355 1948 4220
1349 2337 3642
2972 2483 5926
1637 1475 1379
2714 2057 2198
2479 1769 5959
338 1214 1116
801 2342 3296
1923 2482 1077
2910 1890 9438
80 2631 6530
2603 870 6257
1651 2749 6385
1 686 8451
2491 733 689
2160 1870 5778
445 108 4116
800 1441 6835
1157 2125 7949
641 741 701
1888 2520 6535
2011 440 5726
2563 1540 4488
2557 1568 7218
531 1293 6690
2324 321 1146
1169 555 4795
1300 2770 5528
73 2216 9599
2454 2150 774
2835 262 9055
1060 2354 3543
2902 268 1330
82 220 4911
1879 1764 4559
2582 710 8315
1789 806 9996
2704 1152 5159
43 1585 890
88 1231 5725
574 144 6017
553 1522 96
1676 839 7358
701 1280 2612
64 957 2411
554 1435 3247
1479 2275 6112
49 1695 4843
1306 1240 3402
2414 1777 939
1603 697 2184
2315 287 878
1119 2657 9177
2640 2316 8723
1542 2677 2846
2954 1715 3720
2962 125 1049
2129 366 1257
375 2921 9713
966 2129 3834
894 509 2253
2753 694 6085
937 1108 7486
396 2935 6742
143 452 8329
289 2998 493
1900 1615 3804
319 1868 5542
2895 633 2491
2148 1430 7486
2596 2277 7977
2035 2192 13
908 1834 5850
387 2927 6819
819 156 2568
814 1358 9147
1548 2944 4617
1083 848 4435
1806 2131 3094
53 2695 8453
1124 657 4383
2294 2027 8458
645 1404 3299
989 2551 5452
1980 181 6035
2795 1078 7077
1011 509 4600
716 2982 3464
2878 1456 8219
2892 950 9613
2339 1992 4986
1994 529 3195
567 2553 4151
2987 1492 5489
533 2800 2386
192 1606 665
377 1562 7346
2838 898 6985
179 1018 8925
929 52 1113
103 1793 7116
1804 2640 2055
1613 1073 317
1898 666 7638
2130 2768 6787
1361 2265 4840
2387 1830 5216
1106 1682 9949
919 1415 6680
772 1207 3199
2137 1642 5496
2000 2640 3354
346 1415 3396
1123 93 5848
1734 2467 1811
691 851 4543
1137 2598 5620
2474 2606 7200
174 1950 9967
709 2845 9350
1503 1985 93
1480 2964 4227
838 307 3910
344 2284 8186
919 1819 8508
1447 940 381
163 465 4767
356 1870 6843
2932 2128 586
1609 825 1277
46 437 344
1850 2416 2217
431 1099 7893
369 2613 6968
2767 753 5943
16 1941 5073
2065 467 112
483 2773 7980
480 71 7018
1977 1213 4563
1139 2866 9928
271 732 5917
521 333 3626
2547 2832 1270
643 1910 5445
1045 1440 9723
540 779 5679
1899 65 8635
2678 2666 3436
1463 1135 3712
613 2452 4701
2867 868 8210
672 2110 6400
715 2636 620
1968 1991 2864
1863 2708 7575
1533 302 5879
819 281 3237
275 2093 9862
1538 2619 1279
2701 1215 3755
218 1963 3136
2876 1250 6154
1727 1142 8479
2161 2263 7075
2489 1094 9609
1224 1184 2924
1271 617 4342
714 2273 2202
2422 1067 567
217 1437 5666
496 2938 5707
839 1849 6069
1057 2965 5912
2366 2133 7505
1197 193 7566
669 56 2058
1824 117 335
2996 2280 3125
2991 557 9938
2515 454 29
1152 479 9961
2350 117 1995
1773 1731 132
659 1505 8894
1886 382 4982
616 751 1054
2925 2779 6203
1179 410 3682
1511 2335 6352
1041 528 7082
2982 2717 3252
2692 1801 8139
686 1832 4914
2400 2508 4770
2124 369 5604
300 2486 7435
757 1028 5167
589 1785 6516
2675 709 991
2271 1824 3794
899 2147 1517
1096 1534 300
2061 1253 760
2176 1634 4614
144 2772 5152
2189 2048 9057
226 198 5829
2356 2977 2567
1092 856 4224
2299 2691 6769
1017 232 1681
2894 514 7044
152 901 4414
1700 2411 1091
2699 1432 9534
2081 2600 4444
816 2269 9717
857 1771 405
2362 351 6679
1627 1611 9379
671 724 3198
1005 2618 9393
178 1933 4779
476 1745 2453
2661 995 3695
420 1118 5637
2660 2314 7308
1906 2111 7879
2449 414 2133
599 2244 502
606 2818 7361
339 718 4403
2200 833 4004
597 1730 5930
647 1482 2574
1762 1159 86
2214 1093 9570
597 635 1975
313 1979 696
1089 496 5909
1750 2436 9134
95 1589 8246
1021 2579 6939
2839 1502 8621
1426 1865 2258
37 2067 6380
2523 1856 6904
1085 1464 940
2978 1498 9904
2066 568 7854
739 2606 5282
2531 516 5453
1046 2049 2091
414 1424 3044
274 59 6951
1563 1847 4521
1182 1380 4995
1450 1868 217
670 1961 4249
1068 170 7365
230 2131 54
1283 1658 4555
1475 1684 868
2177 573 7183
2453 2558 381
2264 1909 6269
11 141 3125
1656 2528 9080
2811 1764 5978
1712 1694 9526
1880 2025 3766
421 719 1483
2765 1375 9166
1130 2799 2330
326 200 3313
2597 765 904
2760 1321 1119
2105 559 175
1239 243 9752
1048 1114 88
707 1132 8567
772 2671 3672
1278 590 5069
748 978 5146
1726 1116 3016
905 655 6949
705 2096 7235
1107 2581 607
2221 1545 4820
2135 755 9750
407 914 2309
2283 2364 4601
2531 2710 4760
711 2942 4739
1658 2465 9697
1986 1489 4091
1550 2930 1791
2357 417 7693
21 2119 4489
568 874 9894
2234 202 1729
912 524 1913
2715 2387 8597
129 565 9870
2071 1218 5019
2257 457 4136
2797 803 7461
1893 906 8559
2976 1893 5207
2871 1705 233
1844 1573 2133
1514 2270 8871
857 2091 1317
241 2749 4221
2006 2796 6639
1736 799 9675
165 2538 8005
1974 1053 663
2485 2010 8256
2901 544 7481
604 394 2558
397 703 3630
1779 1095 4786
2353 2689 2428
2437 2391 1748
1737 304 42
1576 2903 1078
2579 475 3529
1919 2625 2862
764 1402 3973
597 771 8534
1486 1288 90
148 2733 1448
2626 961 6087
1524 136 9223
1574 329 3890
358 2278 5088
1920 2999 4499
1292 228 4678
2444 1878 7784
2514 278 8087
583 2109 9290
398 630 9742
173 1289 8904
2339 1319 5402
2101 813 1301
2431 2336 4300
2660 1244 7080
1252 650 8153
2330 96 4474
1835 2133 9992
715 879 6203
2195 2828 8482
2709 1885 1836
1258 1033 310
2906 2331 5797
2201 2250 7444
829 778 1270
1558 1887 4589
858 1353 5489
1706 835 4745
817 657 4852
1157 1302 8090
2164 336 8491
1491 1660 6027
624 2946 7551
2223 121 8110
25 1287 8179
1313 910 640
2949 869 3044
1690 733 834
1927 2775 4632
2476 239 1768
974 2868 3436
1454 2099 8455
124 2489 6826
503 941 8981
2059 1996 479
116 960 7610
567 653 4075
1553 1735 1004
1978 276 5203
1414 578 8777
2732 74 4518
254 1343 8065
2789 1070 1453
1990 1617 7658
2915 1315 4776
341 516 8501
702 1342 3591
2977 375 435
1670 425 2437
588 1104 5161
148 2840 4300
456 814 955
2891 1416 1904
1765 2374 5071
128 1275 5251
725 2978 662
1427 790 6284
586 1479 6960
124 185 9782
2369 352 7997
2336 973 4607
1494 1277 5633
538 2206 5843
1646 1914 7796
1600 224 7769
673 964 4200
2688 2831 8710
889 1558 2936
935 129 2307
1513 2760 9764
2939 572 3746
2823 1311 748
1103 1367 5934
1928 1312 6113
1623 1722 1916
1054 246 8021
2061 2684 1396
2536 130 8528
2153 1872 8244
2388 1165 3915
543 1691 5314
1703 1517 7265
1026 1926 3391
956 438 5648
2373 1485 9007
2756 682 4085
2502 1857 8561
1853 84 3940
1729 1637 6778
1156 847 4745
2471 1919 1378
2911 488 9159
1469 1799 2346
660 518 455
316 2168 1545
267 1319 1576
790 1628 8678
2103 48 7737
1112 1790 9924
1416 2988 1614
416 1677 88
208 1360 728
2093 1569 8704
1242 1516 5965
2517 1612 3252
2332 2341 6342
668 1259 5321
1711 2556 2797
2521 119 5654
350 1131 4118
1802 1547 7451
536 1342 289
1001 2635 809
1449 1817 8831
1450 2115 5312
1233 1090 3272
2691 1863 3991
550 929 3797
18 2761 9781
1338 1391 2089
2073 1976 6752
1963 2096 5619
349 878 7976
1160 315 1215
422 374 9283
779 2248 815
2379 2673 8837
2388 26 2798
812 219 5504
2607 2712 2268
167 1333 8226
1337 775 9142
713 2866 2566
741 234 3326
950 940 7022
926 2146 4692
1311 2094 2175
1316 1326 4803
14 2951 5347
1466 823 4337
2221 2762 1570
2755 2015 7225
735 2432 8877
670 2881 3159
2826 2893 6243
2688 1236 6260
926 858 2635
903 111 2447
887 1215 5653
1043 1639 1039
2865 84 7322
2332 444 4996
523 462 9629
2634 718 2890
255 2089 8973
1341 1946 8569
1158 2742 7179
1661 1828 7276
2501 1063 7034
2198 1920 1069
2342 2743 9574
349 144 2526
1377 628 4458
104 89 6537
1584 2751 6638
871 2114 5628
2008 2857 5506
2050 490 2957
1560 2510 6500
1463 1885 499
1489 168 6457
1627 1658 8121
627 2819 8014
2565 1508 958
1650 2827 6424
2438 569 9864
2525 86 2265
1536 2244 7148
1923 645 700
1655 1945 1050
2952 1317 6402
1266 50 8008
1471 662 1408
374 534 7036
424 1687 9598
1582 1879 6239
2777 1653 5487
1911 1095 912
1491 493 6288
1270 2647 8417
1416 642 6821
365 126 6844
1006 156 3613
1262 2476 8295
712 1256 402
2535 499 1047
1590 1501 8322
646 2319 605
2669 1465 9008
831 380 3268
699 2905 8794
1122 5 7217
923 1151 6304
2395 2901 4058
2370 106 457
1219 2251 9821
737 433 3270
460 622 4404
799 2302 2207
1864 1898 6119
1187 887 7149
73 2968 4448
1677 180 1191
2372 1899 549
564 982 8550
652 414 1539
35 294 1127
2226 2912 4828
795 2126 767
985 289 8276
930 99 7050
292 538 2827
2427 1376 5709
2663 1463 5617
2054 1551 7994
2028 1782 9977
2772 2367 1529
2838 1620 4228
1335 1274 1903
60 490 7923
1788 1190 9508
2752 902 2849
2238 2753 3567
976 1425 8289
2368 621 9830
1257 2004 8712
1036 2621 4463
2622 2282 9539
605 1540 5356
2004 1170 263
2560 379 7447
2710 472 7425
2412 2685 3291
851 2274 2760
947 685 4728
1908 1725 9335
2511 133 6099
2974 480 7065
1327 756 1703
231 1912 828
79 2350 5478
2260 446 1574
2639 1493 2068
2500 1045 5405
2039 2455 5706
745 2771 4208
2512 179 459
1303 6 6307
1009 2420 1638
269 570 4677
1665 2829 2916
354 2848 8883
58 822 5116
637 850 9351
2149 2101 9095
411 109 8020
1862 2459 4188
2631 972 8139
2738 627 7632
1201 1549 889
1517 1783 6529
1336 1501 1104
2659 1673 8484
791 1227 9816
2414 2566 7521
1556 2276 2040
854 2483 9639
1059 1861 349
661 2577 6296
1352 2999 198
2167 2939 3036
1879 721 9618
383 1227 3219
2686 656 2612
1237 1864 752
1528 1607 8435
2095 1761 9460
955 591 8945
1313 2173 2987
2769 1060 5260
2727 641 5050
1178 1905 5165
2740 745 9165
464 1613 7071
1934 400 1421
1519 288 5779
2830 778 1828
1562 2945 435
1061 298 4832
1777 2402 6112
1092 1445 7070
788 2315 9252
2323 2007 1911
2383 1033 8672
2619 1324 625
2068 752 1167
707 1488 6287
1093 1721 2493
1588 2081 9581
585 469 1220
2698 1032 7553
2121 633 8188
920 1266 4668
2519 1087 164
882 2111 6927
996 1797 8467
2475 2966 4932
2 1185 6191
2494 2508 9910
1730 695 1258
2850 1307 6833
353 2022 8506
1040 2588 972
1421 1838 5640
1503 2664 5016
1098 2321 2002
1955 2878 4167
2147 443 4394
1734 1988 3915
876 1175 6065
2162 413 5545
206 1355 5709
2157 2702 5839
1285 1505 9794
1856 1217 6974
2570 1738 7455
2007 1875 3038
936 2288 7647
216 443 8526
1096 676 8291
2273 1323 408
1626 2763 2279
1373 1459 2083
1342 2148 8903
1923 783 1652
1391 474 7099
1926 1363 8935
2143 2405 3440
1425 2823 7245
886 58 1721
841 815 3226
411 1581 2329
308 154 7533
1379 1604 7040
2933 2441 7749
754 334 9340
30 1370 5950
2940 2018 4668
2094 909 4619
204 476 5187
1778 1406 4059
2316 212 4876
946 2865 1283
2768 2258 1756
325 298 159
61 251 5618
2802 2019 6024
1898 1755 4318
1709 2778 2665
1538 1976 6405
2095 2566 816
2872 1889 7024
434 1245 2486
120 2869 5967
1377 472 970
1364 250 2317
2304 2458 6601
566 2143 5656
1798 1826 9247
831 197 8822
352 67 1118
2415 825 7316
1644 938 2737
2757 2475 5848
2260 2922 8732
1230 1051 5025
867 1091 4789
313 2424 1194
2121 2434 4608
2500 2089 6543
467 2718 5625
965 451 2890
1194 390 2639
2514 378 9022
2313 370 8663
584 1066 4260
1484 1295 427
424 1234 3333
769 1289 8004
1271 1669 1851
2940 2884 7692
635 2541 893
524 1983 3961
975 728 1970
1984 1138 1687
1495 636 830
317 2399 7776
2319 649 7105
1886 2460 5593
357 2270 6187
1873 2307 2512
2317 1343 5798
17 1227 7778
924 1756 7875
2045 2502 7229
625 1594 5460
994 235 3212
961 2059 7294
1785 2889 2256
462 970 6355
2256 2736 784
336 2205 2376
1020 1965 3408
2675 199 790
1387 2470 1589
270 1181 8261
893 2923 5624
2648 29 2846
2569 1214 2548
846 2725 2581
536 2240 2913
2147 1528 3067
1516 1144 6103
356 2293 9940
