3000 155 10000
1763 1316 328
21 996 6109
51 339 9689
774 2557 4270
1676 836 2835
1209 2438 9089
262 2393 1133
2388 842 5061
953 1304 1377
639 2373 7971
1022 2566 2335
2481 529 9083
1348 253 3906
729 1642 1610
633 2335 6428
2010 1054 3456
1679 1473 9365
268 2391 8117
2567 58 1071
1717 298 4181
2155 1012 7154
229 1670 4325
2439 385 8878
2990 2836 7319
2038 2833 4633
1192 2581 7467
1156 1416 5205
910 944 4974
1606 2476 3891
774 1280 6347
454 1612 5295
2261 1977 1384
360 1333 6886
16 107 4835
2024 2537 6310
445 198 2631
1200 1305 5393
396 2468 2381
743 896 8107
2744 2224 3412
1803 2058 2399
304 1686 7813
2255 1866 4030
2036 1145 2725
600 2893 3688
2206 249 8813
649 1082 2127
1424 320 616
2649 2066 4040
163 567 6464
1307 2638 3975
1095 1101 7133
1294 2110 6463
1077 597 3855
24 2810 7190
2530 347 8648
2565 648 3746
1524 2963 1721
2065 1659 4202
1747 2574 3813
976 2804 2839
377 1135 6770
460 746 8089
1536 1964 8650
2120 2979 1215
1957 946 5102
780 2154 6945
42 60 7648
1283 834 9210
854 2112 4677
2466 2407 1368
2396 1765 6266
2012 1871 5890
133 1001 6023
1469 589 4493
2832 437 5145
833 156 8956
27 864 8541
2626 1899 4700
2369 1683 1735
481 950 6661
1746 1273 7142
2100 912 1767
2878 2855 2252
390 2152 1451
99 1363 4631
596 1546 1819
1964 2462 5094
284 2975 9037
840 2298 3992
682 2071 2458
2845 444 6610
176 2426 8687
2258 1821 5433
2357 2376 770
1743 1754 4169
517 207 3650
1850 1181 8465
2758 757 8821
787 1258 7943
1009 981 3601
29 1692 5440
94 627 224
2826 1484 2424
2897 1480 2702
797 660 6137
1452 59 8569
810 1008 697
1043 2404 6397
1648 1771 1359
2976 2490 5847
2203 2349 6109
2311 2264 9874
393 1083 2509
2690 438 776
1460 2865 1702
2130 2843 4978
903 1423 2384
1837 1120 163
1235 1825 8379
45 2312 4732
1021 863 9479
507 777 2106
351 1037 4218
1951 2109 2002
1163 2179 3421
229 594 6483
2399 1362 2989
489 1560 9574
2270 2901 2767
313 640 6922
451 285 9662
1208 1386 8497
1809 2074 4565
2670 2881 7977
98 405 8929
2201 2538 8533
2217 1738 3403
2364 2344 5589
2587 989 5315
2081 925 1958
2167 933 2102
991 19 4691
1203 764 3068
1405 533 9397
919 1324 3195
1030 453 9894
2151 160 9112
2951 1045 8802
171 2180 5702
2452 2595 6932
1308 923 5074
1668 2765 7050
2370 2104 3681
1667 1674 4307
