3000 2997 8283
1607 1245 4
712 1510 8
510 1950 5
2887 1833 7
1489 1386 3
2006 864 2
661 2521 8
131 2947 10
617 9 2
1184 521 3
1282 2299 10
1210 622 2
2358 299 4
2076 2011 8
637 1321 9
121 2747 2
700 997 7
731 717 8
812 1192 8
1755 1362 1
2771 664 10
2750 1979 3
968 2153 6
215 1759 9
2674 2472 5
2545 2365 4
1867 1324 1
1571 641 3
2074 1844 1
921 1892 2
2359 1491 7
1319 1366 10
2253 2488 1
494 1778 5
1639 183 5
1347 31 10
1534 1988 2
1288 114 5
2160 1947 6
1385 1970 3
1501 37 6
1843 763 5
2404 2408 10
2168 2674 4
230 1952 9
1469 1086 1
1278 414 8
2522 93 7
2963 2530 1
1381 1125 1
879 2013 9
388 2921 8
88 2202 3
394 1874 8
138 925 10
340 1582 4
1900 2203 5
2125 1628 7
2468 841 6
967 628 7
1311 420 10
2735 1738 10
2652 1783 8
1971 986 9
1403 1573 6
2623 1626 5
1906 1494 3
2863 1309 9
559 2887 4
2897 2681 8
1252 854 5
2976 1631 8
1822 188 2
356 1649 6
1433 2310 4
2046 541 3
567 741 9
1979 1804 2
2762 2150 10
2088 1685 3
647 1416 4
1042 527 3
1835 2838 8
954 1815 7
493 2637 6
1716 878 1
847 522 5
2699 2759 1
58 277 2
1440 1437 2
7 1991 5
2693 2765 4
1785 759 8
2100 2042 3
2989 2551 8
2242 1643 8
752 2819 4
589 1341 2
349 2262 4
1977 1831 8
572 1244 10
2738 2268 10
1318 767 10
1350 926 9
1793 1574 10
1795 654 10
2252 2831 2
1695 117 5
2632 2294 8
1796 1840 8
2643 1564 5
545 2276 4
1776 1377 2
1019 2967 3
1878 538 6
1212 690 8
1957 1905 6
2253 579 1
2566 2669 8
2817 2440 3
2091 2879 9
1555 1058 6
2024 2037 4
1479 1943 1
2062 2300 9
2991 2242 2
1859 2940 5
2979 1149 1
2571 92 3
2531 1674 3
525 210 4
503 2849 5
613 1619 6
346 1305 6
2362 2897 5
2896 874 2
610 2405 1
158 655 8
104 280 5
2796 172 10
1398 729 9
2908 2323 6
2672 480 7
1756 2570 8
2345 6 9
2274 2202 9
1116 344 3
2178 1011 7
2340 305 7
1334 2244 4
1929 219 7
2000 2903 8
141 163 3
196 382 4
1138 13 10
706 1565 1
2021 963 8
2966 928 4
109 2393 8
1881 2207 8
1197 2203 6
130 2392 10
2481 1579 8
598 1391 9
280 118 7
2117 2505 3
801 1095 7
328 1117 3
1158 1510 6
2099 1888 1
539 533 3
2381 411 6
988 1345 3
737 275 9
1382 1667 4
307 620 5
1745 1358 3
465 1422 7
1905 1356 4
362 2908 5
2990 1405 2
2873 2636 10
721 2845 3
972 2351 2
2808 2673 8
152 150 6
2212 1556 4
256 547 3
2310 2506 1
2701 1271 3
1719 2321 6
1090 156 6
1382 2313 1
2109 2135 8
542 383 7
118 331 4
120 2291 3
1234 2782 9
1144 2484 9
116 1714 8
744 1393 6
1862 2295 10
2027 2894 9
2440 2374 8
428 2707 3
1042 829 7
2864 2428 4
2593 403 7
1846 1882 2
1277 1697 3
378 2156 9
1869 311 3
1699 385 4
1663 1374 10
2443 1563 9
2129 115 4
1528 1801 3
2633 2184 10
1861 2562 8
1504 873 10
1162 654 3
424 817 4
301 704 3
231 1198 3
1046 194 1
2910 2475 1
2396 886 8
1 643 4
1152 1490 5
2578 2214 3
485 186 2
984 931 2
2104 2422 7
1287 633 2
1233 1875 2
721 2973 7
825 1477 4
2609 99 9
499 451 8
249 2939 7
2556 189 10
530 779 7
2981 1280 2
912 793 1
2898 1464 10
2495 2484 3
630 649 6
244 1612 7
370 2017 4
2052 1459 1
1450 2486 4
1568 775 1
1057 843 10
2115 1172 5
2235 1790 7
1901 2690 3
29 2516 4
2215 936 8
962 881 10
1766 427 3
2251 404 3
220 1741 7
1969 461 1
817 1246 6
2738 2929 5
657 174 5
327 933 7
904 1495 1
1348 1700 2
849 1092 5
195 1230 6
1183 2767 10
613 749 6
2207 1387 8
55 1236 4
13 276 10
71 624 5
1788 1770 1
246 2312 5
496 2541 4
2308 883 1
2801 1932 2
1383 322 6
554 1604 8
2605 173 4
273 2767 8
1380 365 3
1213 769 7
133 2033 8
2753 1401 2
1539 712 6
329 2448 6
1044 1598 4
1150 2778 8
1317 1941 7
1343 1879 8
1253 1202 2
2734 2721 1
2257 351 8
1257 1137 9
744 4 5
513 191 9
179 1971 2
2302 629 1
2546 1918 10
2326 778 3
2416 2180 3
2489 338 8
1964 337 5
1258 2054 6
1159 1294 5
885 2465 8
1835 1018 3
758 1062 9
1532 1160 4
550 491 5
28 2155 4
375 514 3
1032 2368 2
2554 1409 1
1064 2657 10
1085 1540 9
1538 2303 8
2290 890 10
2188 605 9
862 2611 2
2234 1040 9
2906 549 7
284 852 1
920 321 6
2892 166 7
819 1168 4
889 2875 9
596 1627 3
2751 1194 6
682 2395 3
49 288 9
2595 795 8
1524 2591 10
1916 2288 9
119 1473 8
1224 2601 8
305 960 5
1330 277 9
1228 2613 4
21 1320 4
2238 60 3
804 298 1
1763 2604 8
319 2611 10
567 1736 5
1131 1106 3
926 944 5
1239 2986 4
2378 1241 5
2819 104 9
1492 757 4
1011 1352 8
693 2391 1
2471 1214 4
2359 1275 3
2953 372 1
2783 1177 2
94 2236 5
584 1777 9
240 2592 8
357 1663 9
606 1083 10
324 894 9
2220 290 7
1820 1325 8
1123 2950 5
571 2851 1
1761 2073 2
764 443 1
1594 716 1
2560 1091 6
898 2809 3
2039 1513 7
2066 2606 4
1601 304 6
97 113 1
2850 70 2
1487 2321 1
1110 2904 2
973 2733 6
1457 418 1
2493 225 5
2116 2849 4
36 2135 10
819 2018 8
1676 1472 4
1944 972 6
2124 2231 6
2814 196 2
333 796 6
141 1960 10
2478 1249 7
742 247 3
1056 755 10
2934 2842 9
2146 2140 10
320 383 1
1497 2282 8
787 2059 6
1581 2402 10
401 2899 6
1622 1927 2
2519 557 10
2005 565 5
2153 2843 2
711 931 2
1000 2324 1
2642 1180 2
2610 246 10
827 397 3
899 2824 2
1151 1704 9
2390 94 6
452 1289 4
1875 27 10
2050 1845 10
1002 2305 9
2263 1304 10
460 2017 10
2030 738 10
2536 578 1
313 2592 2
1396 724 4
1816 2186 6
1729 2994 1
2644 1958 7
227 539 2
2769 1599 1
2219 828 6
2890 2528 3
1664 698 4
2108 1638 5
2512 1371 7
1800 234 6
263 1637 3
35 2553 2
2484 2048 3
209 1913 3
419 1693 1
1591 1586 8
1994 1093 8
1221 2335 6
663 1447 10
158 2400 8
2479 1818 7
1946 2707 3
1365 2028 1
2713 75 4
688 1981 3
1509 1076 5
597 2866 1
949 2250 4
1660 2237 4
35 929 9
2424 1114 6
840 1653 1
1787 685 5
471 68 6
2083 2458 10
1924 2576 3
1484 1756 5
505 1256 3
2485 1952 8
2174 2960 8
2383 419 4
61 1008 1
2683 17 3
1783 2278 2
981 1882 4
1512 1549 10
1480 2164 5
1184 389 6
2858 1242 2
1522 2555 6
2526 1763 4
2403 893 7
1876 2089 3
855 1479 6
595 417 7
1264 1924 1
486 2325 9
1562 332 1
1448 1652 8
2751 208 4
433 2118 9
2143 1434 8
1988 2898 8
1535 436 6
2369 90 4
2016 1052 1
485 250 5
2041 2828 8
1658 1005 3
2001 232 5
2446 2129 3
2916 2496 4
78 107 7
1269 1470 1
1098 2884 4
645 1373 2
1461 2696 4
479 151 1
1282 1547 4
2298 840 2
447 468 7
1748 2868 2
2962 2876 4
442 2430 3
2488 2983 2
1717 2149 9
2067 488 1
268 1118 2
1897 1112 1
2296 1453 7
2369 2305 10
719 1786 4
2854 2529 4
1088 1548 6
2136 1103 2
871 1243 7
1916 1125 3
1798 369 2
1048 112 4
2877 1797 7
769 908 5
2009 976 10
694 308 3
2661 2006 8
2763 2624 7
2113 974 4
243 563 7
1214 1209 3
619 2648 3
564 2543 10
695 1977 4
2305 469 2
2800 118 7
2477 1907 4
2122 1084 5
545 771 4
57 1015 6
645 135 9
1940 1207 8
1296 380 8
1614 1386 8
2727 1065 8
849 2267 7
1689 2802 8
2793 790 6
2741 505 4
2434 2840 3
1185 2106 1
644 2650 7
2997 2835 4
2241 1827 3
2182 2307 7
2690 1757 7
379 234 6
2078 421 8
2614 472 4
236 1894 10
1910 510 8
529 1315 8
870 212 10
530 2797 7
911 2455 1
2879 834 6
1859 1377 10
2390 1113 3
2487 1394 10
913 2090 4
2911 2405 5
2463 1630 10
1924 2043 7
2173 2482 2
1609 2094 1
1567 2377 5
1400 2020 7
2302 451 6
1327 2879 2
1791 1030 2
1718 2803 8
1013 322 3
2685 2633 9
1332 89 7
2594 1830 1
326 800 10
146 2820 9
1771 323 3
621 2931 10
1405 2941 6
512 2938 9
161 1973 6
239 978 3
2349 2932 2
1919 1636 7
705 1212 3
2708 1986 4
674 1678 3
2815 948 4
214 2993 5
1706 183 3
1002 1534 3
735 1442 2
1849 2007 9
259 2071 7
1887 2822 4
980 366 10
143 1031 3
70 2327 10
2713 2132 4
2124 626 7
2309 532 7
1618 1890 10
1956 28 2
1726 1671 2
2101 19 6
1139 1950 9
2456 1776 2
2393 2206 5
2028 592 1
1191 1996 5
520 1105 2
1969 1912 4
2989 2563 4
2417 2494 9
1848 612 4
1217 2176 2
2761 555 10
1367 2053 7
1496 2944 10
1654 1587 5
1694 776 5
313 515 8
2648 1965 9
453 1248 4
2638 1190 8
1584 1135 7
1432 1830 10
2540 2615 6
701 1107 2
2014 543 3
2396 502 6
2622 2188 6
667 1747 1
659 431 1
71 102 7
408 449 2
634 212 10
208 1389 9
1984 30 5
271 2246 2
2261 1031 5
1837 1067 9
1535 1021 7
449 1254 6
1577 1875 3
2533 2483 5
1584 289 9
2621 2154 6
1735 2473 4
1586 2435 10
431 2445 8
1820 537 5
1418 445 4
1935 2437 8
2086 2370 1
952 1654 1
1007 436 6
845 1061 8
2725 58 8
2258 2054 4
2864 2603 5
2199 1272 4
464 2120 3
412 2591 1
463 278 7
2718 1560 10
1007 166 6
414 823 8
404 1363 6
432 1259 3
1685 359 2
1522 777 2
670 398 5
2520 1609 7
2643 1291 7
2315 231 8
1645 1212 1
2772 1779 7
1344 848 4
1805 1134 2
1033 1826 9
1410 2673 7
2828 2656 3
2913 1578 3
2921 692 10
869 865 9
2061 2281 7
865 2572 2
579 2249 6
1082 2482 6
1968 948 5
532 826 10
2261 2194 2
756 367 3
983 1939 8
1803 1393 1
2526 2436 4
2777 2407 1
1467 2704 8
1152 2063 4
2702 761 2
665 476 7
2250 59 5
1666 2572 7
577 773 8
2230 2245 10
319 1802 5
1789 107 5
1514 2304 9
149 1174 7
21 2196 4
2442 592 8
879 1675 4
982 150 7
505 1638 5
2465 519 8
1440 822 7
611 137 9
345 2514 7
238 2780 6
2954 1095 9
242 2177 9
687 666 2
643 2462 2
1641 873 4
238 202 8
1439 1718 7
1015 1997 1
2068 1562 6
1689 2148 2
2451 197 2
1677 135 7
1597 2276 5
1295 2703 8
1176 171 7
399 887 5
2264 739 1
1903 668 6
1414 1551 10
451 147 3
2467 1097 2
1976 1836 7
876 2487 10
2235 1424 9
2916 779 6
62 1753 7
2687 2851 4
425 282 8
1156 1399 4
809 2872 8
1811 2927 9
1175 972 7
434 1705 9
1750 577 4
1917 2122 3
279 1408 3
1708 2927 6
2993 2405 1
148 1423 1
669 629 9
909 1182 9
2799 1998 9
2302 2141 6
2705 2782 7
1720 1546 10
2379 1137 8
2789 2198 5
1111 1635 5
2131 2788 1
968 2809 3
2386 1022 1
1768 2306 4
2163 941 2
961 301 5
2307 1300 7
2093 2716 2
961 1494 1
2222 2620 5
266 2460 6
1496 1070 5
1967 831 10
2501 1617 7
440 2062 6
1121 2647 4
618 832 9
2905 1744 10
2574 2093 6
1050 547 2
2152 2641 5
125 1687 7
1558 2217 10
1727 1511 10
371 66 1
1336 1596 2
2218 2406 5
1796 631 3
1066 1232 5
2096 557 9
2656 437 1
2948 1369 7
430 672 9
1460 2644 3
2852 1888 2
445 1640 4
2988 2980 9
862 2523 5
329 1690 5
1745 317 10
1536 1027 1
603 215 6
221 2234 9
216 2428 7
1530 513 9
262 686 2
422 681 2
466 572 3
2558 1167 8
850 712 3
2585 1150 7
414 814 5
2814 348 7
2162 450 9
1729 993 10
477 1296 3
2225 264 9
1928 337 5
2376 2749 2
1288 1443 3
515 867 8
2114 2956 10
2262 1034 4
269 1963 1
2716 1954 7
1606 789 10
1196 1004 8
1920 896 2
2008 835 5
86 1415 4
1681 2770 1
722 2410 9
848 2690 8
1041 2666 1
1153 1463 7
418 1301 5
1155 260 4
2489 2067 5
228 2159 6
72 1809 7
1314 2545 2
106 1170 9
1259 50 7
1109 265 8
2149 2531 5
1146 2490 9
53 543 7
2226 2735 3
2829 824 3
2171 707 9
2791 136 9
1228 165 7
597 1623 5
866 300 3
2378 448 3
1017 224 2
2730 2607 4
596 2319 3
1129 2532 4
1931 2909 6
1376 1947 10
2451 1668 5
482 2569 5
1140 1693 4
2187 1950 5
46 1987 10
526 1506 5
1267 1736 9
602 975 2
1734 1421 2
2085 2792 2
911 1937 9
696 1312 8
1995 2133 9
559 1702 2
2527 2748 9
1800 2312 8
1538 1339 10
1389 2256 5
1401 2543 10
2724 2668 2
635 2575 8
588 947 7
1396 1470 5
125 1218 10
2858 821 5
891 714 2
2452 128 9
531 1728 2
2812 601 4
233 2451 8
2924 2035 9
1071 2181 5
2038 2214 8
2271 252 4
2438 299 7
1822 1974 5
2679 2357 3
1280 675 6
2002 1329 9
1866 1414 4
820 178 7
1665 1792 6
2334 2936 8
1343 1310 8
1884 942 1
2758 1824 1
232 942 2
795 1866 6
2515 2896 2
1930 2539 9
2284 604 2
1792 1262 6
915 2558 10
863 1469 4
2185 1828 5
945 2228 7
1158 60 10
2345 1067 1
1202 950 3
1326 503 4
2029 919 5
1127 373 6
1167 264 5
2463 428 3
2702 1909 4
2138 1466 4
438 1072 8
316 1040 9
2711 42 1
1390 2848 8
1948 2739 4
2524 561 3
1615 1473 10
701 1854 10
1570 2905 8
1208 2046 2
343 2233 8
2210 1522 5
169 2754 10
2795 625 3
2841 5 1
2509 2790 3
291 2799 9
2920 1555 3
398 222 3
2277 398 9
892 1554 3
2214 2269 10
1886 1900 8
1483 1758 3
2607 1694 3
1885 408 1
728 2781 3
1442 1817 2
2238 1225 2
1686 1576 6
623 2865 7
685 2961 2
2834 2905 2
1852 1162 4
1864 2235 10
2964 1517 10
573 354 9
1660 1352 6
2134 2389 10
2354 146 7
893 991 10
1599 545 10
2361 320 6
124 866 4
1165 2329 10
1301 1001 1
1632 2790 3
1749 2700 9
18 2762 5
257 2077 8
1223 2653 4
631 1557 2
1035 1574 8
838 248 4
190 923 7
1171 966 6
2004 1338 8
711 2765 10
1164 1576 2
2976 134 3
2945 1351 10
501 2080 3
2582 385 9
1402 2629 2
2979 1383 10
810 2251 2
2899 2026 4
2126 2511 3
2690 2243 7
1441 1909 6
2878 2964 1
2277 1572 9
2248 116 6
1672 1791 9
2784 1452 2
1701 153 9
2705 1762 2
2352 429 5
788 1100 3
1427 453 7
1596 504 1
438 1532 3
87 1843 7
2342 2122 3
2773 1605 4
45 2031 10
1746 1937 2
647 405 7
2348 1395 1
2195 2951 5
1520 243 9
2299 2137 6
1192 2983 9
203 2627 7
1817 2287 7
2209 1970 10
1915 2530 8
882 2287 5
1544 843 5
254 1427 9
868 985 8
2525 2360 7
860 863 2
2618 2590 7
2403 2034 9
136 2388 2
1431 2200 10
2984 1308 10
1448 1135 9
2962 1485 1
601 877 4
1755 2505 3
1217 129 5
1994 927 3
654 471 7
2663 176 6
633 1461 5
1634 658 2
1887 566 5
1771 2204 8
177 2415 8
2785 459 5
194 2667 5
85 1143 3
1446 827 3
1767 2863 9
193 2423 1
1049 1688 1
2561 239 2
161 580 7
288 2422 1
2057 338 10
2190 2450 4
2639 364 9
1523 2805 5
1064 11 5
2041 310 9
1640 2139 8
1364 22 4
22 327 9
2427 1415 5
2156 953 9
743 1423 4
688 2039 9
1725 638 6
830 2686 8
815 2795 2
1089 2888 5
1062 837 7
2645 1041 3
2969 2910 3
1883 1588 6
775 2479 5
1251 2363 1
572 257 10
1181 1027 5
811 1211 7
982 2159 10
74 1157 8
2382 1970 4
871 1286 3
2932 453 4
184 1607 10
733 2289 8
1052 1607 8
2281 446 8
1740 1968 4
2413 1880 10
2774 624 5
918 1368 9
2718 64 3
1934 2008 8
937 935 6
1422 582 4
258 1625 3
2221 2743 6
2418 229 4
2473 395 7
2350 270 5
1370 1473 6
899 1676 9
2958 406 10
492 1722 1
2470 2454 6
1004 2625 9
1186 98 10
2567 2356 5
1378 2337 7
727 1087 9
2367 1493 4
2406 1737 8
640 2476 9
1103 1992 4
2818 8 4
438 2023 8
546 2033 4
2341 2181 3
760 648 9
521 2328 10
1835 271 9
1908 2003 3
1303 2088 7
2293 2825 8
842 2051 5
2796 1003 8
906 1226 2
2766 83 3
1032 855 5
1104 924 9
1659 684 6
2314 2977 7
1272 1552 2
1377 1524 6
110 2497 10
377 891 4
2953 2616 5
127 1234 7
1419 666 3
2205 1156 2
1177 676 9
1825 750 2
1322 2623 8
698 1185 7
598 1343 10
410 888 5
325 1510 1
2064 2567 5
2358 549 2
1133 442 8
996 2385 7
1516 1142 9
832 13 3
2472 1962 3
2909 71 9
992 1511 8
1484 2476 6
157 2562 5
2987 943 9
2240 138 6
1872 34 5
1653 2391 8
2058 1904 3
2387 2242 9
296 1624 3
38 2074 8
1006 1990 5
2449 2094 8
2426 767 2
2185 286 6
2092 1079 5
1152 2900 9
2835 1967 10
1472 1502 3
2942 890 5
884 2432 2
2754 2234 8
2346 2746 1
983 2072 4
345 2955 7
1122 56 3
874 2729 3
1133 1541 9
2468 1585 7
2297 66 8
1602 2167 3
2427 2250 6
2526 1451 8
2491 1970 8
1361 2655 1
2990 1641 3
858 844 5
725 1889 2
1696 2183 10
750 2512 7
2893 581 8
823 2548 2
45 2597 4
2565 795 7
570 1420 5
2020 2201 9
970 720 6
565 2654 6
2165 2304 3
1397 1438 7
653 469 3
318 2529 7
2926 509 2
1298 2547 1
2577 2102 5
2425 30 4
820 2447 2
900 1682 3
2317 2380 4
2596 878 8
756 2473 1
2163 1899 4
392 636 7
2207 770 7
791 678 7
1501 994 7
211 2151 9
2068 1521 9
1058 683 2
2747 702 3
995 2311 9
2495 89 6
2376 2065 3
2353 1012 9
2698 528 8
1068 1060 8
14 2192 6
751 575 4
1486 2029 9
224 1311 6
2756 1856 8
2583 2022 4
397 2697 1
1551 1600 9
315 1749 1
2764 1070 3
1059 2651 8
1983 861 7
2582 1086 9
2015 495 5
2161 432 1
1067 851 6
856 1688 6
1304 1468 1
293 940 2
1070 3 7
945 2508 5
1230 1764 4
900 1673 5
407 561 5
2837 1021 10
390 1153 4
207 198 10
1332 2175 10
65 1631 9
43 2937 5
2602 2918 6
932 2338 5
2891 1 5
9 171 1
614 954 2
2928 435 10
2227 2967 2
1562 1611 3
223 2917 2
747 2377 4
244 528 5
284 403 2
1255 2512 2
2929 2324 2
1493 766 10
1025 210 6
1433 498 3
1829 198 4
2788 363 7
2719 2816 8
1444 80 8
1127 2448 6
2347 1875 3
2635 1195 7
84 1187 2
1478 1895 6
1799 979 8
947 2626 3
793 1328 5
948 964 1
2807 2846 10
1466 1576 2
2541 987 8
2482 1358 6
2335 32 6
2000 393 2
2930 2752 7
668 518 2
1094 96 8
578 2680 10
14 1753 6
431 109 8
679 769 9
226 1036 4
2739 2655 10
2666 2357 6
352 577 2
2608 1621 6
306 78 8
914 2095 7
1989 2871 8
2412 609 9
2466 1951 7
2360 2142 4
333 511 5
586 2988 8
166 2036 3
1949 205 4
872 618 3
1292 634 10
1080 620 7
2974 845 10
573 1685 7
950 201 10
2922 774 2
1717 2319 9
2121 2145 3
875 743 9
2459 1295 4
512 1188 6
475 1679 5
2996 988 2
101 1644 7
1344 1893 2
1941 183 9
360 1507 6
2444 417 3
945 1161 7
2694 56 1
1372 1120 1
1353 2275 6
94 232 3
318 1031 9
2546 2945 6
508 2075 1
1262 1129 8
1961 836 7
1508 361 1
2925 2399 1
921 1247 1
2262 2695 9
1995 1192 10
15 481 2
772 2441 3
2215 1841 2
925 678 9
1972 2148 2
2196 2051 2
1470 2534 10
1180 2305 5
1428 285 1
2755 2975 10
444 1236 8
132 1365 2
576 939 5
355 1086 2
549 1594 7
1403 769 8
651 417 8
709 2587 6
1765 293 1
525 1905 4
1573 1291 4
272 19 1
1436 2411 8
939 1810 7
1452 2120 1
2671 526 3
981 1639 1
1265 799 8
1644 2544 10
2244 1973 3
2847 1861 5
2860 1726 5
1724 156 4
1732 461 7
1482 64 5
594 455 5
1390 2731 5
2085 1088 3
436 2280 9
263 350 2
1259 1169 6
1959 757 10
917 1896 5
2660 1435 8
1707 2167 10
443 1372 8
1374 827 1
816 1996 10
2063 1530 9
2469 2167 8
235 2330 3
2731 404 7
946 609 9
803 2333 5
146 1045 5
154 1312 1
1784 2524 8
145 1035 2
555 2760 6
2530 2408 1
906 2535 9
2560 2270 1
1068 1459 3
958 1380 10
1503 2618 8
2310 639 3
1520 1059 6
2552 64 1
2743 647 10
945 1475 2
971 1200 7
2584 1651 1
1806 2733 1
1525 105 9
583 2223 7
951 312 7
907 2501 5
2423 688 10
1210 918 3
2130 1512 2
2170 1077 8
2137 2240 8
1240 865 9
1481 697 10
2269 1407 4
2471 1281 3
1526 1616 6
593 2304 5
40 1115 4
1222 771 1
273 2321 2
1425 490 4
2466 597 10
524 1446 2
1734 1595 3
1174 1998 4
111 1796 5
887 2458 7
617 1238 10
2785 730 6
954 72 7
2822 1806 3
969 1231 3
2303 1868 4
2506 1858 9
2863 2084 6
1748 2518 8
1698 734 5
1518 2709 8
2164 1819 3
39 1766 6
932 2742 7
2677 2035 9
2356 1760 3
170 1640 7
283 1053 5
565 2840 9
1805 1404 2
1766 1543 3
2955 2157 7
457 2086 7
922 624 10
23 1601 10
2040 1438 3
2260 63 9
2004 1734 8
2809 136 6
192 1349 1
2582 445 6
1710 2705 2
2652 1201 3
1285 1857 5
2208 364 8
2663 1953 10
2061 2322 10
1047 1872 7
2689 1733 4
2688 1482 4
69 1362 1
1683 1108 5
2776 2554 5
1126 1966 2
627 266 2
2704 1193 8
382 1507 9
67 2974 10
2779 1656 6
963 1502 6
967 2272 10
302 874 3
2590 47 1
2374 2687 5
2089 2121 4
1426 2504 10
2483 1813 2
524 2539 5
805 1130 8
339 265 10
2648 1260 1
1013 730 2
447 211 10
560 1250 5
983 703 10
2845 965 2
1736 386 7
2717 1016 4
2737 2677 1
2045 2823 4
175 292 2
1048 2485 3
2096 2469 2
340 841 2
1982 381 7
223 1013 5
1178 2401 9
1406 1548 1
2339 2366 7
2340 1419 10
1911 526 9
1517 866 2
462 713 8
2689 1392 8
1033 2807 9
1131 2466 6
2431 697 5
1871 1231 3
1593 493 9
2487 306 9
2579 1253 8
2759 1839 7
24 73 7
347 701 4
1267 2266 4
1869 2395 8
2560 729 9
2398 1139 10
689 945 3
857 2112 7
1575 2856 2
2217 1409 2
2833 1556 1
808 2322 1
2707 1165 7
636 2320 1
2254 2219 1
2913 2344 8
2578 2205 3
2888 1875 1
973 205 5
1359 2862 6
934 1337 4
2318 1119 8
748 62 2
785 2915 3
2326 1718 6
1485 2130 2
229 2005 2
2113 1932 8
425 2839 8
2513 2598 5
2662 255 7
26 534 4
802 1113 7
1026 511 10
1315 1154 1
2546 1148 5
1348 61 6
1635 2866 2
1981 24 8
1635 2663 1
1003 1020 9
1773 1624 4
1894 2517 1
514 1010 4
2147 2353 1
1657 1446 5
1515 308 4
1657 2202 7
2107 615 5
2923 1852 5
1023 937 6
978 2636 10
1491 1471 6
1066 519 7
360 1235 4
43 2474 7
1993 1474 5
889 1425 9
34 1227 4
1293 600 2
1134 2768 3
1398 1797 5
1703 2949 1
53 1788 2
790 2169 6
1526 281 4
1842 260 7
1635 2746 4
2959 66 5
2119 2191 9
2047 2387 7
1431 2970 7
151 889 9
997 1429 6
787 2154 3
637 2851 4
2611 253 8
709 1499 1
1 1500 5
551 696 1
2542 698 3
312 1525 8
1800 826 7
1980 1938 10
2787 1250 10
84 1682 7
1821 755 5
607 577 8
646 2524 7
2712 2424 9
92 2461 6
123 878 2
2971 2224 9
241 901 4
1690 2511 10
279 2012 7
2083 2365 1
1791 2790 2
2810 2682 2
509 2457 4
2589 1299 7
2060 2727 3
7 2624 6
1751 2415 2
1556 2869 8
126 1252 6
2144 2675 3
1838 2426 1
957 1462 10
1829 2588 1
1777 1528 10
1716 267 6
2678 2670 5
718 1807 4
1693 1731 6
1170 732 3
2452 1263 4
2935 1266 3
251 2549 10
784 1697 3
2348 2706 6
786 2885 8
2581 553 6
1662 2274 4
1432 955 6
2537 1218 4
2353 1173 2
2296 1633 9
1337 2726 8
563 1684 3
858 1649 7
1460 2190 3
1432 326 10
1420 1204 7
1849 1014 4
1024 2375 9
1473 1638 4
767 218 6
615 2232 1
746 2954 5
1585 180 4
628 1252 2
2659 940 5
2915 682 1
1426 1110 9
1445 2362 8
129 2917 4
1705 2467 10
989 1316 5
2771 1561 3
1923 2521 9
2355 126 5
1837 2376 5
1702 1259 6
2480 2928 3
1896 2285 5
1028 2879 5
1191 2081 4
647 1355 8
673 1094 5
335 1099 3
2901 2070 1
333 1375 2
2570 936 2
2419 2317 4
2286 1907 7
2580 856 1
1898 416 5
1419 846 2
1316 336 2
2527 384 6
971 2631 2
2722 2601 9
2290 1935 10
258 1166 6
1292 2966 9
2951 220 6
411 2502 3
1890 163 10
155 12 4
2339 474 10
2047 48 10
2691 16 1
587 309 5
445 1360 3
2210 1408 7
836 314 1
179 2636 4
441 813 7
1380 361 4
1834 2959 4
77 1844 1
1515 2906 1
2701 1579 2
2025 1621 8
2702 1333 6
8 2553 2
718 1953 7
1463 657 4
89 2247 9
1867 51 7
736 2284 8
2040 616 1
1006 1532 6
2977 2441 10
2143 2913 10
1368 1290 10
37 2987 4
1394 1974 10
1976 1448 6
2549 2945 10
2566 752 5
1936 1359 4
1917 55 3
2170 2171 1
1658 1097 2
1669 2493 9
1038 859 10
878 2155 1
1323 1615 2
508 1041 7
54 2943 3
1261 1342 3
1648 2407 8
2223 2433 3
1308 867 8
2624 797 7
2265 2245 8
2292 396 8
540 2411 10
1489 2324 1
2646 656 1
1723 2865 1
959 478 6
2996 2099 3
1998 928 1
2859 1147 4
1715 1851 4
1053 375 9
2125 273 10
2719 2015 3
1690 2333 4
2394 2620 3
297 1819 4
890 533 10
1016 2389 2
989 2780 9
1108 2476 7
1075 1524 3
2121 2131 5
2564 1955 10
1062 2235 2
2397 135 1
484 473 3
819 389 4
1401 2054 8
736 2371 5
1146 1447 7
31 2865 2
660 642 9
1497 501 6
2404 2420 4
1083 2037 2
721 1860 1
1273 2460 10
731 1971 9
1686 1386 7
816 1603 3
1656 2752 10
2775 2813 1
1453 784 5
1361 81 4
781 1964 5
384 2220 1
344 897 2
591 1376 4
1927 1867 10
921 1592 2
2795 1585 1
473 2919 1
2499 440 1
1828 991 3
820 1839 7
1994 2334 10
2798 1661 8
1616 740 8
1185 2703 2
2005 2348 8
2787 1092 1
1119 2098 6
2231 74 10
1402 1570 2
1379 2110 4
1780 2818 5
1131 1173 8
1415 1802 6
116 655 4
923 1493 7
2364 1233 9
2595 975 3
2119 1140 10
1788 914 5
1573 2383 4
723 1944 7
2414 1891 10
2630 2855 1
482 1233 9
1279 1505 1
1688 2046 2
2691 2619 10
2045 236 10
2762 280 4
2858 387 10
2798 1557 2
913 2316 6
1531 1752 2
1657 2386 4
324 1980 5
1109 2495 7
977 465 3
2849 1271 10
1620 880 8
2420 544 3
2779 224 6
2509 2143 2
900 2998 5
754 187 8
2067 765 6
918 1390 6
824 2381 2
652 2886 9
635 973 8
891 744 10
130 95 6
137 2064 2
966 79 3
647 1598 7
25 2479 5
526 1590 3
1775 1056 5
2757 353 9
2678 1653 9
1792 535 2
590 1681 8
187 2561 5
1385 1670 5
1511 573 7
2796 1945 5
1999 998 6
1899 1739 5
1738 1062 2
1537 1646 8
602 574 6
2618 483 2
2470 2712 1
1904 1313 8
389 108 8
615 2247 7
1357 134 7
565 2735 9
2949 2736 4
98 2628 3
1053 489 2
2699 2285 3
627 2478 10
1189 1449 10
806 1642 9
599 2839 2
2117 1069 5
1200 2627 6
2970 1417 1
478 2 8
1722 2373 8
1978 481 8
2337 2011 5
2377 1832 2
1274 806 6
1141 2774 4
650 2241 7
641 581 9
2670 2853 1
1331 2723 9
208 2028 3
314 782 2
2166 1104 2
818 2289 10
1606 1545 8
789 1774 9
2686 2414 9
1411 2559 8
2457 1381 4
1898 2613 5
1487 996 7
2078 804 6
2447 473 5
1331 1306 5
2773 2714 6
1170 129 5
2055 2120 9
2708 2599 2
2880 621 8
525 2970 10
1823 396 8
2721 2057 3
131 2778 6
587 372 10
773 547 5
103 2895 10
294 1280 1
1190 198 3
2870 1349 10
2398 2957 6
686 406 5
2939 295 1
920 259 5
663 2827 5
213 293 1
2944 638 8
2600 461 6
1478 884 3
100 1591 9
2874 2952 2
1619 2925 2
2464 2684 10
350 993 10
2010 292 2
38 931 9
1710 1711 8
945 1454 3
1379 2758 1
1766 493 2
2615 1267 10
2591 2889 8
192 409 3
596 2720 9
2134 542 8
2836 2027 5
897 736 3
1175 756 2
387 2691 3
2269 462 2
661 2933 9
2100 2730 4
2464 410 9
983 2380 2
1136 2745 8
2493 585 3
81 461 10
630 1412 5
2010 1922 2
204 1014 8
691 657 5
2360 739 7
1216 439 2
1854 465 4
164 507 4
542 1610 3
249 1554 10
751 2882 1
726 552 10
1489 2980 5
838 1259 8
907 1604 7
9 685 5
160 2581 2
495 2364 9
1115 1105 7
1283 1618 6
2152 99 9
1656 29 9
1863 2770 2
2950 2407 8
719 2992 1
289 909 9
2127 2573 10
2645 1051 3
2338 10 10
891 1863 4
1805 2632 4
2327 1709 4
2886 1036 9
2298 121 4
1923 2676 1
498 2926 9
2216 203 8
711 334 3
2411 1122 8
1267 659 1
85 2372 5
2895 930 6
860 2857 2
2622 199 3
478 1005 6
2521 200 1
2213 2250 1
319 878 4
1645 1741 7
526 1319 7
2717 562 6
2186 1713 2
1261 1588 6
1500 780 7
1709 2982 4
2902 1816 2
542 2956 7
703 1306 3
760 2392 2
2662 2183 8
1307 131 6
200 1519 1
2162 76 5
845 2009 2
2053 102 2
657 1771 2
707 1391 8
1211 1101 7
2343 21 1
255 1384 5
19 1638 1
2772 934 5
2668 2033 9
2755 1903 6
1304 2314 7
2830 1492 8
1965 2645 3
881 2082 10
417 2196 2
2072 1997 5
707 1335 2
1847 786 7
391 838 4
62 1094 7
1481 1808 9
2589 2207 1
2967 1054 10
767 685 3
2752 537 7
2229 1317 2
688 31 9
308 1218 4
423 2301 8
1833 687 4
176 2541 10
330 1933 5
799 2919 10
633 2044 9
1307 749 9
763 759 7
1647 274 8
550 641 4
1313 458 7
2653 1071 7
446 2672 8
1346 900 8
2937 1055 8
1914 1712 10
2127 2105 8
1300 1231 6
366 1629 8
1692 839 2
2683 2186 7
1978 1770 7
1525 2194 3
2223 1622 8
2754 2786 2
286 2362 5
1033 433 10
2363 1341 8
1583 554 10
1704 1719 2
1695 1494 5
1801 2471 1
313 853 7
108 805 5
441 1827 7
2331 1975 1
1671 809 3
1476 2279 3
392 1066 8
2579 2903 9
1654 895 7
548 1575 2
402 2431 10
12 1830 10
2577 2183 7
1914 1367 1
156 2656 6
1501 2461 9
792 1287 2
346 992 4
534 1243 1
2123 2336 9
362 2384 5
1312 2591 4
667 1126 8
1812 2629 3
470 2381 9
618 195 4
1120 2503 3
996 1629 7
846 1743 8
1105 2731 9
1553 2425 10
1520 1276 3
376 400 4
1055 1458 10
2713 1354 9
2568 1784 5
1536 855 10
851 298 5
2218 461 5
181 1486 2
465 2606 6
568 2794 6
2818 1634 3
1324 1856 9
605 1175 1
273 1949 3
608 2695 4
1143 2029 7
1667 115 5
2664 2189 4
2900 1720 8
2538 2660 7
2825 544 1
1278 772 2
182 239 9
2763 368 8
1198 1333 7
888 816 6
2379 1613 2
735 2254 6
1244 2350 4
450 1021 6
2883 1440 1
2724 2086 3
1104 1667 6
2365 742 9
2157 783 7
1701 1227 3
1589 2748 4
425 350 4
1721 2211 8
2659 1476 3
2158 930 10
1148 2253 9
98 1909 2
1646 1608 7
1516 1928 9
374 1580 7
1501 1550 7
54 1984 3
54 1214 6
890 341 7
2744 671 3
1199 2115 8
2757 2832 6
2861 768 8
2267 926 7
2742 1979 2
114 1855 6
774 1935 7
2143 413 4
1293 424 8
2641 2564 1
2456 2667 1
2431 753 4
206 877 6
177 1423 7
2209 538 3
1869 456 10
2914 1128 1
2602 1638 4
1509 886 4
2543 528 7
2927 768 6
1268 1542 2
1205 2402 6
1703 2910 2
283 2351 8
1073 532 6
2833 2127 3
1620 1340 5
1744 2527 5
2460 1814 1
1452 0 5
2988 1769 2
1491 1440 1
643 2616 4
1566 2908 1
259 2275 2
69 1079 7
1188 2439 7
2224 1716 7
2009 1172 8
1950 552 6
1203 1226 10
1863 1220 5
2521 1569 10
977 2935 5
359 2801 10
113 1223 3
409 1587 10
2332 1942 6
576 529 1
2450 999 7
1193 2325 3
1409 162 8
124 2858 8
784 2429 1
1430 1933 9
1689 1144 6
2710 2172 9
1845 1245 3
1096 1159 5
2031 494 3
159 2451 1
297 2431 4
1119 807 2
2097 1337 5
1634 208 9
750 1344 10
1178 1270 2
699 1023 3
913 2523 9
303 1284 10
246 956 6
1742 2842 8
234 452 8
2976 1481 7
2298 916 7
1749 2766 3
2180 1372 3
1655 2486 2
2685 1302 7
2440 2985 8
728 1732 4
41 881 5
2432 2015 2
220 1899 1
2804 1608 2
1455 487 6
966 22 5
463 2079 4
1771 1721 2
1562 2268 2
2178 1570 8
1765 588 7
262 2140 10
2708 2349 4
2052 822 6
1334 1627 10
1436 1561 10
1527 2808 2
1621 2159 9
1039 1170 9
1586 342 10
2665 2756 6
2789 237 4
1920 1394 10
42 2193 4
2809 2637 4
1004 1470 9
2871 1958 9
2311 2715 9
1197 269 2
2753 1559 8
2880 217 5
396 2718 8
2401 767 6
1964 742 1
809 1465 2
708 221 6
836 1621 8
2699 517 3
2123 910 6
2144 278 9
1346 1995 8
2255 2453 3
206 902 10
106 1065 1
2510 1413 1
2775 1263 5
1061 1431 4
598 1903 5
572 103 2
1407 1873 4
1926 1849 7
1526 576 4
1404 2275 3
1224 531 7
44 258 3
1241 2040 3
2692 1540 4
212 2704 9
2685 1463 2
2087 1045 8
140 1877 4
112 1372 4
2598 1755 1
645 1462 3
1952 1063 6
2498 1388 4
2962 1132 3
52 1529 8
2098 1851 7
1792 856 9
120 905 8
1181 2960 1
415 2260 4
2597 1237 10
2033 1775 1
368 1830 1
2308 2078 9
1163 2522 9
1834 1698 1
1409 2498 7
1185 2265 6
1756 2999 3
500 450 3
1087 2112 3
2003 720 3
1161 1189 6
1049 833 10
2467 2019 9
2867 1511 8
1730 0 6
2421 2792 3
1772 471 3
244 20 10
1214 835 4
1182 1785 5
2853 2844 7
1229 516 1
1369 534 3
1402 1388 2
2972 970 7
2884 962 5
140 2438 5
2359 1182 3
2049 225 9
2771 829 10
2928 1831 6
2586 1084 4
2054 2084 6
2541 2063 1
2112 1703 8
944 834 5
1058 224 9
1850 868 10
830 2189 9
2019 1919 4
1731 1207 5
515 1479 9
2010 2367 3
1488 381 9
2483 2712 10
788 2043 3
2255 2830 3
1425 1880 3
388 1231 3
1433 544 7
485 1574 6
358 587 2
768 1849 5
142 2366 7
366 369 6
1029 1407 4
2977 173 2
2448 1993 1
1128 1902 9
368 1799 8
2166 2816 3
311 2197 1
1595 2318 7
2507 665 3
2233 1874 10
52 2722 4
1975 743 7
1870 630 8
2111 1376 5
1605 506 6
1888 2684 3
1759 1725 2
1091 1550 3
2433 497 4
285 189 6
373 1004 1
773 995 7
2728 2510 2
1411 1565 10
2686 1782 4
1774 2660 4
2631 2881 4
1379 2289 9
1942 2806 7
1035 402 2
2179 2913 9
660 903 9
842 353 2
2292 739 8
331 665 10
223 2862 6
2826 478 3
880 346 2
1074 2020 1
258 1678 6
1954 262 2
1848 2132 1
1215 32 10
914 1924 5
1227 2600 9
990 1754 4
1650 594 10
1695 1297 10
75 2630 9
2651 437 6
502 286 10
2259 3 2
2363 2477 1
168 2003 10
2555 2062 7
2329 706 3
144 1361 7
1962 644 6
11 1829 4
2056 1539 10
2737 312 8
528 2024 9
825 23 10
2570 970 3
1160 90 3
892 2123 7
2583 1279 9
1264 2554 4
1884 901 2
1327 1979 10
1355 2139 6
167 1046 2
2617 2392 9
1959 1349 6
2831 2374 8
2246 1037 7
2931 569 9
2177 475 1
2103 160 9
2622 1626 4
2649 2793 7
807 2914 6
2725 785 7
2394 2500 3
1891 1808 4
1571 2997 8
2110 2092 7
43 1199 6
2806 817 2
2812 2180 7
400 1274 4
1957 1483 7
2486 2004 3
2073 260 8
2535 2978 6
604 349 9
2609 632 8
236 2013 1
2896 1145 7
2614 1226 10
324 660 9
2402 568 5
2257 337 7
344 2907 1
1384 2890 2
938 2381 3
1118 1392 10
269 245 3
998 1540 10
1707 1608 4
2590 84 6
160 2169 7
1624 225 9
1657 516 9
2797 799 9
378 83 7
2089 969 3
1239 789 1
275 2364 4
257 2574 10
912 1680 3
881 1219 3
1753 2953 6
2928 954 2
2220 185 9
700 2153 10
1323 2246 5
159 2409 2
2253 82 3
2851 2946 2
1861 1298 2
2654 510 4
2936 1441 7
2230 2713 1
2148 2436 3
2640 1486 5
1709 2207 4
2439 1240 1
2228 1892 10
1857 1721 5
894 22 1
2199 80 10
1893 1474 9
330 1460 2
1761 460 9
798 2032 4
824 2682 10
1536 762 5
1117 1845 8
1161 1400 4
2657 1781 4
2556 2909 3
1206 2378 3
703 1250 2
2181 303 3
1531 1964 6
2005 2497 4
139 1677 8
2083 2242 5
58 2559 2
242 1892 4
2273 2634 10
1221 1609 6
2872 637 2
677 91 10
2989 684 3
500 1341 9
735 1418 7
1348 1198 4
946 111 5
2903 2116 5
1237 1490 4
209 1477 9
775 1341 9
1076 2234 8
1410 98 4
63 193 4
920 511 2
2435 2069 2
930 188 2
998 1343 4
575 1539 4
467 1168 6
2349 211 1
2646 2906 5
593 1770 9
1562 1692 9
411 130 7
1204 380 1
1680 2821 6
1046 74 10
2461 2367 1
1243 408 3
1555 2352 5
1987 2734 9
1607 1779 3
1453 569 2
2868 2117 7
794 1719 1
568 2142 9
861 2938 10
555 990 6
13 1774 5
2370 1357 5
2710 2780 10
183 249 7
2272 722 7
1126 2672 1
2021 36 1
600 727 2
337 2035 5
523 2740 9
1380 2646 4
2678 1935 6
528 357 7
2965 1043 2
2299 2814 1
905 2156 2
1179 1691 3
1911 797 5
1566 2736 8
630 471 3
2110 1921 10
1488 2581 6
2864 261 3
1985 118 1
1533 474 5
426 2908 6
2225 501 8
1057 1729 5
1236 1649 7
922 523 10
166 409 10
453 2301 3
2141 727 8
1865 2273 5
281 1606 10
1165 1285 7
2038 1597 7
1163 989 5
1052 1318 3
1382 1557 3
2659 608 2
917 264 5
2339 937 6
2013 1315 7
2732 2073 4
1580 2951 2
2593 2977 7
12 2474 9
1411 1006 9
2779 847 10
2507 1096 2
1179 2134 1
1602 1865 7
197 2919 4
1195 1274 8
2160 417 9
2849 1455 1
1423 2056 10
554 286 2
1738 1136 9
1112 1674 1
2413 1611 10
928 578 10
1331 2375 3
2128 2032 7
2709 40 5
715 971 9
1273 2582 8
2278 247 1
2382 1669 3
2833 2841 3
555 1693 1
1651 776 7
1038 1358 3
1216 2959 8
2965 1101 4
710 108 2
2011 2806 10
164 167 7
1990 743 5
135 1150 2
1768 663 9
2811 623 3
101 72 1
1517 474 4
2089 2417 1
2553 101 4
1786 989 9
106 1847 6
2978 2952 7
1108 75 9
588 2295 4
1661 787 5
1588 1023 7
2314 2754 5
1591 1078 7
1336 115 5
2492 1647 6
2327 864 1
2728 493 2
2373 287 7
2421 1095 5
2813 1124 7
959 2579 3
1499 172 7
2307 2902 7
1281 1426 1
2030 1456 1
2294 232 3
343 2021 4
122 888 6
132 477 8
10 923 9
421 562 6
2871 1275 3
862 1730 3
1613 345 2
1718 2113 2
1832 1279 5
1796 2613 8
2248 2940 8
1166 1444 5
455 33 8
632 387 6
407 2271 5
1771 140 4
728 2744 4
2074 1997 10
237 1099 6
1500 594 9
1279 2443 7
2492 1921 9
1945 677 4
1992 2752 6
2841 235 5
2406 672 5
953 1363 6
1853 1625 1
1121 2968 2
2283 2364 7
202 1421 10
2070 745 9
1575 1414 8
2525 610 6
2711 2391 1
2291 873 7
488 444 8
1676 750 9
1624 1477 8
1761 0 8
2090 746 4
2440 2044 7
2100 1404 3
2822 2172 4
9 625 10
2658 2030 5
1938 974 3
1746 422 4
2424 558 6
561 2430 1
1894 1698 6
506 382 9
1014 2995 10
1853 2828 5
772 213 6
417 1107 6
1399 662 6
2689 2956 3
137 612 4
2500 1443 5
239 1795 9
2122 798 10
522 2324 6
1909 1544 5
675 542 3
1696 2498 8
2103 945 9
1868 2830 10
245 1791 3
485 398 10
2471 2901 10
1658 2521 3
216 890 5
2227 198 8
2612 2631 10
2675 965 9
2968 1177 2
531 153 5
760 2020 3
2470 2842 1
307 1188 8
1767 1846 5
2861 1781 6
454 1542 2
422 2896 5
1277 2151 6
1263 1111 5
226 2239 4
1161 2989 9
2144 818 10
1329 2859 1
2488 2081 10
2354 1613 4
1925 1227 9
1561 2963 8
57 1248 1
861 2653 6
2939 406 8
536 1147 2
1761 2416 5
1541 2165 3
1557 1865 6
141 444 7
1563 1235 6
1298 2924 1
1109 680 6
2878 2182 4
625 28 2
1717 1811 2
2686 721 7
2119 1268 10
859 1551 5
2577 387 8
1101 1997 7
1498 2856 9
1066 681 3
1800 2109 10
1234 1226 10
1512 1847 10
2450 2311 6
1009 1889 4
1856 256 5
2306 872 4
2573 2269 3
962 1794 3
1243 982 7
2196 418 10
1036 32 7
461 296 5
1456 2284 10
507 1219 7
1451 2740 4
650 1102 5
1598 1220 3
1987 458 10
2322 846 1
578 1081 6
650 2188 9
1972 2587 7
473 1267 3
1609 1426 9
1330 2881 8
2956 1234 3
2751 1552 8
1246 2674 10
1452 1147 1
1232 492 2
1247 2557 2
2729 104 1
2550 1162 1
720 1862 1
2696 1727 7
2443 556 3
386 2533 10
70 1009 9
376 2489 6
2647 147 4
1850 1662 3
2157 2811 2
1126 1282 8
1345 2632 4
143 726 5
2421 440 6
433 628 4
30 49 1
1523 1301 5
32 748 6
2000 1725 10
2643 719 10
303 2227 5
2655 1855 4
637 2917 6
544 597 2
1486 762 9
2648 770 4
1640 1989 3
1919 2198 6
1363 2432 8
2466 964 1
227 700 7
1672 2016 6
2639 471 3
7 2912 3
1188 2306 8
1415 2601 9
2459 2347 3
2087 705 6
1631 1663 5
1887 616 8
1146 967 1
1758 899 5
151 2559 6
476 518 7
407 965 7
401 435 10
791 904 7
2547 1129 4
1102 1445 8
749 2677 10
1540 2595 3
484 2296 4
152 2777 5
215 1343 1
1987 231 3
1037 2039 9
1837 2809 5
2950 1942 5
2255 467 5
793 149 6
2993 439 6
1012 2008 9
2364 2368 8
1006 2857 8
1764 1467 9
160 2833 10
337 2499 6
1346 2831 3
2132 1314 2
1929 1418 7
1247 754 1
1499 545 2
2981 2872 9
878 61 3
520 1813 7
722 831 3
2027 1725 1
2269 2206 4
2231 1559 10
1640 964 2
1695 543 3
2903 2117 6
2249 2970 8
2172 2935 10
2589 1815 4
1396 2889 3
209 2433 7
342 150 10
952 688 8
2075 747 2
679 1780 4
43 2137 7
2674 780 10
757 66 6
