3000 251 10000
0 1866 10000
2999 861 10000
2998 406 10000
1865 565 10000
2997 129 10000
2995 2326 10000
2994 2105 10000
2993 359 10000
2992 1056 10000
2991 457 10000
2990 2651 10000
2989 2417 10000
2988 151 10000
2987 1541 10000
2986 2455 10000
2985 2863 10000
2214 2678 10000
2984 408 10000
2982 1802 10000
2981 221 10000
668 146 10000
2668 1242 10000
2793 659 10000
2980 1294 10000
1247 2706 10000
2976 333 10000
2974 210 10000
2973 1954 10000
2972 1431 10000
2971 1675 10000
2970 2142 10000
2969 766 10000
2968 2267 10000
2967 1270 10000
2966 2634 10000
2965 2941 10000
2964 1550 10000
917 2501 10000
2963 2804 10000
2961 1314 10000
2753 2744 10000
2960 2058 5
2958 1975 10000
2957 2445 10000
2956 2379 10000
934 1641 10000
2955 1027 10000
2953 2228 10000
110 829 10000
2952 2589 10000
2950 674 10000
2949 1653 10000
2948 6 10000
2947 982 10000
2946 2222 10000
2945 1529 10000
2944 1695 4
2943 1399 10000
2942 2972 7
1423 1001 10000
2941 854 2
2965 1249 1
2941 2925 1
462 1154 10000
1249 709 6
854 1057 5
2925 860 5
214 635 10000
2690 2743 10000
854 2305 9
1057 142 8
2941 556 5
2941 2586 1
920 2052 10000
854 561 6
2586 2192 9
854 1079 4
2305 2827 5
2305 1695 5
2941 1068 9
1068 488 2
2192 538 2
2827 2423 8
503 1270 6
2586 1342 7
2965 912 8
1342 1929 2
556 1665 3
2941 717 3
1368 1708 10000
2827 2508 1
556 1658 3
854 468 9
1249 1179 1
854 988 9
561 2875 10
508 527 10000
2925 2778 8
2463 449 10000
2586 2960 9
1665 1875 4
1350 1275 10000
2058 580 7
1068 1487 7
71 1736 10000
1079 412 10
2192 2575 10
2586 1942 1
1942 1817 8
2166 2792 10000
1249 1146 9
2192 1034 3
1942 7 2
2960 238 8
1861 2780 10000
1179 430 2
2817 956 10000
566 2832 10000
1068 1840 2
1342 1413 7
7 1022 10
2965 1445 2
2657 954 10000
1249 2530 2
468 1118 6
561 2813 4
556 180 2
2586 2239 6
717 2642 10
1817 2310 3
412 1467 10
1548 433 10000
2813 1799 10
1179 1283 8
2813 725 9
2586 2565 1
1665 1832 8
1022 2173 2
1342 140 8
1068 1673 6
416 738 10000
430 2904 3
854 1632 6
2965 1175 6
988 2625 7
1057 1826 9
717 896 10
1179 703 6
725 305 6
1022 1542 10
988 1771 2
2530 2116 7
2508 1335 7
2925 1910 6
1249 2487 9
988 2805 4
2575 1427 10
896 2357 3
703 1709 4
1426 1983 10000
703 1291 4
180 698 9
468 1238 6
1079 2739 9
2423 1484 4
640 216 10000
430 2711 1
1709 1722 1
1283 2163 3
1673 544 9
1175 529 4
488 1707 6
1840 1820 4
1079 57 3
1658 1620 2
2575 1502 10
854 2207 2
1632 756 5
2941 154 3
854 1381 10
2173 2063 9
2508 2515 7
2805 551 8
424 569 10000
1695 2301 2
1484 2877 4
468 1366 5
2310 881 1
2301 1734 2
284 2012 10000
1398 1350 5
1022 326 3
127 2848 10000
2239 1855 10
2904 898 4
1820 2694 9
2207 859 3
2301 971 2
2941 2639 2
1855 2603 2
1057 382 3
2063 2542 2
756 114 10
7 2361 10
1840 1678 9
2586 2692 9
946 2067 10000
1722 2619 9
1929 1218 1
154 754 7
1820 1684 8
2116 2828 10
1118 184 3
2586 1500 8
1342 2412 3
2778 1259 6
2662 969 8
1734 1957 8
1875 230 8
1342 1663 6
1467 2872 5
488 2347 7
896 2641 7
2813 1594 7
912 2777 10
140 872 6
2827 1946 10
2739 2213 4
305 1230 3
2508 248 4
1734 1131 2
2619 171 4
305 282 5
1855 567 6
2904 385 4
2960 941 6
1500 969 5
872 15 3
1500 1546 1
2542 997 5
1391 1742 10000
2692 2125 4
2642 985 2
1342 2100 3
969 9 5
1068 456 10
2703 2658 10000
840 1898 10000
382 1191 6
2711 970 9
2745 2252 10000
