3000 2998 1
968 1603 7207
2753 2248 2
652 1140 1
1705 1851 4
152 2086 5
1349 265 5
851 2387 4
1987 438 5
2234 2753 5
2468 2669 3
2202 734 5
2201 2705 5
126 271 1
2142 2017 4
1265 378 4
2108 160 4
618 2633 2
125 925 5
439 805 4
1427 2104 1
2464 2682 3
2918 825 5
822 1018 2
328 1984 2
706 2765 3
1717 1774 2
1130 2364 3
2163 2567 5
1956 1235 1
2680 1087 2
594 2449 5
366 1908 3
899 1845 2
1985 369 2
1384 307 1
1426 819 2
1826 2961 3
1522 2211 5
1727 2033 2
1986 1887 4
698 11 5
862 2968 2
2454 1033 2
1885 2553 5
2747 2843 5
904 2979 3
764 1365 2
2921 1327 1
240 2245 2
461 659 3
2040 535 3
315 1182 4
2797 1540 5
1780 1450 2
2177 1925 4
2450 343 2
1535 2860 1
2323 2306 4
1760 1507 3
1737 1505 1
253 1464 5
2499 258 3
1895 1303 5
1516 1542 2
2406 2327 4
358 1102 3
2752 1777 5
512 1438 5
134 164 3
2375 1642 3
1984 853 2
2913 1706 2
837 2807 1
2168 2910 4
1018 1894 1
114 2782 4
1962 2201 3
1588 1099 4
318 167 5
226 223 1
1675 104 1
2583 1428 3
780 1468 4
2930 788 5
1230 2259 1
2812 2625 4
317 850 4
235 595 5
1591 1129 2
1479 2922 1
1246 1490 4
302 945 2
2787 1837 5
2648 1772 3
2428 2513 4
27 570 3
1397 1330 2
1282 931 2
2790 1267 4
1870 2221 2
99 913 4
1752 2794 3
1434 279 4
1184 2969 5
1151 1264 4
2508 463 1
48 1623 3
1187 1304 5
2991 974 3
896 2771 1
262 846 3
1831 758 2
339 2048 4
467 281 4
2236 2866 1
2171 1358 2
1565 137 5
693 621 4
2738 1747 2
2399 56 1
1775 1922 4
1654 275 4
963 513 5
1988 1419 1
36 1314 1
1883 412 4
2500 939 2
2369 1275 4
1191 1188 2
1779 2579 4
382 1664 4
1390 728 2
2089 2444 5
2062 2550 2
277 767 1
2823 142 2
2384 1397 5
1765 2722 1
110 2596 3
2108 2700 5
1069 2851 5
1003 2952 3
2712 543 2
2474 1514 4
1630 921 3
1037 720 5
2195 190 4
1038 2799 4
1061 1582 2
1485 365 4
199 1261 1
631 1728 2
2059 2064 5
1686 441 1
1094 646 5
469 834 3
2960 1138 1
2423 2266 3
825 613 3
1335 2148 1
240 1430 1
2495 2471 1
242 118 1
590 2019 2
362 2302 1
2243 449 4
218 2300 5
1652 2945 1
1297 1187 2
603 1906 5
827 1422 3
2491 1248 1
2213 113 4
2779 117 3
2295 125 5
2857 2895 5
2890 513 4
2604 2242 1
2774 241 3
2803 276 5
1989 1480 4
1336 2883 3
969 536 3
818 2263 2
723 2377 2
428 1751 5
1448 585 2
132 248 4
2163 1656 1
2784 1557 1
1841 2156 1
1706 2155 3
2816 2605 2
1373 1679 1
774 541 1
2234 2738 3
902 172 3
1234 2623 3
2521 2963 5
923 187 2
2902 2688 3
40 1090 5
2361 2579 5
2773 2608 5
2815 390 4
434 2443 1
547 1973 2
1702 959 3
802 179 3
2336 103 5
2785 2075 1
2914 2420 5
111 207 3
2760 140 3
1975 2889 4
456 779 1
778 1112 4
2004 2174 5
2969 2181 1
1219 1179 1
154 131 4
1064 1983 5
217 671 4
643 2477 5
84 1363 3
1087 1780 3
1848 2045 3
485 2158 2
1078 840 1
704 977 2
2732 1440 2
1875 1421 5
933 2166 3
2030 568 4
184 2436 5
2186 2824 1
2880 2366 3
1054 1405 4
1519 1124 1
2853 1518 2
397 1048 5
267 1683 2
2792 1319 4
2460 275 1
2821 1945 1
1828 983 5
309 2292 4
1629 1382 1
959 2507 2
230 1148 2
1008 2233 4
2415 357 1
1773 2926 4
1676 2448 1
1473 2157 2
1989 1893 3
2186 137 5
2175 1961 2
830 1125 3
1765 2197 5
1408 1046 3
1853 1577 3
2205 325 2
1111 2138 2
1398 2858 5
1159 2646 1
2936 2794 3
2243 1962 1
392 219 3
1126 196 1
1066 2219 1
2344 2099 3
1275 1016 4
279 1810 5
718 514 4
1266 1212 3
2679 1277 4
2518 1738 5
2616 651 1
1079 985 3
1996 2303 4
589 595 4
1821 1013 1
2632 1547 3
1310 1950 2
1202 2307 4
47 2055 1
2943 1995 5
202 782 1
1782 1259 2
960 1499 4
2243 2270 2
2988 886 5
2933 353 5
942 2502 4
1630 656 3
2765 692 5
2994 2350 1
2192 1289 4
2746 2407 2
973 1343 4
2273 2176 2
1097 1093 2
2758 1704 2
1285 851 2
459 1568 1
520 950 1
131 286 2
702 2577 1
1318 831 5
2475 2352 3
2090 2410 3
2357 72 5
1909 1761 5
171 1928 2
1043 1186 3
247 2299 4
1298 1880 4
1577 623 2
2074 735 2
624 2280 3
64 1453 1
1763 1971 3
691 2754 2
829 1346 4
551 1626 5
565 2218 3
2301 1523 2
2159 111 5
2016 2085 3
1337 1560 5
1278 2719 1
2674 2544 4
2305 2580 1
2715 2281 5
1325 118 1
532 1353 4
458 2759 4
43 528 1
1621 2345 1
2020 422 2
234 2088 4
2193 1025 4
1223 166 3
1889 1123 3
2509 1892 5
1608 2504 4
97 1623 2
2923 403 3
299 839 1
1316 1713 2
2535 2831 2
2385 1994 2
1302 476 4
245 2965 4
255 1611 4
269 2909 2
2406 1157 1
814 479 5
1628 1556 4
2626 88 4
311 2620 4
1720 1508 1
2590 2978 1
737 35 4
2817 187 3
2876 2449 2
2519 45 4
2724 893 5
2552 1647 1
670 1646 3
462 2667 4
1847 1163 1
464 732 1
2405 1440 1
1666 1823 4
298 510 1
1428 2897 3
219 2231 2
446 583 1
2083 1688 2
921 1982 3
1091 2759 5
1730 376 1
1305 2574 4
1585 1411 2
1357 428 5
2928 2633 3
191 2710 5
2207 2872 2
2343 2599 5
331 905 3
2741 221 4
2490 831 4
793 1487 4
2550 264 3
1260 739 2
2842 2362 2
1701 1721 4
1589 1670 5
1502 2215 1
2671 2147 4
609 2889 5
2281 1959 2
730 336 5
965 2807 4
2410 1110 4
2329 696 2
1910 1731 5
852 1058 3
1903 482 4
1142 1185 5
836 407 1
1049 638 3
2403 587 5
633 1170 1
180 420 4
176 1639 1
236 2871 4
1574 59 1
2253 1616 2
1605 2027 3
841 1532 1
560 2734 2
1977 1497 1
1662 66 3
564 2489 3
316 1955 5
504 1800 3
2911 1053 2
1617 278 1
777 2434 4
57 2708 3
1995 46 5
273 2910 3
2300 1686 2
2063 2608 1
446 2086 1
497 1120 4
2111 1332 2
1818 2702 4
2284 1689 1
1070 1245 1
1037 1132 3
2080 2338 4
1660 2162 5
947 1901 3
2005 655 3
1939 536 4
139 2827 1
1116 218 1
1409 367 5
1239 1551 3
90 1920 2
2776 703 5
62 1749 5
2618 2844 1
379 2521 1
359 1735 2
2087 1357 1
772 65 4
2272 2588 4
1569 220 1
918 1894 5
1881 2917 2
1073 2175 1
1593 534 1
396 2981 3
1241 2360 1
1203 1702 5
1710 2106 1
1377 845 1
1946 2043 1
1080 1190 3
303 292 5
1259 1868 5
266 1624 3
1139 235 3
1491 1374 3
2896 452 3
290 1183 5
2247 2069 5
610 1081 1
2920 1292 1
740 2398 5
2791 1492 4
1292 1375 3
914 2353 1
2761 1205 3
2851 787 3
838 122 3
910 503 2
1793 1964 4
566 844 2
2746 685 5
1811 1340 4
1923 2800 2
1172 1116 2
2846 1921 2
2459 2031 1
2804 477 2
690 2556 1
2802 2257 2
2293 867 1
216 1412 4
11 287 3
2081 2844 5
523 32 5
2098 2427 5
2607 1536 1
324 2108 4
2148 1287 4
900 1333 5
1855 2435 3
2659 390 1
875 1951 2
2637 2908 5
675 1866 4
858 164 2
223 1041 1
2447 452 4
631 2690 2
1872 2452 4
563 1301 1
267 2813 4
49 354 5
142 548 1
2579 2014 2
552 2413 1
1698 1017 3
326 16 1
220 55 3
1181 1310 2
10 1135 1
1689 2845 4
2539 992 1
2749 2204 3
2402 1134 5
205 98 3
539 2940 4
2137 24 3
977 1369 5
251 601 4
818 281 3
1723 679 3
2537 1335 3
2354 24 4
2806 436 1
1822 1225 2
2638 1002 5
607 823 4
1805 1788 5
82 1930 5
762 330 5
237 2919 2
1792 984 4
533 280 4
2160 1086 3
2317 116 3
1596 1958 4
2426 1776 5
2130 978 2
432 757 1
2924 1770 3
910 1206 2
805 2627 1
2026 2570 5
909 310 4
840 1270 2
1998 151 2
751 1842 5
1093 8 4
1460 1594 5
2628 173 1
1059 889 3
2176 2326 2
2116 1789 1
1446 1945 3
2785 2514 4
1045 2645 1
2781 1882 3
2770 413 1
966 998 4
2214 2727 3
1687 563 5
2529 105 4
2517 1645 3
2955 302 3
773 1943 1
1448 695 5
745 81 1
2130 2511 5
989 2747 4
2250 298 3
2814 2997 1
1127 1211 3
1403 1808 2
1195 637 4
9 1668 2
2355 1596 4
1317 301 5
2538 677 5
1834 2255 5
1317 500 3
1845 2093 3
855 1545 5
122 1215 3
843 2678 1
1501 1186 2
2012 129 3
1722 2503 1
1856 2584 5
2434 1118 2
632 1072 1
1820 617 1
133 2484 2
1009 1581 1
553 1741 1
584 1251 1
2830 872 5
194 832 1
1571 1028 5
1667 1740 5
2561 798 1
2230 2838 1
100 1742 4
1065 625 4
859 511 3
1837 408 5
2365 2764 4
1031 1446 2
1864 1685 5
654 2274 2
2550 268 4
1136 2418 2
2474 254 1
157 2560 1
475 1823 3
724 2885 2
938 1030 2
2962 913 4
389 2696 5
335 1550 2
920 476 2
579 2549 1
2788 313 3
7 2013 3
6 1980 2
1559 2552 3
2519 2446 2
1694 1345 5
2815 894 5
914 1842 2
2617 681 1
186 581 4
769 1024 4
843 479 4
2558 1910 4
2687 2739 3
1002 1390 2
2509 1005 2
1819 2524 3
569 2951 1
1740 2022 3
2807 2199 1
1348 2104 1
371 2867 3
2001 482 2
83 176 2
1700 2614 1
1884 2446 1
2331 2103 2
711 996 2
940 1177 1
1128 1227 5
1424 1459 4
1160 666 5
519 1096 5
665 1635 2
2949 2311 2
550 1021 5
148 252 3
36 562 1
755 1421 1
2217 1380 2
1516 1934 1
2887 58 4
2893 582 3
977 254 2
2468 1927 2
2472 1313 5
645 1270 1
1117 962 5
175 2023 4
1616 1919 2
1392 51 1
455 1724 5
1322 455 3
2974 1900 4
1598 909 3
1365 632 2
1368 1420 3
2815 1197 3
263 2120 1
2240 660 5
1614 2130 3
2899 2447 1
1422 2646 4
453 443 5
2609 2607 3
1126 874 2
2984 2189 4
81 1579 4
2360 622 5
1136 1572 4
1618 705 3
1906 2287 1
2258 990 5
736 2013 4
133 357 1
1649 2259 1
2033 2505 3
1914 2003 1
2091 2948 1
341 1142 3
1516 80 1
680 2021 1
1726 206 1
1279 506 3
276 388 4
161 2635 3
2599 1567 3
429 2369 2
2471 289 4
814 2932 4
2032 599 3
183 1606 2
490 1290 1
2588 979 3
2878 1165 4
931 579 1
2597 2258 3
2621 185 2
1622 1807 1
892 1413 1
1796 2504 3
767 1619 1
922 2668 1
697 2009 2
868 2367 3
1736 1250 4
1061 181 3
2516 1694 4
895 2483 5
2714 943 2
2286 2081 3
1683 2136 5
1587 2786 2
2526 2479 4
400 1784 1
1315 2165 4
2097 396 5
1723 1553 2
1911 1364 1
776 2038 4
1781 1443 2
204 2297 2
129 33 3
2731 2478 2
1352 658 3
86 2892 5
674 2451 1
1361 2668 4
76 869 1
1396 1039 4
75 928 4
1633 811 3
1378 2736 5
1861 1101 3
946 769 1
2696 1907 4
2289 1970 3
2915 1773 1
1641 949 5
1401 174 4
1077 1417 4
1917 1509 3
1090 359 4
642 308 2
2752 1955 1
1580 1748 1
62 950 1
2067 1491 3
1272 105 2
672 452 2
1148 473 2
956 1718 4
1852 1109 4
657 534 5
575 2531 1
2523 2914 3
2493 1218 3
1396 1681 3
627 2227 2
2486 826 4
544 1555 5
717 1785 3
1698 2084 1
712 1236 4
701 2689 1
981 2944 5
2205 892 5
2120 1082 4
759 1454 2
1451 881 5
2638 970 3
2200 413 2
1804 2909 4
13 542 5
553 2124 1
753 2826 1
157 2431 4
2002 1156 1
196 957 5
1204 2126 4
2426 649 1
1781 461 4
2137 1504 1
2780 75 1
2009 2708 3
635 2532 4
411 854 4
2121 1188 1
1217 103 4
1061 2935 5
1289 2527 2
130 2003 1
1188 1499 5
1791 77 5
474 2762 1
1073 1857 5
611 2690 3
2733 785 3
83 344 1
650 1828 2
1371 776 1
914 2394 1
367 320 2
2984 1500 4
574 2071 1
627 1891 2
1226 897 5
204 1285 4
1993 2396 2
1029 681 3
1268 1529 3
109 1732 1
1466 2951 2
2276 1642 3
1546 1815 3
688 1499 2
2515 64 2
765 2071 2
1680 2458 3
2660 1874 1
1431 1179 4
1283 1949 3
2666 618 4
1238 2947 5
2541 1469 3
2983 1860 1
1415 956 2
904 482 1
2100 457 2
1030 264 3
1889 1007 2
1775 1556 2
2247 2084 2
316 2693 2
988 898 3
2178 213 3
1673 2274 3
2802 1762 5
1947 1255 4
869 2501 5
14 1088 1
2961 2999 2
2716 1801 5
1324 633 1
1637 2493 5
2786 1850 2
614 1372 5
2633 1690 2
2861 1910 1
106 2834 2
323 2582 1
2610 1832 2
1873 1396 2
741 225 4
2096 168 5
675 1051 4
1057 792 3
2344 2875 3
1338 2842 2
197 2009 3
296 2373 2
674 948 5
429 231 4
2751 2409 5
2324 2385 3
1679 2533 3
653 2806 3
416 2695 3
1215 2653 5
38 1129 3
944 903 3
527 889 2
2301 2982 5
616 394 5
625 2904 3
2251 1790 2
1904 1292 3
2187 1035 5
1395 2134 2
1221 144 5
1991 254 4
2341 1302 3
852 1331 4
973 1286 2
887 343 2
1312 1554 3
1295 1877 5
2726 2992 4
586 128 4
2759 2135 4
742 2128 1
2150 1848 1
2805 2229 1
516 1803 2
602 2720 3
1437 2760 5
2879 60 2
1591 1414 5
1473 1925 5
2101 2395 4
1229 1863 2
524 67 3
692 368 2
214 2879 5
2395 1401 2
2761 1352 5
756 2510 3
924 1307 5
1501 1122 5
564 2565 1
231 1576 2
1164 2002 1
2533 1772 3
401 758 2
2239 1585 3
1703 1860 3
2208 2579 2
1906 1710 2
1062 2790 2
163 1833 5
2330 673 2
381 1278 4
2356 878 1
2828 1592 1
1036 2575 2
1877 1085 2
2642 834 3
1844 2796 5
1334 2686 5
1627 2660 2
2322 1510 3
2477 1047 3
150 1176 5
2316 2704 5
1072 2337 1
2625 986 4
864 1457 2
2677 2603 4
2022 1177 4
2488 361 4
1865 1769 4
2438 2597 4
1670 901 4
699 1559 2
2466 2685 3
2955 216 5
2288 1233 4
2957 1073 2
1432 2244 2
526 474 1
1143 1575 1
249 1941 5
294 488 3
261 2527 4
2123 733 5
1283 1450 2
1958 557 5
120 2021 5
1190 1824 3
2722 1445 1
2165 1098 1
1539 1067 3
135 340 1
906 89 4
1222 878 4
1326 1048 5
19 2889 3
2614 2172 5
1291 2264 5
2774 2321 5
1438 170 1
1296 2079 5
208 1931 4
1631 1186 2
387 2194 4
2554 1270 3
573 424 5
2980 1492 3
570 964 5
2380 511 4
525 195 4
508 1294 3
96 1463 4
1928 1563 4
1757 121 4
2008 1913 4
1481 486 1
728 493 4
2582 1027 3
1942 603 3
1076 94 3
735 804 4
1697 2729 1
2094 2047 4
2684 1401 4
29 1714 4
2832 1388 1
2647 2948 5
486 2408 2
2972 492 2
203 2726 2
1225 976 5
2821 430 1
84 2865 4
684 2635 4
1428 2058 3
414 189 4
1250 1672 3
1356 845 1
1402 798 1
364 1982 5
2766 2950 3
1113 2199 5
2783 2319 5
1778 1424 3
1705 2265 4
2000 794 3
70 1526 5
1133 898 4
2924 1806 2
201 400 2
1944 1796 3
871 1544 1
2693 1644 2
1210 2595 3
734 607 2
1537 1484 5
2180 2448 4
2594 1744 2
2076 2445 1
2036 162 2
2295 296 3
352 158 4
349 1497 5
1938 529 5
31 1491 5
206 238 2
1228 516 4
941 2158 2
567 2877 3
1671 248 5
1642 2544 4
1526 85 5
1377 2986 1
2841 1877 2
2476 1011 5
2930 717 2
1925 2221 1
270 1069 5
1817 2545 1
22 785 5
2562 2210 1
1610 1304 5
1470 2192 1
2954 2832 5
255 1817 5
1971 1788 5
944 189 4
438 1543 3
2642 1329 5
6 553 5
1207 2153 5
499 2980 5
1629 2876 4
446 334 4
2788 2122 2
1507 1297 2
1625 916 5
384 2414 1
485 689 5
1455 30 5
433 743 2
1219 1729 2
1709 1407 5
2809 468 1
1147 2601 1
37 741 3
1791 1981 2
734 2490 4
747 1835 2
2429 1362 3
2254 282 5
1504 1280 2
146 775 3
1534 68 4
800 275 3
2064 1232 1
1902 559 1
2595 647 5
1011 1097 4
1744 1897 4
2574 2025 1
1271 390 1
1195 1129 1
2477 1161 4
2834 1583 1
313 147 4
79 1900 2
419 967 3
2781 1899 4
2775 542 5
2153 655 2
2328 2224 3
2697 340 2
829 2496 1
481 1985 2
2770 2728 2
2940 806 3
1200 2411 4
2768 2363 4
2185 126 4
425 1544 1
150 1483 5
407 426 4
2268 2223 2
2241 2539 3
1163 2641 1
1462 2476 1
1017 2834 4
2543 2625 3
1633 1144 5
354 713 3
2652 2685 5
772 205 3
593 2587 2
2190 2546 5
1553 1954 1
2890 1032 2
2290 1307 1
2885 95 5
12 258 1
2018 2581 4
1738 1742 3
875 711 1
2378 2663 3
2498 1249 3
2681 1320 1
1124 236 4
2773 487 2
1751 1104 3
604 1396 4
1854 1326 3
2314 405 5
2007 572 3
891 2456 5
578 2511 4
1887 102 1
2495 1368 2
1393 2874 5
1638 188 2
534 1200 1
798 1511 4
472 2643 4
1678 2783 3
2342 2491 1
1871 1827 2
1075 1540 2
2404 1256 1
395 1882 2
2699 2707 1
2293 51 5
1153 1074 5
1979 2953 4
1160 2840 4
1957 702 1
848 229 3
1194 1662 4
2946 2936 2
2571 2513 1
1211 2764 5
365 601 2
1764 682 2
1474 2657 2
1908 20 1
1313 2560 1
496 1066 4
2634 2819 2
87 1950 4
1813 1453 4
2506 226 1
2873 877 1
981 815 5
1870 472 4
925 2119 1
2156 2583 3
209 1061 4
2315 177 1
1561 16 2
1150 2866 2
849 883 5
750 1442 3
2512 2232 3
2615 856 4
1466 2300 4
708 521 1
2264 1202 3
454 489 1
1956 577 5
464 772 1
54 2432 4
789 1999 2
2578 1661 1
1814 1493 4
1973 2028 5
993 1793 2
1528 1020 2
1418 549 5
1877 1858 1
501 2217 5
47 1953 3
29 687 5
235 1305 2
1597 2057 2
1759 2774 3
2731 1732 1
2114 1474 5
79 2967 3
261 1471 4
559 2267 4
916 2301 4
2216 2547 4
2241 1374 2
1167 1385 1
1583 2762 5
155 1620 2
528 1680 3
2847 948 4
2406 2210 1
1473 2882 5
2705 1509 3
2847 2345 4
2170 2450 4
145 986 5
731 352 4
1351 1410 1
2771 898 4
1535 2027 1
518 2942 3
1901 684 3
2641 1405 3
2304 2389 4
541 1517 3
1192 2589 1
651 592 2
2307 955 4
2002 2340 2
2632 2881 5
1055 1599 3
2159 355 2
2654 2598 5
1868 1669 1
140 1930 1
1931 1020 4
2100 1921 5
1519 1452 5
1134 1713 1
2859 2593 1
1497 1634 3
2133 1267 5
1767 2414 4
641 1978 5
2575 91 2
1440 116 5
564 2687 1
283 1602 5
2665 2719 5
1274 2863 2
353 33 4
2036 2612 3
2066 1923 3
1433 1974 5
2072 551 3
1472 1180 3
552 899 5
1015 2021 2
1252 1121 1
2997 366 3
1131 1833 2
2432 699 2
356 2667 2
2748 491 1
2462 612 2
1004 1092 1
239 665 1
2367 876 5
1158 1823 4
128 1429 2
2275 965 1
846 1984 1
1650 2203 1
2611 1281 1
2874 2686 3
545 52 5
1837 2052 4
1520 2428 1
2379 2481 3
130 2113 1
1169 364 4
2222 1966 3
425 2949 4
1370 1988 4
178 1122 4
2276 2228 3
2827 1249 4
1720 2902 5
2197 230 5
578 2938 1
935 1820 4
1191 1303 3
1321 564 3
719 2623 2
1503 2551 3
1544 1106 5
2559 873 3
2888 251 3
185 492 3
2861 2685 1
1533 908 4
2892 1926 5
2276 568 3
1026 198 1
1130 1960 3
859 1263 3
2585 1522 3
625 2327 3
72 382 4
1141 1426 5
0 2109 5
861 2407 5
1400 2999 4
2742 188 3
1795 2374 4
2861 2823 3
937 864 5
1902 1244 2
2721 1291 2
600 190 2
2668 1114 3
602 2463 1
427 2831 2
876 1366 1
522 966 2
2090 440 3
2589 865 1
1632 2010 4
1123 1461 5
1746 2894 3
1268 1878 4
262 2475 3
321 1649 1
2277 2970 4
1892 1137 5
594 1578 3
2976 265 3
2545 1610 3
1797 1573 1
616 442 1
1813 1783 2
210 979 1
614 1306 4
1746 2736 5
1876 2985 1
1204 2117 1
2601 1643 1
784 1867 3
2937 1193 5
116 2129 2
1449 2694 1
783 360 1
2263 2631 2
2776 495 1
952 2034 5
1728 1648 4
107 1166 4
2037 502 3
1226 1542 3
806 967 1
1929 2793 5
2492 1371 4
1258 336 2
2603 2210 4
1768 2931 4
2486 798 1
223 646 2
21 2167 3
2698 774 3
1384 579 3
538 721 2
804 1342 2
1389 1 3
1687 2273 5
2796 46 5
1684 637 3
2103 1405 2
1609 2676 4
885 2537 3
2606 1693 3
2522 2563 1
2768 1034 3
1307 1435 2
70 350 1
591 1399 5
2006 912 5
681 1792 3
1861 1235 5
386 2440 1
867 1128 1
431 1470 2
953 2255 3
41 2371 5
69 2977 4
1020 825 5
2941 2912 3
2585 2458 5
1973 1926 3
2779 2682 1
2553 64 5
2128 2294 2
1132 2600 3
764 2750 2
1541 375 4
1910 464 1
2723 300 5
932 2164 3
2959 991 3
1140 1856 4
2160 494 5
1232 2090 4
23 2716 5
22 105 1
1134 839 3
2300 2704 3
257 734 5
2670 1022 2
2571 504 1
447 325 1
61 2183 2
1644 1916 4
2209 1734 3
2044 2585 2
1047 244 2
435 417 4
890 272 4
2572 1758 2
1460 1459 5
770 71 1
1861 1879 1
2848 278 1
2125 1125 3
1798 2039 3
2740 1092 5
1143 2822 4
531 1120 3
879 796 3
266 1224 1
127 1008 1
1339 410 3
2901 1119 1
598 829 1
329 2194 2
1969 2169 2
460 359 3
22 1256 4
2426 764 2
2837 387 2
136 2634 2
1677 2029 2
2969 2866 5
833 2903 4
1836 2469 5
861 2850 2
2706 2692 1
2388 121 4
2229 2669 2
993 288 1
2542 544 3
2158 1243 4
420 386 1
1615 2041 3
117 2094 5
2446 1915 4
998 1882 4
787 1999 3
1280 1122 3
1457 16 1
368 786 1
9 724 4
1544 2522 1
540 436 5
2804 332 5
2146 2729 5
1722 2048 4
1209 591 4
2599 2312 5
2349 621 5
1462 291 3
1423 572 4
1269 1251 5
373 1818 3
2507 2442 3
2306 361 1
1245 509 1
2183 1084 2
1260 2880 1
103 2325 4
1143 2426 4
807 1663 1
1636 1771 3
826 2010 4
2439 2155 5
363 2082 3
2363 1560 4
2629 2194 1
186 610 1
1943 1323 2
2333 954 4
1349 1590 2
2149 2575 5
1147 1849 1
1797 2662 3
727 1909 2
1035 885 5
1476 951 5
2593 1843 1
249 1201 3
1033 2444 3
2024 752 4
1052 1087 1
2167 1711 1
451 2620 1
635 2101 2
173 755 4
2282 2903 2
1218 2368 3
221 2835 4
1183 1721 3
987 1805 5
490 813 4
2784 195 3
2424 896 1
2864 1177 3
2271 424 3
779 384 3
119 2898 3
426 1362 3
2989 370 1
1839 1477 3
2846 1406 5
954 2836 5
1618 991 5
1439 691 4
2748 2470 5
1143 2095 5
2984 2811 3
227 1640 2
1659 2770 3
1260 1665 3
1115 2024 4
545 1096 4
1409 1105 3
2173 2956 4
504 818 4
1024 2188 1
667 2441 2
1825 150 5
28 844 4
2991 1754 2
372 284 1
2989 223 3
711 2688 5
901 2941 3
379 2198 5
1072 21 3
229 2840 1
2372 457 2
693 1063 1
1247 2695 1
2076 2698 3
2455 878 3
216 890 2
2015 1676 3
2401 2283 5
1442 2335 3
1929 1348 3
893 2260 1
1117 1073 2
1693 108 4
2016 1829 4
363 1046 2
748 1839 5
383 418 2
1936 1152 4
274 1083 5
1088 2632 4
1360 2597 5
245 843 4
784 2537 3
1712 1443 3
930 383 3
2330 795 5
444 2038 5
2603 1253 3
1962 1851 3
1019 2308 2
1730 437 5
1933 1058 4
2863 2815 1
2199 1707 3
2742 2279 1
2383 1421 1
227 2271 3
2717 2463 5
2664 2376 2
2348 2269 2
2465 187 5
1398 30 5
800 1094 4
2778 294 5
470 629 5
1071 1171 2
2665 1257 4
1552 409 1
2219 513 2
240 2131 5
1350 260 2
597 1138 4
1094 1968 3
2390 1407 3
78 2061 1
2826 2658 2
908 2596 3
131 491 4
538 2998 3
2000 1918 2
2240 182 5
1103 1840 3
1963 2190 1
2309 2412 2
832 2256 5
2050 755 5
350 2242 2
294 282 3
2339 2989 3
2784 1813 5
1713 2958 5
655 914 5
1404 781 5
1604 315 5
321 2510 3
1953 842 4
2179 2975 3
250 2789 5
192 2816 4
1635 1512 2
335 534 1
830 1149 1
1000 1600 4
2619 2605 3
879 2331 4
2352 144 5
150 2116 2
1601 833 5
1726 2281 5
1050 1831 1
111 1695 4
452 212 4
1317 2317 4
2127 1380 5
972 2786 3
676 434 1
678 792 3
2797 93 3
2654 1096 5
1833 2196 1
1972 478 2
799 1935 3
2603 1756 3
1177 2623 2
1023 2944 5
1247 212 2
333 1651 3
903 2250 3
1318 286 2
2996 1883 1
1153 2070 1
723 409 1
340 1750 1
1961 2014 1
2235 2184 4
644 1957 4
1748 228 3
951 2916 2
245 463 5
1308 926 2
2425 1123 2
2206 561 2
1178 1671 5
615 2269 3
1935 158 4
1862 1351 5
2053 1175 5
653 2557 5
2197 2841 1
688 1067 3
626 826 1
232 2656 2
2576 1703 1
832 1407 4
1743 2443 5
2435 2272 3
2218 2990 3
1661 2977 5
1818 2756 5
1288 2087 1
2309 1994 3
2066 234 4
2351 2792 4
80 1890 3
213 1703 2
2662 217 2
636 1354 4
2303 2325 1
2783 2575 5
2666 2020 4
2654 2013 3
2639 2207 5
27 2060 3
1354 1676 1
2656 1447 2
590 361 1
2045 2846 4
2467 1562 1
2363 2054 1
2694 2285 2
2110 2835 1
2844 2610 4
1069 42 1
749 2648 4
763 1053 4
2418 2566 3
1014 1875 5
1566 1403 1
1794 2039 2
1100 360 5
2437 2078 5
2821 1376 1
1725 1820 5
2422 384 1
2184 859 5
211 2246 5
665 1358 1
1535 1648 5
821 1886 5
1554 93 3
2909 933 5
1976 1377 3
183 1325 2
1993 2073 2
50 840 2
1653 1278 2
2755 356 2
715 2392 4
2654 1824 2
2703 2249 2
1915 2667 5
2900 630 2
1446 2757 2
588 1853 1
112 507 3
1911 2512 2
1154 2936 5
866 2400 3
1436 25 2
716 2485 2
29 710 2
2710 2152 5
2611 2318 2
1846 2592 5
196 2794 1
2645 2421 2
48 1562 4
322 847 5
274 2792 4
824 574 1
2675 2873 1
1416 1702 5
1337 616 5
1290 2331 5
736 754 5
2145 2743 5
2520 2504 1
56 1787 3
384 2434 2
406 2479 3
2552 1863 4
437 2060 3
2416 2867 4
32 865 5
2401 2412 4
2886 1311 3
593 2735 3
2609 2483 1
1619 1558 4
2220 1739 3
18 2686 1
1616 2855 4
1655 2624 1
2747 2987 4
906 921 4
743 1291 1
221 1208 4
12 1068 4
141 1171 5
812 2525 1
838 2672 1
2151 1769 1
707 68 5
1816 2980 4
1681 405 5
252 882 4
1394 2386 2
2655 639 5
2877 1040 5
1947 1612 2
2226 2959 1
1755 2754 1
1937 2324 2
1613 2907 2
155 418 4
2487 2117 1
518 311 4
1145 246 3
949 391 5
2311 1878 4
733 130 2
2280 1026 5
2564 888 4
677 637 3
1042 1692 4
920 1852 5
1124 1212 4
2398 39 5
1381 1242 1
835 247 5
113 588 1
2291 255 4
791 2868 5
1028 2595 3
282 1173 1
2783 2346 5
1936 2714 3
793 1334 4
2393 101 2
759 1018 3
2485 2298 1
1734 2999 1
2689 2894 4
1489 919 5
2701 2992 5
790 1425 5
542 1786 1
2102 2473 1
1351 274 4
515 2676 2
2528 608 4
995 882 4
2152 1555 1
2111 1612 1
391 2458 4
1027 1060 1
2953 2803 3
1411 2929 1
1719 2691 1
1546 629 4
480 2829 2
1768 682 3
576 1691 2
1391 1678 3
730 123 1
1144 546 3
2650 1617 1
2602 2601 5
2715 1545 2
1634 1480 3
1724 440 1
1415 588 2
558 496 3
1939 2901 2
2809 729 4
2710 883 3
683 1758 4
2379 181 2
715 2430 4
2467 2569 3
403 2904 2
2516 2289 2
1230 309 3
1548 1674 4
842 306 2
234 1646 3
667 976 4
1696 816 2
2035 1220 3
2670 1570 4
2162 663 1
1407 623 3
973 2233 1
1866 1778 5
1555 156 1
1196 634 3
1326 2141 4
2775 5 4
1236 179 4
2486 614 4
1997 2397 2
59 199 4
2364 550 4
2713 2495 3
2296 478 3
304 634 3
1753 2382 2
571 2231 1
1663 2867 5
1394 1530 1
1603 185 4
932 2622 5
866 435 5
2977 50 1
2634 465 5
1896 1434 5
850 2519 3
2049 2489 3
2033 1716 1
2031 1530 4
664 1919 1
1138 333 2
880 1299 1
2586 2869 5
187 1168 3
2995 55 1
2033 215 2
2347 2227 1
2409 124 4
426 2927 3
305 2735 1
2071 2364 3
2441 1838 4
1459 2034 1
2374 2479 1
2715 2433 3
342 23 2
1946 1347 1
673 2806 1
2463 349 2
2795 202 1
2225 2358 1
347 1688 2
330 1131 5
1102 481 3
2661 2725 2
292 849 2
2869 2036 4
1495 458 1
735 438 1
1374 2184 3
62 2128 5
2182 2018 1
1235 283 1
1299 2456 2
2042 700 2
1209 1328 5
622 1654 2
1277 816 4
738 2491 2
215 2146 4
508 1162 4
2591 1463 3
2893 1196 1
2454 2170 2
2282 777 1
1049 85 5
1992 1299 5
1595 911 2
489 297 4
498 308 2
2711 1924 3
1532 362 2
172 794 5
2827 1367 4
1869 1056 3
2740 1273 2
2109 1498 5
2278 104 5
2852 2338 2
436 1478 3
1880 1162 5
606 1929 3
2789 761 2
1538 2515 1
1145 621 2
636 809 1
1089 1799 5
1028 2366 3
1608 1564 3
1454 2494 3
1868 1986 2
1398 1223 5
767 554 4
1595 1439 3
538 2571 2
793 173 2
169 1690 4
2002 2640 4
1254 1180 1
564 1510 4
505 1771 1
1073 1100 2
1341 2650 3
1626 2350 4
580 985 5
1589 2376 3
319 2269 3
2334 2491 5
675 690 1
2585 618 3
471 997 3
624 2308 5
1444 2673 4
707 2856 1
306 193 5
521 971 3
1826 1236 4
2838 1326 1
639 407 2
2100 1253 5
214 126 3
153 2244 4
481 566 2
3 530 4
1660 1909 3
961 2296 2
1284 2548 3
2907 942 1
293 1533 2
1246 2457 2
1059 614 5
10 249 4
2491 1505 3
2147 1551 5
803 913 3
2613 1331 4
2068 1581 4
2636 2338 5
2500 1613 5
523 1359 3
2767 605 3
39 359 3
1622 1506 1
2170 2 3
17 803 5
929 1872 5
2131 836 3
1720 2696 3
74 2917 1
1300 2449 5
791 2944 3
517 567 5
466 2447 5
2964 2801 1
2484 2908 3
1441 2302 2
1790 1679 4
2338 2584 1
2254 1185 3
256 2810 5
162 2862 5
1552 1355 2
2399 116 1
211 862 2
233 61 2
1757 1099 1
2825 1019 1
2419 810 3
2006 2142 5
1276 714 5
628 2801 4
2630 1809 1
34 782 4
285 768 3
1818 305 2
264 797 4
2143 500 3
402 295 2
2252 1586 2
694 2854 3
1108 327 5
2164 2888 4
1363 2482 5
333 722 1
2656 2582 1
338 2895 1
1603 2930 4
2156 155 3
2320 999 3
2179 1108 1
2564 2937 4
1524 1699 1
1151 2493 1
2960 1852 4
812 1238 3
2966 2105 1
2906 2532 2
1176 2108 1
1566 2042 1
2026 715 4
2223 2441 4
641 1083 4
246 857 2
1736 2193 3
2464 516 1
598 1284 3
1203 2457 1
300 1644 2
2981 1905 5
2190 1090 4
709 2114 2
1486 1193 1
1579 2776 4
477 1383 2
2399 2453 3
2983 848 4
661 141 5
96 1041 1
1229 2602 5
2651 1024 4
919 1940 5
1596 1475 2
2429 358 1
2812 1284 5
2020 628 4
915 883 2
1606 314 3
1690 1792 3
1816 1469 1
2783 34 4
2818 2302 2
1087 2417 5
2225 2492 3
2988 1802 5
1260 1715 3
515 1159 2
1836 725 1
1262 2227 5
1873 2191 1
381 106 4
1656 184 2
713 1203 2
332 1831 2
816 461 3
555 881 3
1064 421 4
2613 1548 4
179 279 2
2474 2707 4
1716 1517 2
1254 2517 1
1754 1458 4
2262 2993 5
193 2438 1
884 2138 1
926 1531 4
66 1950 3
1599 243 4
2326 2910 5
1762 101 5
63 1036 3
1356 1623 5
1198 686 5
1866 1521 3
1095 1766 4
128 1375 1
507 26 5
1172 1565 1
2736 1232 1
2213 1830 5
2003 1750 3
448 398 1
1854 2872 4
365 1745 2
507 1804 2
337 2973 5
2132 1000 1
1038 1162 4
980 886 5
2907 2357 5
167 2037 2
2204 2310 1
2332 159 1
1788 2523 5
2772 1913 3
1011 1523 4
463 1237 2
2873 471 3
2278 1167 1
2329 1809 5
2147 2768 3
1386 1533 1
1591 1074 2
2416 69 5
352 1467 1
2332 2842 5
2048 2169 5
2134 527 5
1823 706 1
1304 2831 3
2737 460 1
237 2186 4
1214 2163 4
2706 509 2
1943 875 5
2112 1912 4
2531 1206 5
1526 2798 2
9 266 3
2854 13 3
852 165 3
1387 817 1
1098 2934 2
800 2560 3
346 1721 5
2144 399 3
1981 2703 5
926 1285 1
2011 2952 2
2953 2208 1
2724 1998 5
1733 2409 1
1001 910 4
2405 2320 5
2809 1905 3
869 2054 5
1010 610 5
2336 941 3
1549 2348 2
714 489 4
382 420 4
2863 1821 5
218 1887 1
708 1484 1
423 1242 5
1983 1347 3
114 2727 4
529 1231 3
2888 2126 2
663 2016 3
410 1134 5
391 885 2
1333 1859 3
2465 1547 4
1516 2735 2
1579 2905 3
967 2046 4
970 1000 2
1050 2065 4
164 2054 2
794 2015 3
222 1252 4
2534 101 4
1928 1442 5
839 2024 5
868 1736 5
2418 233 2
1965 2305 4
1685 1732 1
1064 1183 3
900 415 4
430 746 2
1831 2638 2
198 1548 3
1696 561 5
2561 579 1
461 2141 1
1691 850 2
301 991 3
1846 1172 1
19 2820 5
115 1149 2
2536 866 1
2004 285 2
2662 1913 4
1355 936 5
189 1063 3
935 735 2
1710 780 2
1812 2765 1
2774 903 4
505 2849 1
2359 2110 4
2470 1403 2
2320 2939 5
642 917 1
1563 2323 3
2956 225 3
1513 1825 1
2898 2461 1
748 348 2
2078 2056 1
2397 2029 4
676 2313 5
74 1350 2
1433 2299 1
1504 2203 4
1954 556 2
2835 2218 5
1468 2277 1
596 2940 5
2261 39 1
2841 2307 3
1812 2761 1
2782 2327 4
927 1166 1
2940 2007 4
2777 505 3
1819 2407 4
820 1541 2
1462 377 5
2998 2118 3
2700 781 2
2952 2314 5
1353 2203 1
1771 2381 1
2001 200 4
1882 766 5
2035 1211 4
1315 2828 1
1503 1946 2
1028 319 3
863 2061 5
1081 909 3
2239 1056 4
854 2118 2
556 2701 1
2378 792 3
1479 2614 3
630 432 3
1717 651 2
1275 537 5
408 2140 3
2222 380 3
280 2703 4
2174 1401 3
2843 2568 4
10 2942 4
1364 2138 1
2090 2318 5
1097 2730 5
1786 1327 1
1112 2906 5
1763 2581 1
2848 1525 5
33 1657 5
2661 2654 3
1493 926 3
2051 2052 1
1708 739 5
2745 1280 2
1488 2857 5
1704 2073 5
1799 2868 2
524 1692 5
2888 2368 5
1377 2758 4
613 2451 5
2062 312 1
2858 2153 4
2866 1067 1
2547 958 2
2996 1658 5
1901 810 4
594 1107 4
177 472 1
53 2463 3
698 2161 5
2960 1419 1
1146 1682 1
1664 1800 1
119 1779 1
1533 337 1
2853 2023 2
375 642 4
2978 2809 2
1532 686 1
1924 745 5
2221 760 5
936 1309 3
1695 668 4
2793 2642 4
2825 41 3
1593 1496 2
913 2850 3
406 58 1
1753 2889 3
1263 1482 4
77 1533 5
878 152 3
380 1740 2
1273 2835 2
2808 1146 2
872 2342 2
2605 2845 5
140 608 1
2442 801 3
1178 870 1
2248 2056 2
1809 284 3
448 1970 5
25 640 5
1766 331 1
66 904 3
1820 2540 5
357 774 1
562 2879 5
2324 1920 5
1006 524 3
2884 1061 1
808 452 2
1279 1627 4
1851 2232 4
2534 1607 5
1932 1865 5
982 2870 2
966 2996 4
146 1726 2
71 2559 1
2486 1840 1
755 2526 2
2832 1805 5
2307 2217 2
2105 577 4
1645 1057 4
2144 1459 4
403 2107 4
2647 2900 2
374 2212 4
1160 1895 1
2607 138 5
2587 986 1
973 1213 1
2806 1940 1
2244 2839 1
2915 1980 4
2607 1936 4
2712 63 2
2769 2009 5
15 640 5
2109 557 3
497 2925 2
148 2128 4
2899 993 4
2071 729 2
566 53 2
1972 1007 3
1637 2922 4
390 2681 4
2378 695 2
989 2605 3
265 355 2
2794 789 4
2624 175 5
1495 331 1
2528 1774 2
1709 345 1
2911 149 4
2122 2670 2
2683 860 1
1993 1438 3
6 455 3
2112 32 3
1494 2139 1
1133 2584 5
753 511 4
1762 1189 2
383 1835 4
851 2541 1
1853 256 3
2177 2423 4
2997 1408 4
1655 262 2
2872 222 2
1996 2900 3
1896 1070 5
2828 1017 4
426 295 5
1659 1561 4
11 726 5
1573 2939 1
2277 1952 1
201 1597 1
1227 1626 1
945 1204 1
1309 430 2
118 1730 4
1646 2345 4
559 1077 2
1975 15 5
1837 2633 3
1187 1932 4
1357 54 3
1451 2048 1
2344 167 1
227 1388 5
2676 2198 5
404 2895 1
259 187 5
1159 1770 1
107 704 1
243 1569 3
1205 2752 3
1017 924 3
1642 2891 5
2683 1079 4
1286 2169 2
522 2525 4
1379 1267 5
1682 2497 2
2609 790 2
2485 1967 5
1997 745 5
954 1171 2
1367 1798 3
2648 813 4
690 2576 5
445 685 1
289 1564 2
418 2257 5
503 1845 5
1739 1889 1
2649 888 5
99 809 5
2751 2159 5
1591 727 5
2592 92 5
40 2614 2
2716 1200 5
706 153 3
93 1020 5
1502 136 5
1833 1361 3
1604 871 5
662 465 4
1552 1844 1
1214 453 2
1126 1948 5
484 1599 1
322 1645 4
2402 2122 3
2113 1973 4
957 2389 1
2315 515 5
2552 866 1
1827 2370 4
817 1992 3
2092 1855 1
866 331 1
2220 1064 5
1368 1431 5
2829 1626 5
994 1012 3
1628 2098 4
2435 1953 5
2744 2260 3
2708 587 2
933 2509 2
697 975 4
1475 267 4
122 1363 4
2968 1584 2
1052 272 2
2767 352 4
715 27 3
249 154 2
29 2651 3
1399 901 4
1652 2953 3
1891 1527 2
88 1227 5
1904 162 2
951 1174 4
821 3 4
1389 125 5
410 1863 2
863 2885 1
1888 683 1
1892 907 2
2773 1758 2
2918 2302 3
450 805 1
212 2252 2
539 269 4
1876 264 3
881 1699 4
682 1587 3
2220 761 2
2077 1502 4
889 2139 3
2332 2508 2
643 694 2
1749 1516 5
1324 2573 3
2456 1251 5
1629 1779 4
1012 1156 5
1865 2937 5
1500 456 4
317 2240 4
2091 44 2
256 2591 5
642 892 5
1818 4 1
267 439 2
666 873 2
2975 2234 3
1656 881 4
224 2718 5
2645 1807 4
2248 1956 4
210 217 5
1580 753 3
181 2403 1
828 120 2
581 1465 2
2466 1456 5
741 385 5
341 2870 3
2239 123 4
1928 2864 3
560 2644 1
1240 1922 1
2321 1470 2
398 2169 3
2235 1872 3
877 2974 1
2459 2766 1
875 2679 1
94 1037 3
2111 2038 1
619 487 3
1149 219 3
1400 2765 4
1426 2314 3
2873 1170 3
2391 1562 4
2237 1455 4
2713 629 5
1220 2711 4
732 2833 4
2053 1444 5
1584 1922 4
1683 2780 4
2611 1366 3
620 1481 3
1333 1719 1
1615 1859 4
1990 67 4
2626 739 2
2997 1937 2
2859 2763 4
2080 744 3
2254 446 4
1068 1834 5
2168 2992 5
856 1075 3
2384 531 4
1228 143 1
2555 1536 1
1935 1965 2
1545 1474 2
1225 250 3
632 2419 4
1116 1477 2
2238 1880 3
974 36 2
2249 2709 2
669 1723 3
2083 1265 3
1361 273 4
1248 2017 5
1886 1176 2
111 1138 5
55 374 3
1066 958 3
1444 1574 3
2079 397 1
1462 1940 4
530 978 2
2040 2600 3
2288 1811 4
2817 1382 1
476 919 2
2364 815 5
1546 1119 3
716 253 4
739 2722 5
1007 1142 1
1957 312 2
2215 2060 4
2630 374 2
2950 2186 1
224 1943 4
790 1228 1
973 2083 2
1363 1706 2
1871 2956 1
2974 2393 2
1293 2517 5
2027 1362 5
2685 2099 2
1453 2103 4
2644 2743 4
521 2768 1
322 2513 1
1311 1719 2
1216 912 5
1060 2921 4
483 2329 4
34 896 3
233 664 1
921 2255 3
0 2305 1
2110 1032 2
2096 2154 4
2993 1560 2
2048 2391 5
22 2479 4
2286 918 4
599 2480 2
1261 523 2
708 1274 3
2195 2039 2
1199 1338 3
1576 2724 2
1086 1164 3
2154 1336 2
2857 2583 4
343 236 5
73 2878 2
2817 853 4
2785 2098 5
2917 2971 1
387 2384 5
2049 2229 2
566 782 1
2906 1962 4
1677 2471 4
506 1155 5
1708 2442 1
804 2021 1
1174 1411 2
1639 592 1
2763 1785 3
1794 497 1
464 2634 2
1454 270 5
18 431 5
2421 2709 1
1106 1938 1
2886 2057 1
2278 2760 3
954 2952 3
2229 1898 4
541 1548 2
2340 828 4
2735 2530 2
1627 811 4
850 1009 5
2764 2565 3
985 514 1
1457 1337 4
725 1515 4
2268 1829 4
1655 1689 1
1568 533 3
2120 2594 3
580 871 3
1850 1014 2
1161 1726 4
642 1463 3
1331 2935 5
392 1862 2
278 2779 3
608 268 4
484 2414 3
15 2925 2
385 524 2
2518 290 4
351 1446 4
634 763 3
2747 492 1
1409 1995 3
725 1712 1
2462 2219 4
2919 151 4
1063 940 5
1636 2451 5
2523 983 5
2224 1107 5
605 2094 3
429 1290 1
2096 1137 3
1586 325 1
1156 2102 4
1947 233 4
2653 503 4
716 1558 4
1082 771 4
205 1040 2
1997 2484 3
67 1365 2
35 1905 3
1342 2498 4
1442 123 4
1141 2850 3
241 2796 5
505 549 5
1631 487 4
2373 1105 2
2697 554 4
836 1344 2
2161 301 5
1807 74 4
1673 2707 5
951 2115 4
229 2691 2
1630 687 3
1794 1802 5
108 1967 3
2299 1673 1
2895 2991 1
584 2091 3
2734 2700 5
2891 2878 3
2798 1700 3
2230 1671 1
2450 2599 4
2811 1267 4
941 1155 1
720 2351 4
1215 2522 2
2001 2171 2
1235 2285 3
843 784 5
1270 1757 3
1369 2510 1
372 1069 3
330 728 1
1483 2881 4
1200 545 1
2705 950 4
1831 204 1
2480 157 2
2667 672 5
704 806 3
965 2911 1
2924 1710 4
487 344 3
841 1108 3
1316 1422 2
2111 2522 1
2654 229 1
2993 292 4
611 2488 2
2488 1863 1
757 2630 5
2491 1212 4
1113 536 2
1250 2450 5
765 1395 5
2861 742 3
595 1054 4
2012 841 2
2920 1273 1
2749 2153 5
1201 357 5
2581 641 4
2244 1605 4
2535 324 4
1244 2990 5
665 2410 3
1262 1218 4
2483 1044 5
1426 620 2
2932 522 3
840 2941 2
1682 901 2
2435 393 2
1903 266 3
2856 1525 5
2241 1161 1
1277 2193 3
2446 2486 3
2217 2754 3
2426 60 1
2328 280 1
2762 1811 3
2313 660 2
909 862 2
2716 159 4
2891 934 3
2102 1852 4
2968 2709 4
837 220 5
1425 1242 5
1694 1030 4
1782 2371 3
2663 2671 1
346 1949 1
648 2345 3
565 454 4
890 2096 1
1574 2388 3
1000 1183 5
188 114 3
1662 2793 2
2165 1646 4
2271 2892 5
2643 219 2
377 1473 4
2406 2880 4
963 1744 5
1327 1722 2
11 1883 1
1910 2907 1
2419 1010 1
1897 2276 4
1341 2890 3
2674 2805 5
1426 1976 3
946 1038 5
2866 396 1
2832 1679 4
672 2808 5
227 1531 5
2891 416 3
20 29 1
523 72 1
902 2207 3
2385 1842 4
1490 948 1
953 1231 2
2997 276 2
2188 1685 1
2894 1233 2
2080 1984 2
