3000 2847 4280
401 1821 3000
2083 2210 3001
511 2631 3001
147 2960 3000
2563 682 3001
2502 717 3000
302 944 3001
671 2492 3000
1633 2959 3001
2216 1406 3002
2788 2841 3001
2704 2208 3002
901 1918 3002
1995 189 3000
2036 2296 3000
1344 1920 3000
1972 1198 3002
405 1807 3000
257 2803 3002
2745 489 3001
1 9 3000
657 113 3002
2419 815 3000
386 1847 3001
886 1236 3000
2444 1772 3002
1936 1604 3001
2439 45 3000
49 1373 3001
1546 173 3002
686 1769 3001
2979 1835 3001
2648 2847 3000
727 1062 3001
2611 1915 3001
1859 1312 3000
2987 321 3002
1466 857 3000
198 1115 3002
2897 2248 3002
1271 577 3002
614 80 3000
2356 2440 3001
1220 2541 3002
1369 901 3000
807 2041 3001
383 380 3002
633 127 3001
1898 2003 3001
2596 2948 3000
610 2850 3001
1723 993 3002
953 1823 3001
2576 2489 3002
2517 2176 3001
1496 2301 3000
796 2956 3001
692 1928 3002
2556 458 3001
2869 499 3002
9 1088 3002
34 1346 3000
839 959 3001
265 695 3002
361 1643 3001
369 2529 3001
1211 1510 3001
2273 2136 3002
449 938 3002
270 40 3001
660 2809 3001
1061 142 3002
144 574 3000
2380 1817 3000
2112 2980 3000
564 358 3000
964 2110 3000
89 2698 3001
299 2210 3000
1359 2073 3001
1366 74 3002
1078 150 3001
794 2786 3002
2886 1453 3002
986 2584 3000
691 743 3001
1178 33 3000
641 1019 3000
2754 1594 3000
1330 276 3000
2120 634 3001
1941 70 3000
2764 363 3001
2679 2471 3001
1678 762 3002
1815 157 3000
2346 1885 3001
1819 202 3000
1582 2374 3000
1964 1671 3002
721 1854 3001
1769 2175 3000
2973 91 3002
1257 614 3002
1565 2606 3002
1771 1132 3002
1979 70 3000
2603 1976 3000
2336 922 3002
847 1334 3002
2652 2724 3002
787 2818 3002
151 2544 3001
240 2859 3000
738 1292 3001
1899 345 3002
743 2663 3001
1078 2902 3001
1136 390 3002
200 2893 3002
632 1753 3000
1828 821 3002
2605 737 3001
2387 1415 3002
1700 873 3002
983 954 3001
1679 1184 3001
286 1718 3002
1133 1628 3001
2101 218 3001
1067 2976 3002
1490 1878 3000
2292 851 3002
1189 2762 3000
1253 2381 3001
233 396 3002
1778 1873 3001
1635 1166 3002
1788 174 3000
193 2104 3001
2790 2066 3001
1323 2468 3002
1221 1687 3001
1827 854 3002
2595 1165 3000
2668 1329 3000
1545 1821 3000
266 2557 3000
1949 486 3001
2848 638 3000
2781 1274 3002
2355 2357 3002
1541 1856 3000
1243 254 3001
1623 2114 3001
1864 1939 3002
2837 2448 3002
293 2751 3001
435 486 3002
2763 2491 3001
2738 2048 3002
912 991 3001
2075 216 3002
2922 1917 3000
494 2470 3002
2387 1930 3000
225 1715 3002
1283 2739 3000
2884 209 3000
785 703 3001
2554 1116 3000
1124 167 3002
1711 1954 3002
2126 1744 3000
2172 783 3002
2796 1278 3002
2312 1468 3002
338 2954 3001
10 83 3001
2089 236 3000
1067 1662 3001
2038 2452 3000
788 2765 3002
2510 2450 3000
619 600 3000
2739 716 3001
2025 2339 3002
335 826 3000
903 1511 3000
1478 2900 3002
941 1951 3001
1843 351 3000
2505 95 3002
376 1797 3000
41 1209 3001
2062 2191 3001
550 2125 3002
611 1639 3000
2658 2385 3002
88 2745 3000
2271 1279 3002
1696 502 3001
2627 1137 3002
2863 718 3000
1003 1240 3001
540 774 3000
765 2230 3001
2495 1986 3000
322 2117 3002
1741 232 3002
2289 1646 3000
2313 2524 3002
1023 2394 3002
2025 578 3002
1972 2919 3001
2435 1232 3001
364 272 3002
2741 1106 3002
30 885 3002
872 333 3002
1363 1870 3001
2737 381 3002
2787 1688 3000
1515 940 3002
1714 399 3002
1389 2898 3000
2190 2033 3002
648 1631 3001
2705 2131 3000
2253 2174 3000
2545 2414 3000
498 2851 3002
2645 2496 3002
5 2166 3002
2176 2246 3002
2287 336 3001
2852 1762 3001
2167 1888 3000
1535 195 3000
756 528 3001
1824 2122 3002
1436 1937 3001
1441 2312 3001
309 2065 3002
994 823 3001
460 2460 3000
450 1365 3001
1523 2540 3001
548 2969 3002
2523 2632 3000
683 626 3002
468 1228 3000
1799 915 3001
1960 957 3001
2716 913 3001
392 116 3002
1892 2022 3002
2079 1517 3002
2458 439 3002
1365 3 3000
123 2951 3002
1748 2130 3000
277 478 3001
2550 1678 3001
1989 308 3002
2742 1093 3002
1352 1208 3002
1841 1079 3000
648 1778 3002
1643 582 3001
2388 2106 3000
2557 1270 3000
2147 607 3001
2249 2439 3002
372 1280 3001
2436 2647 3002
2630 2599 3001
359 1993 3002
2399 513 3000
1266 287 3000
1995 2275 3002
1835 382 3000
224 204 3000
390 769 3001
377 478 3001
119 1233 3000
1449 483 3001
320 2151 3000
141 421 3002
219 1562 3000
252 1127 3002
520 1620 3001
679 2731 3002
1424 946 3001
2138 278 3001
1952 23 3002
249 468 3000
2814 558 3002
1551 2174 3001
2035 1305 3001
2838 1101 3000
2431 2480 3001
2399 1496 3002
925 1303 3002
1299 1285 3001
2021 2675 3000
2696 1888 3002
434 2571 3002
717 2235 3000
2684 2971 3001
1134 2004 3000
870 1208 3000
2859 1396 3000
99 68 3002
2628 1201 3002
732 1663 3001
2817 1796 3002
1017 1380 3000
1260 2306 3002
30 187 3000
2107 1263 3000
599 546 3001
1887 2277 3000
2459 408 3002
1659 943 3001
2768 988 3001
558 1417 3001
2306 1469 3000
1318 2598 3002
431 724 3002
478 676 3002
2829 828 3000
1425 718 3000
2376 2478 3002
83 2379 3001
496 924 3000
2344 135 3000
2824 614 3002
956 1361 3000
2609 1972 3002
2394 1874 3000
608 2728 3002
896 950 3001
245 169 3002
2369 1853 3000
2666 172 3001
283 1974 3000
2774 2915 3001
1901 1745 3000
1922 1378 3002
510 604 3002
1624 829 3002
1876 1404 3002
2706 529 3000
1 2445 3002
690 270 3000
1374 2698 3001
732 2073 3000
310 1141 3000
2594 341 3002
2957 2840 3000
1626 543 3002
2681 930 3002
533 2586 3001
203 1142 3001
756 1706 3002
259 1521 3000
45 2587 3000
2007 370 3000
137 1107 3000
427 1730 3001
2718 2073 3000
1338 1648 3002
1808 2732 3000
748 1525 3002
198 1288 3002
2965 563 3000
2243 642 3000
50 1481 3001
1459 1637 3001
266 960 3001
2038 2445 3000
2706 2506 3002
2924 343 3002
1363 1393 3000
85 1249 3001
1975 2477 3001
2207 1054 3001
807 1371 3002
418 451 3000
1021 1495 3002
1411 2702 3002
772 491 3001
2939 173 3000
1017 582 3001
2378 2910 3000
1027 1401 3001
2404 2895 3002
469 2050 3002
882 2418 3000
710 1045 3001
554 386 3002
1668 2065 3002
907 2659 3001
2442 2987 3000
2351 355 3000
2359 1003 3002
2875 1860 3000
2455 2014 3000
1387 523 3001
2189 2268 3002
2968 856 3001
674 184 3002
2387 2371 3002
724 20 3002
886 991 3000
406 507 3000
300 2943 3002
1654 613 3002
1693 2245 3000
262 1480 3001
2897 2830 3000
2615 1724 3001
1657 969 3002
2188 2173 3001
93 1580 3002
1010 777 3002
2418 2244 3002
2912 288 3002
1176 1260 3000
1611 1362 3001
2530 2572 3002
474 1645 3002
2305 2102 3000
1216 125 3002
542 1672 3001
1445 1191 3001
1923 1739 3001
2801 373 3001
1667 1499 3000
2650 955 3002
1202 2389 3002
2204 447 3002
2959 385 3001
1635 1409 3000
111 1831 3001
1786 2298 3000
656 2249 3000
62 895 3000
936 2833 3002
2608 1544 3001
680 2008 3001
969 883 3001
2857 522 3000
2100 2614 3001
937 1600 3001
2802 814 3002
229 236 3002
397 115 3000
1252 1708 3000
2443 2422 3002
2356 1545 3001
1379 2748 3001
2129 1598 3000
1091 81 3001
136 1383 3002
2021 1950 3001
1824 463 3001
650 2424 3001
2457 1253 3002
1386 1549 3002
2707 1543 3002
722 2386 3002
2827 2450 3000
2012 2759 3000
1019 1321 3001
1116 417 3002
1856 2955 3002
475 699 3001
2570 1607 3002
2650 1262 3000
1015 2962 3000
909 1726 3002
2232 1036 3000
890 2880 3000
2715 675 3000
2819 538 3002
1686 314 3002
1779 2774 3002
736 295 3001
2635 900 3002
1578 367 3000
732 80 3000
1689 1670 3001
533 210 3001
2808 690 3001
2304 2124 3001
236 1550 3001
919 145 3002
651 2821 3001
2590 1416 3000
2558 981 3001
1636 2473 3002
2592 1462 3001
1927 2605 3000
1997 2435 3002
1894 171 3001
617 33 3002
1571 1595 3000
2789 1826 3001
269 1735 3000
1405 1743 3000
1389 2937 3001
600 683 3002
1540 665 3002
332 739 3001
2423 286 3000
2146 1697 3000
1776 2432 3000
168 1879 3002
2595 2860 3001
2333 1548 3001
748 1138 3001
4 2235 3000
2784 651 3002
588 398 3002
2282 2315 3000
2177 1656 3002
1133 1538 3002
2998 2903 3002
411 2679 3002
1594 127 3002
444 525 3000
1456 2693 3001
2404 2703 3000
846 2585 3000
2583 2045 3002
2977 1943 3001
2831 1931 3002
929 2753 3001
1516 2564 3000
417 791 3001
858 2369 3001
1390 201 3001
1681 2677 3002
0 996 3000
2854 2366 3000
2795 1880 3000
1910 1058 3002
2901 2622 3001
1603 989 3001
826 968 3000
908 1562 3000
2263 197 3000
711 106 3000
519 1738 3002
2048 1264 3002
1279 860 3002
2606 1165 3002
232 2171 3000
2121 666 3001
2099 2547 3001
542 2267 3000
371 1295 3002
604 76 3000
1550 680 3000
873 579 3001
407 667 3001
664 2694 3001
221 2497 3001
1218 712 3002
1639 582 3000
275 2960 3002
1360 27 3002
1414 439 3000
2261 2567 3002
2558 2427 3000
560 2839 3002
2030 2348 3002
270 327 3001
2996 149 3001
1863 1037 3000
2631 645 3001
1878 1552 3000
1813 487 3001
104 2360 3000
792 813 3000
1764 1324 3000
1145 1305 3001
2068 38 3002
1231 2137 3001
2867 2438 3001
1237 2906 3000
1518 994 3002
1669 1446 3002
2900 1732 3001
1791 2524 3002
2111 2498 3000
2762 1431 3000
567 1843 3000
1479 1723 3000
970 2449 3001
580 1591 3000
440 1046 3001
1621 2994 3002
1840 263 3001
2877 573 3000
2949 2536 3000
1587 1551 3001
2565 2888 3000
622 619 3001
183 1419 3001
1186 1832 3001
2072 1434 3000
2796 2914 3000
2451 2003 3001
1033 2476 3001
1546 1141 3001
197 1418 3000
2123 477 3001
2115 424 3001
895 2347 3002
2054 248 3000
2270 2161 3001
732 1913 3001
2844 2896 3002
2540 2458 3002
1615 2874 3000
625 1171 3000
2201 995 3002
2612 2500 3002
289 921 3001
2684 1630 3001
1544 1376 3001
2513 138 3002
2981 667 3000
1721 348 3001
462 892 3002
2328 2542 3000
967 2770 3000
298 1500 3000
2572 244 3001
782 2559 3002
2252 1463 3001
829 639 3001
2494 2426 3001
1085 799 3001
2425 1382 3001
533 2063 3001
1333 813 3000
2313 224 3001
2103 1007 3000
2959 1839 3000
2412 858 3000
2921 2815 3000
2437 2834 3001
1105 397 3002
486 584 3001
2440 1809 3002
2976 680 3000
1614 2498 3000
1646 2123 3002
1121 1155 3001
1069 2574 3000
466 846 3000
2027 315 3001
1802 386 3001
340 1099 3001
1063 2811 3000
1618 2822 3002
2300 2798 3002
1971 522 3002
429 46 3002
327 2651 3002
2364 2552 3001
2861 2529 3002
2618 2359 3002
1850 2839 3001
952 1452 3001
170 425 3002
919 1108 3002
1364 2736 3001
412 1596 3001
1588 2857 3001
455 1274 3002
784 182 3001
2681 175 3000
1780 2256 3002
1508 377 3000
1636 571 3001
274 2181 3000
2310 24 3000
2670 2351 3001
590 1726 3001
2886 1283 3000
1720 797 3002
188 2772 3001
1703 596 3001
1235 1698 3001
913 2252 3001
1366 2870 3000
1025 949 3000
409 1777 3000
2461 1587 3002
755 2325 3000
1784 169 3002
492 2034 3002
1275 913 3002
1043 2273 3002
1468 2019 3002
1426 2848 3000
2527 2710 3002
2479 713 3000
847 606 3001
423 446 3001
410 1444 3001
725 1244 3001
2028 28 3001
1854 1370 3001
670 2741 3002
2571 1224 3001
1803 2391 3000
1710 310 3001
727 2346 3001
1176 1875 3000
1266 1396 3000
1366 2604 3001
2501 2370 3000
848 992 3001
2182 2123 3002
767 2450 3002
2325 614 3001
2288 213 3002
1223 1927 3001
110 2335 3001
647 2437 3001
105 555 3002
323 0 3000
2491 66 3001
1172 822 3001
898 2820 3002
117 2031 3001
1338 2465 3001
235 837 3000
473 1494 3001
1294 1226 3000
1940 56 3000
1317 1040 3002
2930 557 3001
2080 961 3000
2286 404 3000
1234 1451 3000
1233 805 3002
1198 2051 3001
1348 2698 3001
1190 2157 3001
1653 1902 3000
217 1729 3001
1519 1194 3001
164 2157 3001
1959 2493 3002
130 1268 3002
1110 1255 3001
1438 552 3000
272 232 3002
484 268 3000
1438 739 3000
1553 2152 3000
759 2619 3002
2950 935 3000
1402 1082 3000
2156 959 3000
337 2610 3002
2104 623 3000
1125 572 3002
456 2702 3001
1968 2132 3000
1608 1997 3002
2938 2281 3001
261 1459 3000
895 1339 3002
2655 2329 3002
350 1310 3002
1644 2168 3002
1390 2776 3002
2516 824 3000
433 241 3001
1448 915 3000
2447 2307 3002
213 1915 3001
1692 1649 3000
1222 2952 3000
1590 1089 3000
2482 2672 3002
779 1403 3001
1503 1773 3001
973 1959 3002
107 515 3002
615 1375 3002
598 2141 3001
2125 134 3000
2446 2422 3002
2895 39 3001
2266 449 3001
1908 1247 3001
2654 2755 3000
2979 1009 3001
1629 1328 3000
2178 734 3002
2780 881 3002
818 181 3000
70 292 3001
2793 1016 3001
1351 2213 3001
1384 1812 3000
2240 313 3001
1332 2185 3002
2001 1955 3000
281 2550 3001
2315 26 3002
1208 1661 3001
455 250 3002
2163 2046 3002
2164 1262 3001
1473 2203 3000
1500 2569 3001
2368 894 3002
1965 843 3002
1131 2995 3000
2576 562 3002
2557 2847 3002
1592 790 3000
152 1440 3002
127 1979 3002
2481 1983 3001
1578 1349 3001
846 1831 3002
230 900 3000
2748 540 3002
2569 2266 3002
1804 93 3001
2927 1282 3002
263 1085 3001
1905 545 3002
1254 2053 3001
2134 1229 3001
64 301 3001
836 2643 3001
1211 619 3000
2967 1139 3000
1827 1536 3002
962 393 3001
1059 1175 3002
1248 770 3002
1868 11 3001
2911 714 3002
2619 837 3000
1598 2486 3001
672 2872 3002
1480 1917 3001
2875 1447 3000
537 212 3002
1228 879 3000
2999 961 3002
1486 1188 3001
1177 1783 3000
786 1448 3002
1619 1399 3002
1463 2044 3002
56 464 3002
881 737 3002
101 1815 3000
851 841 3001
2029 2410 3002
2713 255 3001
2831 1429 3001
103 745 3000
2072 1582 3001
1837 768 3001
1684 2634 3000
1665 2858 3001
1856 543 3001
1164 1112 3001
1760 949 3001
202 535 3000
1392 740 3001
241 22 3000
761 2838 3000
341 477 3000
2451 930 3001
1432 239 3000
1904 1026 3001
1427 633 3002
1529 1437 3000
2899 140 3001
1487 2656 3000
2525 1658 3000
2750 2240 3002
1460 1089 3001
758 1907 3000
1796 979 3001
1665 1304 3000
2882 2186 3002
1554 2849 3002
2026 852 3000
2486 2488 3002
2444 1812 3000
720 2901 3002
1454 381 3002
410 154 3001
1457 2526 3002
940 1491 3000
2179 2092 3002
57 823 3002
2749 2620 3002
1000 889 3002
565 809 3002
2931 269 3001
1161 2233 3000
901 2061 3002
2680 143 3002
416 1316 3002
2170 372 3002
1530 2224 3002
1566 2613 3000
818 541 3000
79 137 3000
1160 827 3002
256 16 3000
2065 2127 3000
465 516 3002
569 570 3002
2071 110 3001
688 2236 3000
2977 593 3002
1597 1060 3002
1581 1022 3001
1265 178 3001
1400 887 3000
1346 1326 3001
369 933 3000
694 1683 3002
2785 1144 3000
1731 2149 3001
2753 1555 3002
1391 2641 3002
945 2579 3000
1057 622 3002
448 1837 3001
1417 2497 3000
95 1038 3002
1944 2952 3002
1885 2872 3000
2446 214 3001
506 227 3001
2079 2209 3002
1056 2417 3001
1158 1602 3000
2116 1077 3000
1749 1767 3000
1892 2108 3002
311 1953 3001
1524 2934 3002
876 2868 3001
687 976 3000
2484 2400 3001
1170 677 3002
207 2669 3002
2621 2094 3000
1765 2923 3000
1150 936 3002
1561 2633 3002
488 1182 3000
1788 2295 3001
2825 2316 3001
830 1691 3000
1254 1727 3001
1052 300 3002
2828 2846 3001
1655 1034 3002
1335 2511 3002
496 1355 3001
679 296 3002
2334 965 3000
629 1143 3000
2769 69 3001
285 636 3000
1725 1314 3002
2744 2993 3000
2319 891 3001
588 1743 3002
73 618 3001
2583 1707 3001
1701 649 3000
2588 2361 3002
2543 2732 3000
2375 1225 3001
1187 2200 3002
1140 214 3001
2363 2420 3002
94 1372 3000
740 2942 3000
223 1373 3000
112 1033 3002
772 599 3001
2259 1689 3002
2695 1458 3000
606 2012 3001
2830 836 3002
1150 2683 3001
2222 2340 3001
2035 1605 3002
496 1109 3001
1398 2190 3002
715 92 3000
1104 2398 3002
2316 1276 3002
2545 816 3001
47 1716 3000
2494 1964 3001
2011 2272 3000
1491 577 3000
2708 282 3002
568 2135 3000
2650 903 3000
806 1993 3002
1730 1414 3002
2829 961 3000
202 123 3002
2696 1632 3000
1431 1969 3000
1988 1331 3001
1297 2200 3001
1531 1391 3001
117 384 3000
2805 978 3000
1049 2869 3001
1075 1122 3001
1245 1946 3002
413 1196 3001
2933 1576 3001
2421 2054 3002
150 2776 3002
1373 655 3001
1081 1729 3000
2415 73 3002
1956 2324 3002
514 749 3000
880 1795 3001
1505 988 3002
2923 2122 3002
832 218 3002
2709 2555 3000
1442 1704 3002
1781 892 3001
1526 2154 3001
182 2902 3000
2909 432 3001
1642 2560 3000
1916 1427 3000
1172 1877 3001
2908 971 3000
1261 1179 3000
1542 1589 3002
1782 591 3002
146 453 3002
589 1622 3000
642 2218 3000
1861 1381 3002
460 428 3002
1008 1627 3001
1470 982 3001
1780 1906 3000
2646 1773 3001
2835 2318 3001
360 1331 3000
875 366 3001
2046 1044 3002
2691 1701 3000
60 2135 3002
1830 2076 3001
1315 916 3000
2278 1535 3001
97 1258 3001
1698 717 3002
1286 1202 3000
934 905 3001
2000 991 3002
2580 2421 3000
345 1896 3001
1803 1419 3000
2896 1250 3001
1170 2717 3001
1264 1575 3000
217 62 3001
774 473 3000
280 1324 3001
2661 777 3002
621 1601 3002
1477 572 3000
453 2157 3002
2582 1527 3001
1293 1073 3002
43 1801 3001
118 935 3001
2004 1540 3000
260 2269 3001
474 1243 3002
365 18 3001
870 1246 3002
2257 812 3001
234 227 3002
2673 2958 3002
2961 1173 3002
1790 2124 3001
2633 2518 3000
2 2227 3001
2682 2987 3002
120 1805 3002
2575 2906 3000
591 2534 3001
2049 2662 3002
1592 1914 3001
1379 2324 3000
248 1989 3002
461 2684 3002
630 640 3001
2143 2226 3001
2548 2992 3001
1907 1810 3001
1619 1412 3001
21 1520 3001
82 2284 3000
331 67 3000
1306 2598 3000
2219 66 3001
1618 1561 3000
243 544 3002
2719 1385 3000
2944 1096 3002
1423 2194 3001
2772 2339 3000
1990 2081 3000
1561 589 3002
793 273 3000
2483 231 3002
1849 296 3000
363 65 3000
1118 2046 3001
1354 2457 3000
2221 19 3001
1896 2581 3001
1267 2809 3001
1901 2071 3000
2955 374 3002
868 2251 3001
2853 2477 3001
827 918 3002
1625 730 3000
288 1060 3002
2177 2779 3002
746 2732 3000
1770 2815 3000
2273 579 3000
825 1970 3000
1709 1903 3002
1925 978 3000
2949 2680 3000
375 2703 3001
2445 2383 3002
1807 2792 3001
1813 1670 3001
1713 42 3002
2936 97 3000
592 783 3002
1542 2405 3002
530 2297 3002
1590 1040 3000
2789 21 3001
715 162 3001
1068 2782 3002
817 2699 3000
2016 862 3001
1042 2658 3000
669 1185 3000
2565 2006 3001
295 1290 3001
861 581 3000
2145 2353 3001
624 2190 3001
1921 2980 3000
407 305 3000
1725 861 3001
1490 2843 3000
2901 72 3000
503 698 3001
1983 779 3000
1309 1972 3000
2686 685 3001
1070 10 3000
1604 419 3000
1088 799 3001
2441 1013 3001
2179 2467 3001
1123 2549 3001
1682 2105 3000
1418 2967 3002
342 1800 3001
787 2279 3002
1759 1410 3001
2836 32 3000
2773 2386 3002
2259 2369 3000
54 2505 3000
789 750 3002
1883 1313 3001
472 1218 3002
911 353 3001
2859 637 3001
1127 2834 3000
708 2033 3002
717 1667 3002
1929 2341 3002
1117 1891 3001
739 2070 3002
1375 315 3001
2874 1604 3000
2577 1291 3000
1227 330 3000
389 1740 3002
264 1455 3000
172 2095 3002
749 2740 3002
867 1358 3001
157 958 3001
2497 2244 3001
863 1012 3001
67 2642 3000
2914 2563 3002
758 129 3002
1241 2210 3002
1179 2982 3000
1571 1205 3001
2429 2453 3000
2362 1937 3001
974 2020 3001
2846 1947 3002
1767 2055 3002
1119 237 3001
200 1542 3000
1763 104 3001
1195 1374 3001
2953 1614 3000
2600 2629 3001
296 824 3001
1686 2520 3001
1842 382 3001
2714 874 3001
1001 228 3002
1695 441 3001
44 126 3001
2680 2816 3002
2490 1574 3000
2785 1493 3000
1047 1200 3000
2180 880 3001
1572 1733 3002
632 666 3002
1177 1114 3002
1059 247 3001
1375 2693 3001
2660 1872 3001
1180 1984 3000
317 653 3000
1996 1938 3002
2005 1407 3001
1432 1804 3001
2217 1971 3002
2119 1259 3002
2730 1754 3002
2425 2756 3000
2664 1931 3002
733 378 3002
1021 1877 3000
1593 1866 3002
780 2366 3001
133 156 3002
61 1992 3002
2906 742 3001
826 1238 3000
1282 2866 3001
1418 1981 3000
1699 362 3001
2551 610 3002
625 2390 3002
1039 1678 3000
1476 2507 3000
2118 2092 3002
191 2407 3002
1005 2469 3002
2744 312 3002
2708 984 3000
113 161 3002
812 2620 3001
1884 1725 3000
1465 2416 3000
2503 2383 3002
2944 2133 3001
764 2284 3000
1858 1766 3001
575 1239 3001
781 2223 3002
211 2668 3002
1320 2273 3001
400 2343 3001
225 1252 3001
1676 2487 3001
2423 2613 3000
220 1710 3002
744 1091 3001
902 2236 3000
1628 890 3002
2805 1750 3000
1964 2719 3001
404 2723 3002
2349 1539 3001
2881 271 3002
2737 348 3000
2607 1994 3001
566 1315 3000
1747 2638 3002
1273 2427 3002
2826 2045 3001
2990 899 3000
1191 884 3001
2904 1035 3002
2450 132 3000
1214 721 3002
2208 1756 3002
831 1335 3000
1174 621 3001
526 1556 3002
1341 2946 3002
2128 159 3002
2160 2119 3002
108 2721 3002
1501 1690 3000
936 1338 3001
1200 651 3001
1704 321 3002
2928 2634 3001
2434 804 3001
1817 1461 3000
2925 1074 3000
1661 1084 3001
2837 428 3001
2023 2709 3000
2640 1498 3000
1439 2039 3002
1757 1554 3002
475 2245 3002
1669 1070 3001
1616 1065 3002
1450 1121 3001
1761 621 3002
2782 821 3000
928 2183 3002
2165 1193 3002
2532 1673 3002
1766 720 3000
1869 1388 3002
537 1934 3001
1751 1176 3002
268 2508 3002
2682 2713 3000
710 2142 3002
243 294 3000
2623 1079 3000
2464 1462 3002
433 2771 3002
1032 1028 3002
1738 2223 3002
392 1340 3000
2659 2204 3000
2194 465 3002
2059 2671 3001
2616 454 3002
1441 1653 3001
1165 349 3002
2062 2009 3002
2419 1961 3000
1037 2153 3001
2373 2549 3002
379 1891 3000
1736 989 3000
1609 744 3000
1884 1573 3002
7 1934 3000
644 2074 3002
472 87 3001
749 1194 3002
2372 1815 3000
2168 2463 3002
2991 2982 3002
1721 2319 3001
2809 491 3002
2762 1131 3002
1433 178 3001
186 2315 3001
569 443 3001
2797 2805 3001
2448 350 3000
2504 2015 3002
68 98 3000
2378 178 3002
360 377 3000
1644 2889 3002
1345 1083 3000
2783 605 3000
2703 1652 3001
1980 1091 3002
1998 1288 3000
2381 1486 3000
2799 1855 3002
1893 1586 3002
1155 1337 3001
190 2636 3001
189 1405 3002
1090 657 3000
1999 209 3000
2752 25 3000
1738 1985 3000
375 1251 3000
2280 1240 3001
838 1775 3001
2320 2514 3000
510 926 3001
734 2970 3000
1360 801 3002
1232 566 3001
2200 2132 3002
2856 972 3002
1524 868 3002
2494 740 3000
2506 2043 3002
1583 467 3001
142 1548 3001
920 1706 3002
1820 2531 3001
1750 1261 3000
1303 859 3000
1586 1965 3001
563 1457 3001
1076 1250 3000
2835 593 3000
436 2283 3000
1357 357 3002
2812 2519 3000
2039 2490 3000
2401 1746 3002
835 2685 3002
68 532 3001
2159 2005 3000
2925 1570 3002
29 226 3001
1740 1455 3001
340 1304 3002
1593 1177 3002
932 1823 3001
803 1204 3000
118 40 3000
184 2029 3000
1623 2438 3002
1050 325 3002
2354 1240 3002
1897 722 3002
423 1604 3001
2989 2274 3001
1160 1938 3001
48 2479 3000
2260 521 3001
30 2233 3000
2848 702 3002
1440 2617 3000
2420 415 3001
482 334 3001
344 1984 3002
1489 559 3001
650 2803 3000
1933 1600 3001
917 1414 3000
1700 723 3001
561 2602 3000
2735 585 3001
2810 2914 3001
1722 517 3001
1499 1958 3001
366 2159 3002
1650 185 3001
1452 1298 3001
1882 2607 3000
212 233 3002
1829 819 3000
920 2518 3001
1967 1421 3001
1013 2077 3000
1137 777 3001
109 1818 3000
2676 689 3002
2801 2159 3001
2241 1413 3001
284 489 3001
710 2408 3000
2096 430 3000
1217 2060 3000
596 345 3000
2066 2669 3002
485 1057 3000
1533 1317 3000
1904 1024 3002
795 696 3001
2790 2303 3002
2074 2900 3002
1634 533 3001
414 224 3001
2571 1540 3000
100 2855 3000
1096 2733 3000
967 857 3002
2561 766 3002
1780 1111 3000
1801 1016 3002
428 1999 3000
498 1369 3001
1424 84 3002
2196 691 3000
196 2161 3000
1833 2414 3002
932 889 3000
2078 1649 3001
2135 2197 3000
2617 1336 3000
2189 168 3000
1488 1343 3000
2973 2689 3002
2366 481 3000
2838 2030 3002
1554 954 3002
2299 874 3000
1061 1620 3000
2519 1610 3001
294 820 3001
285 1955 3000
6 849 3002
1755 2198 3000
603 2995 3002
509 2088 3001
1678 876 3001
975 2568 3001
151 2366 3000
439 2925 3001
2401 565 3000
1492 959 3002
2148 346 3001
334 2195 3000
2262 1954 3000
1909 2216 3000
1748 1153 3001
2265 2794 3002
1176 206 3000
2759 545 3000
2523 1966 3000
1421 839 3000
2486 1787 3002
2725 2322 3001
396 1719 3002
1086 2522 3001
2786 586 3001
719 2551 3001
1752 2372 3000
2590 1551 3000
194 976 3000
2150 534 3000
681 2699 3000
2692 2710 3001
2538 2350 3002
1919 324 3001
1263 318 3001
2310 479 3000
2509 2093 3000
2067 2317 3002
1680 837 3001
1822 1368 3000
2228 2459 3001
1000 1621 3002
140 538 3000
2024 2562 3001
2894 55 3000
1690 2746 3001
1287 1872 3002
730 1162 3001
2215 2963 3002
14 2162 3002
2064 2962 3000
2736 1435 3000
2176 2316 3001
1018 524 3000
2667 2016 3001
1558 88 3000
1058 1464 3000
2024 1001 3000
2128 2514 3002
2916 795 3001
1793 2879 3002
1375 1391 3002
1716 2512 3002
2778 864 3000
665 2963 3002
112 526 3002
2587 2470 3000
800 2254 3000
704 1094 3002
2709 306 3000
2402 2905 3002
612 1392 3001
2311 735 3000
1904 2100 3002
2202 790 3000
2878 1611 3000
1367 1230 3002
735 2683 3000
418 1087 3000
1418 852 3002
2132 1357 3000
29 2099 3000
2525 2099 3002
2291 644 3001
1108 985 3000
2604 278 3001
1532 2400 3002
1157 1072 3002
1206 733 3002
2592 2226 3000
1470 536 3000
2572 1289 3001
2604 664 3002
1638 2264 3002
1242 2367 3000
1584 877 3002
2596 48 3002
2944 1234 3000
2202 1100 3002
1125 2601 3002
2687 1173 3000
365 2975 3001
604 1677 3002
2487 1613 3001
253 2150 3001
249 673 3000
1690 1340 3002
2120 754 3002
2237 2018 3001
2392 1212 3002
2845 67 3001
275 2588 3002
783 1066 3000
1154 447 3001
2221 1134 3000
510 575 3002
10 388 3002
2995 850 3002
403 2546 3000
2812 2866 3001
1041 1175 3001
1204 2214 3001
2697 948 3000
2189 694 3002
1378 1011 3001
2528 6 3000
1507 814 3002
2892 2337 3000
2552 2647 3000
2392 904 3000
1579 2424 3002
2885 85 3002
75 1640 3000
2941 1529 3002
1265 1718 3000
2408 802 3001
2804 833 3001
171 2720 3002
2296 1092 3000
1316 1157 3001
595 195 3002
2302 2676 3001
481 902 3001
881 2040 3002
2978 2749 3001
1617 1871 3000
2379 1110 3000
2748 981 3002
2234 2381 3001
1339 1562 3001
2084 1539 3001
471 2917 3000
1675 2800 3000
1889 1564 3001
587 2478 3001
2098 2883 3001
1686 126 3001
475 339 3001
2813 2104 3000
257 2484 3001
2555 1602 3002
2757 1683 3001
1731 469 3000
997 96 3001
794 2185 3000
561 2697 3002
2894 2546 3000
934 165 3002
1991 596 3001
2690 2211 3001
1300 2382 3002
2350 1489 3000
2904 752 3001
1192 114 3000
965 2985 3002
2446 1504 3001
754 242 3000
1291 2477 3000
2150 2158 3000
2082 2748 3002
1784 999 3000
2803 1098 3002
504 2578 3002
251 372 3002
2370 888 3000
810 1061 3002
590 2519 3001
215 630 3000
2302 246 3002
1212 747 3001
2498 1135 3002
1420 1195 3001
1095 1505 3000
1071 2888 3002
2389 1915 3002
15 735 3001
663 2226 3002
1697 1734 3000
2239 2286 3000
741 279 3002
871 1450 3000
998 379 3002
1636 2042 3000
1814 2687 3002
2256 2649 3000
1583 1125 3002
291 657 3002
1173 2560 3002
2565 1969 3002
216 1568 3002
1353 2075 3001
1304 1045 3001
746 1513 3002
963 2181 3001
563 429 3000
2935 2241 3000
1103 2806 3002
1207 1993 3002
881 1549 3000
1006 707 3000
2739 512 3001
491 1633 3000
691 2726 3001
863 2624 3001
2414 1268 3001
2161 927 3000
2283 169 3001
2875 1776 3000
453 977 3002
2125 2307 3000
2430 2453 3002
1753 953 3000
2776 547 3002
121 437 3002
191 1705 3001
1808 304 3002
1790 2712 3001
1447 365 3002
2707 2141 3002
2771 678 3002
835 553 3000
1213 1295 3001
1820 312 3000
2879 2450 3001
1657 2988 3000
793 109 3001
1080 2250 3000
1183 314 3001
1284 975 3002
1006 1112 3001
2139 2202 3002
2559 1015 3001
1660 2882 3001
2891 591 3001
45 1197 3002
611 1484 3001
2701 1792 3002
2330 1368 3001
2911 117 3000
866 583 3000
825 2629 3001
2798 2342 3001
2144 1577 3001
2173 766 3000
413 160 3002
1285 36 3001
1146 667 3001
523 635 3000
1849 1313 3000
1475 518 3000
1894 1216 3001
975 2920 3001
1171 2817 3001
646 2182 3001
910 751 3001
1745 252 3001
953 496 3002
1625 1800 3000
2310 1881 3002
1509 303 3000
2934 2402 3002
12 1503 3001
442 1084 3000
1458 192 3001
2969 1785 3001
406 1755 3001
1245 2761 3000
855 1680 3002
1789 371 3002
2864 325 3002
2620 474 3000
2094 2127 3001
2097 2906 3001
1838 2357 3002
2336 1754 3002
632 1516 3000
1919 462 3002
2414 2710 3000
2094 237 3000
946 866 3000
444 1271 3000
103 1277 3001
2255 1560 3002
1260 2206 3000
2131 179 3000
2727 2747 3001
238 1471 3000
310 878 3000
1408 1102 3001
383 2607 3000
1905 2007 3002
1737 1652 3000
2752 2538 3002
1827 2322 3000
2609 1244 3000
655 751 3000
444 8 3000
692 1713 3000
2951 2078 3000
693 866 3002
906 1739 3002
1603 905 3001
1086 2924 3000
267 1756 3001
357 1512 3001
2733 1156 3001
96 227 3002
258 2140 3002
2769 2584 3001
1796 1834 3002
627 2791 3001
2943 1159 3000
2184 760 3000
301 2908 3001
1428 37 3002
1082 1960 3002
1647 631 3002
1911 2818 3001
1385 654 3002
1733 437 3000
1926 788 3000
711 2974 3000
64 1482 3001
402 2338 3002
2947 2901 3001
393 2535 3001
2165 214 3000
180 1940 3001
840 2552 3000
1629 2940 3002
2285 166 3002
1408 2355 3001
726 424 3002
2862 53 3000
1466 1703 3001
2589 2425 3001
2229 2309 3001
353 1374 3001
2145 1664 3000
1816 1645 3001
1992 153 3000
1345 1196 3002
128 1063 3001
293 1707 3002
1951 1988 3002
1908 2912 3001
1149 782 3000
1880 2774 3001
1733 1332 3001
643 2358 3000
2932 1785 3000
1670 2225 3001
1733 1992 3000
1445 2487 3002
246 2132 3001
2761 1497 3000
1101 218 3002
1044 2832 3002
990 1203 3000
453 1185 3002
2625 1902 3001
2952 2606 3001
675 2690 3002
1228 1828 3000
1386 2674 3000
1276 1069 3000
170 2189 3000
620 1018 3000
2984 1014 3001
740 1274 3002
2077 2578 3002
58 57 3001
322 2876 3000
1480 2433 3000
1852 903 3000
258 2511 3002
1627 376 3001
2475 2403 3000
2642 1131 3000
856 2696 3000
2566 1578 3001
1051 1201 3000
1705 2509 3001
412 129 3000
212 2743 3001
2761 937 3001
549 2377 3002
1987 1302 3002
1449 10 3002
1557 106 3002
649 2607 3001
196 35 3001
1698 2212 3002
2835 1669 3002
776 1305 3001
2871 1783 3000
224 1480 3001
1143 2469 3000
1219 2872 3001
904 1775 3001
2264 75 3000
477 1342 3002
1911 975 3002
940 1798 3001
714 1182 3001
326 2855 3000
1599 1888 3000
2515 2395 3002
1922 893 3001
1990 1633 3000
1517 2974 3002
2201 1565 3001
2100 2656 3000
378 848 3000
2011 2145 3000
297 448 3000
2700 1148 3000
844 2047 3000
15 705 3002
956 1780 3001
2842 422 3001
1534 32 3002
1128 1152 3000
845 1225 3000
843 163 3000
2533 1621 3001
136 2329 3001
576 2111 3002
993 335 3000
376 729 3001
264 2549 3000
63 719 3000
2750 1488 3001
1307 1601 3000
1950 2170 3000
727 748 3002
597 2468 3002
2499 1663 3000
476 1199 3000
2243 333 3000
2521 1476 3000
242 506 3001
177 2616 3000
549 1034 3000
2091 1430 3000
2060 2205 3002
934 2841 3001
1301 1641 3002
2755 95 3001
441 445 3000
1848 2439 3001
2799 2918 3001
55 2291 3000
1984 2548 3001
677 503 3000
1211 13 3002
2383 321 3002
1215 1714 3002
1073 2114 3000
2135 2086 3002
2410 1058 3001
921 564 3002
643 2639 3000
559 215 3000
1666 2807 3001
527 2322 3002
1278 2532 3000
1441 1892 3000
2332 1177 3000
278 2720 3000
1188 2904 3002
716 1986 3001
1948 1026 3002
951 2140 3002
1076 2852 3000
764 1030 3001
1443 2653 3001
1290 1105 3001
1004 2244 3002
2423 745 3002
2152 2207 3002
545 223 3001
1681 2184 3000
2327 900 3002
1527 2529 3002
2331 2102 3002
2458 2881 3000
2174 1094 3002
2032 1778 3001
1648 2806 3001
2848 2707 3001
887 2637 3001
869 2640 3002
118 2576 3000
1387 185 3001
967 1082 3001
828 613 3002
2446 2684 3001
2188 661 3000
154 1419 3002
2265 602 3001
2958 1841 3001
645 1555 3000
90 849 3001
2644 731 3002
1777 206 3002
208 1659 3002
1316 2493 3002
1953 38 3002
1474 2417 3001
1506 623 3001
71 2405 3001
2681 984 3001
52 2573 3000
1351 1170 3001
1266 1126 3001
1131 1786 3001
2906 2018 3002
236 2308 3001
781 2928 3002
105 2106 3000
1868 513 3001
990 1514 3001
2817 1805 3000
718 1890 3000
296 2807 3002
391 1685 3002
158 769 3000
1569 2087 3001
1992 627 3001
797 1395 3001
128 1329 3001
2665 2415 3001
2462 1077 3001
2729 1411 3001
2069 2310 3002
75 2836 3001
1677 1921 3000
1054 2358 3000
1750 1973 3000
504 122 3001
2197 1008 3000
200 1869 3001
2728 556 3000
830 1323 3002
753 269 3001
1782 2996 3001
2744 1867 3001
2193 2742 3001
2898 819 3000
300 1598 3002
199 2830 3001
1065 2688 3000
124 2593 3002
2294 2971 3002
1876 2131 3001
2242 1368 3001
1977 2877 3000
1945 1972 3000
1169 135 3001
1807 697 3000
1194 515 3001
194 512 3001
128 2830 3002
1409 2055 3001
2113 2037 3001
2456 2597 3002
518 606 3001
2715 2459 3001
2468 2660 3002
2990 1641 3001
2449 1651 3002
870 50 3000
1409 1847 3001
659 1895 3001
226 2901 3000
2421 1326 3002
2258 1058 3002
1617 939 3002
1129 1116 3000
78 501 3000
438 588 3002
139 1608 3002
359 2137 3001
927 684 3001
589 1120 3002
2034 836 3002
1537 2260 3002
1716 1554 3001
1104 1612 3002
2155 38 3000
2985 602 3002
94 594 3002
2223 1788 3000
2668 455 3000
329 2260 3000
1167 2823 3002
1838 2958 3002
724 2478 3000
1057 2371 3000
628 2242 3001
313 790 3002
2250 1391 3002
2539 757 3001
2777 2365 3002
328 2262 3000
283 987 3001
1606 1988 3000
811 1694 3001
2930 2343 3000
1882 512 3001
609 2711 3001
2013 2636 3002
1284 1023 3001
2945 2151 3000
1649 179 3002
695 521 3000
531 2723 3001
1863 1526 3002
662 1130 3002
2632 1674 3000
6 2948 3000
2175 1378 3001
789 551 3002
2462 2321 3000
658 1522 3002
728 1277 3001
426 1147 3002
52 2715 3002
1236 775 3001
2397 1691 3000
2147 2823 3002
2629 1147 3001
2677 79 3002
800 2086 3002
131 113 3002
573 1124 3001
2626 325 3000
2474 653 3002
2332 500 3002
2844 309 3001
480 1641 3002
2874 333 3001
486 860 3002
1758 2522 3001
23 2472 3001
1926 897 3001
361 1394 3002
841 2972 3002
2504 352 3002
1505 1485 3001
2172 1639 3002
2255 2199 3001
1501 1498 3001
265 1641 3001
2428 2715 3001
1728 107 3001
2058 1987 3002
684 17 3002
669 432 3001
2852 295 3001
1732 1712 3000
1530 1148 3000
2149 2521 3002
430 1194 3001
2775 1104 3002
1198 2113 3000
182 1012 3001
733 2384 3001
2055 1709 3001
1708 1350 3000
1151 2804 3002
709 1263 3000
2830 1778 3002
1906 43 3002
843 2261 3002
1398 332 3000
2419 261 3000
1113 1599 3002
1304 2983 3000
933 2722 3000
2300 1509 3002
307 412 3001
330 2506 3001
2216 1836 3002
23 1865 3000
1577 1605 3000
874 1178 3001
532 1845 3002
2509 703 3001
284 2307 3002
843 2153 3000
2485 105 3001
1168 152 3002
817 2028 3000
1269 1856 3000
1528 571 3002
1201 1461 3000
2892 335 3001
2227 2508 3002
1210 2491 3002
2214 106 3001
1682 167 3001
2019 996 3002
1506 77 3000
2017 41 3001
102 1584 3001
1976 2075 3001
2287 2109 3001
2960 1428 3002
887 2146 3002
2396 363 3000
2107 2738 3001
2539 1522 3001
398 1832 3000
2352 2249 3002
86 1653 3002
342 2873 3000
2826 259 3002
2466 1846 3002
1567 2968 3000
2941 2160 3002
315 1569 3002
2539 695 3001
1281 424 3000
1962 1065 3001
2098 2726 3000
2591 1851 3001
517 817 3002
51 362 3002
1101 1485 3001
240 2853 3002
505 617 3001
1717 958 3001
2002 2579 3001
92 1640 3001
2199 567 3000
2771 1316 3001
363 294 3002
1690 1992 3000
1543 346 3001
238 1806 3001
853 2345 3000
2730 2644 3000
279 2314 3002
1938 2317 3001
1293 796 3001
81 706 3000
1612 2118 3001
1353 539 3001
342 1097 3001
1792 32 3001
1036 274 3001
2385 15 3000
508 282 3002
476 1818 3000
700 1002 3002
1308 1275 3002
1923 1998 3000
2862 2017 3001
1647 1422 3000
2908 1655 3000
1733 1851 3000
1381 387 3001
719 867 3000
2866 943 3002
508 2878 3002
1410 766 3002
2002 1862 3001
1221 2278 3000
541 841 3001
778 1844 3000
768 2020 3000
2045 574 3000
2293 1727 3001
1436 1296 3002
1783 2116 3001
1948 671 3000
1251 76 3002
1153 1844 3001
769 1623 3002
87 2331 3002
931 502 3001
1382 858 3001
1774 2162 3000
1912 2037 3000
2659 288 3000
1511 1294 3001
1347 2025 3000
1475 991 3002
1110 2231 3002
153 470 3000
2887 2842 3001
1689 290 3001
2480 1311 3002
557 443 3001
2134 491 3001
2864 2695 3000
2479 2057 3002
1381 1585 3002
2222 808 3002
1473 152 3000
2823 1397 3000
1289 2374 3000
952 1055 3002
347 1554 3001
303 2272 3002
942 2865 3002
990 498 3002
784 933 3001
833 2535 3001
2051 2921 3001
299 602 3000
2362 1145 3002
102 1307 3002
2015 2646 3000
1141 1958 3001
900 1580 3000
1118 2062 3000
1474 280 3002
2044 2086 3002
2551 270 3001
1781 196 3000
616 168 3000
2946 2701 3000
2088 2630 3000
842 2779 3001
563 2926 3000
2455 27 3000
267 1842 3000
2376 155 3002
2349 498 3002
2588 2912 3001
2132 1092 3000
2520 1809 3002
2508 816 3002
680 108 3001
354 1550 3000
1230 1714 3002
2450 1871 3000
2028 1800 3001
1627 1328 3001
422 766 3002
2416 1869 3000
1699 983 3001
2483 368 3000
1256 838 3001
897 903 3002
2464 2080 3001
753 1560 3001
2901 2029 3002
2382 192 3001
1831 2058 3000
2515 1889 3000
1963 916 3002
1193 2158 3000
1820 668 3001
542 947 3000
2316 391 3001
2553 1567 3000
2363 2884 3001
1240 564 3000
373 925 3000
982 807 3000
2961 791 3000
1876 673 3002
2679 1553 3000
2662 931 3001
334 2299 3002
2075 1917 3000
1559 844 3000
16 1820 3001
2793 2475 3000
1401 2329 3002
261 1226 3002
1443 395 3001
2813 471 3000
1170 2108 3001
1376 2612 3002
952 2981 3000
1935 343 3001
692 2236 3001
468 2158 3001
198 722 3000
583 923 3000
458 1281 3001
1061 914 3000
2903 2147 3000
893 2788 3001
1163 337 3002
2671 2818 3001
1460 1781 3000
1133 499 3000
2090 530 3001
458 2930 3002
801 2907 3000
432 2223 3000
630 31 3000
1489 1760 3000
2205 1167 3001
565 1053 3002
1014 1161 3000
1028 2403 3000
2411 1458 3000
2954 853 3002
2536 2373 3002
2039 2021 3000
1744 2963 3001
1725 1192 3002
176 2406 3002
2989 2391 3001
1930 1179 3002
1763 1727 3000
675 1591 3000
2109 1753 3002
896 2647 3002
1064 91 3000
2238 2999 3000
145 1800 3001
2988 452 3000
2652 808 3001
2180 2601 3001
2360 2281 3000
1176 1985 3000
2397 430 3001
2657 1711 3002
1152 2832 3001
2566 90 3001
607 2343 3002
811 1705 3001
2664 511 3001
1776 1050 3002
316 2876 3002
2964 330 3001
1643 1768 3000
2023 1018 3002
3 2937 3002
1038 513 3001
1932 747 3000
746 457 3001
355 2924 3000
1771 1887 3002
2001 108 3000
2239 257 3002
420 203 3000
2491 451 3000
448 1984 3000
1676 2799 3001
222 2618 3001
1336 2413 3000
1628 1205 3001
2435 631 3001
135 2434 3000
2714 1945 3000
1810 2646 3000
805 2118 3002
2300 1717 3001
2466 2325 3002
2267 2960 3000
653 2095 3001
2933 1472 3001
2173 531 3001
2524 1061 3002
727 1752 3000
2328 1502 3000
1688 1603 3000
1327 852 3002
1434 987 3001
124 553 3000
182 1364 3001
454 1154 3001
138 2303 3001
1739 814 3000
1740 639 3002
1666 2242 3000
2449 2368 3000
59 444 3001
1258 1986 3000
2779 2393 3000
2855 1785 3001
1747 2636 3002
2932 1782 3001
2220 2736 3001
1197 1720 3001
2569 2778 3000
584 2997 3002
2048 2885 3000
1356 1181 3000
1702 2456 3000
2326 279 3002
1106 1399 3001
333 2613 3001
2856 521 3002
1920 120 3001
2152 2404 3001
850 1099 3000
1143 486 3002
865 131 3001
2821 1362 3000
998 862 3001
778 1483 3001
1632 1367 3001
1560 1280 3001
2187 429 3002
2830 205 3001
2695 1181 3001
551 1160 3002
452 770 3000
2593 1426 3001
126 2444 3000
1227 2876 3002
340 1581 3000
1155 1889 3002
746 2993 3000
2864 2892 3001
2406 61 3002
2431 2683 3000
966 1727 3002
801 533 3002
1797 670 3001
736 1563 3001
2049 2733 3000
1636 2734 3001
800 135 3001
2966 2325 3002
1250 1796 3000
65 1559 3002
2014 2160 3001
1857 707 3001
1760 540 3002
1122 987 3001
653 1429 3001
1636 1243 3000
2056 522 3000
2587 393 3001
2678 1350 3001
2297 2655 3002
460 148 3000
2384 448 3000
2409 1825 3002
425 585 3002
757 2906 3001
2145 2972 3002
1799 2069 3001
2986 495 3000
704 2611 3002
906 2931 3002
1956 394 3002
1806 46 3001
2379 1226 3002
2103 918 3001
2304 2923 3002
1318 2735 3001
2198 2233 3002
2615 1282 3001
1487 2767 3001
1547 606 3001
707 500 3001
2177 509 3002
734 2489 3000
2570 1929 3001
1978 371 3002
2689 1233 3000
73 951 3002
2076 1281 3001
1025 319 3000
669 1450 3001
478 2992 3000
900 347 3001
1067 1559 3001
833 1482 3000
1024 2800 3000
975 459 3001
2219 601 3000
1495 2401 3002
2323 2890 3000
1152 330 3000
741 1348 3000
2048 2536 3001
1030 2977 3000
2711 503 3001
1158 1405 3002
2182 1723 3002
1927 2672 3002
2949 798 3000
1966 2820 3001
1807 2586 3000
1963 1394 3001
2643 402 3000
1856 2595 3000
1372 1989 3000
1377 578 3002
1607 1219 3001
1225 1006 3000
1797 2759 3002
1870 2251 3001
1732 2508 3000
2514 1846 3000
2323 2120 3001
2090 2758 3000
2160 537 3002
1886 2196 3001
942 1924 3000
1922 526 3001
493 444 3001
964 760 3002
1694 2879 3000
180 2487 3002
1220 2953 3001
1048 421 3002
2481 1031 3001
909 1742 3001
338 986 3002
873 1746 3000
187 2700 3001
516 1143 3001
458 1673 3002
1276 1095 3000
865 1394 3001
1312 2023 3000
105 1657 3002
1569 1137 3002
45 1218 3001
1742 1649 3001
2734 1844 3000
2364 1476 3000
1168 2828 3000
556 2336 3002
2608 2489 3001
1695 1917 3001
1864 2839 3002
61 2080 3000
325 994 3000
160 721 3001
2647 980 3002
2155 754 3000
2029 2937 3002
2481 501 3002
1002 678 3002
1982 114 3001
894 431 3001
683 2537 3001
2169 996 3001
1465 2418 3000
504 178 3002
1477 1430 3001
2913 1680 3001
2611 151 3000
2557 1272 3001
834 1924 3001
1584 2889 3001
1984 395 3002
738 1577 3002
339 354 3002
1007 556 3001
424 2269 3000
5 2010 3000
2605 1425 3001
2610 2029 3000
1757 1141 3001
523 2336 3001
605 2581 3002
1319 1163 3001
696 771 3002
160 1184 3000
701 110 3001
1603 2464 3001
2409 98 3001
1655 2139 3002
868 1596 3000
932 1469 3002
1782 1023 3002
580 1200 3001
2014 373 3000
853 1545 3000
2365 2952 3001
18 771 3000
1228 1325 3000
1037 1048 3001
699 1306 3001
417 2309 3001
1635 2285 3000
2052 2154 3001
2774 2969 3002
239 1679 3000
1169 497 3002
2496 218 3001
1411 2209 3001
2878 2332 3000
205 748 3002
1983 1221 3002
155 2241 3000
2479 2862 3002
1942 1055 3001
1657 881 3001
641 509 3000
2192 2498 3001
1978 133 3000
2247 4 3001
970 289 3002
62 1022 3002
1820 1132 3000
1352 1989 3000
2183 490 3002
853 1001 3002
359 1134 3000
381 2500 3002
2558 1758 3001
2323 489 3000
1758 2789 3000
1371 743 3001
281 714 3000
560 283 3001
392 454 3000
2351 1966 3001
2085 1020 3002
763 1130 3002
546 501 3001
2649 1868 3002
47 948 3002
1893 2181 3001
2822 522 3000
2550 374 3002
1244 24 3001
2664 1957 3001
14 1656 3001
2760 1411 3000
1175 486 3001
615 1684 3000
1187 652 3000
1242 1130 3001
2879 1420 3000
396 889 3001
1410 1451 3000
2534 2896 3000
1199 1900 3002
371 457 3000
1291 864 3002
2962 2579 3000
1577 2909 3000
1470 1490 3002
2945 2828 3002
1032 1352 3002
659 1440 3001
1550 462 3002
2957 2442 3001
792 2489 3000
2882 879 3001
1075 1968 3001
1744 1767 3000
2099 2933 3000
420 2454 3001
2114 601 3002
2235 22 3002
857 972 3000
1242 1035 3001
1467 327 3001
1642 1400 3002
2190 440 3000
231 145 3001
706 2290 3001
2741 299 3002
563 773 3000
634 2420 3001
2526 102 3002
71 176 3000
812 923 3002
1174 1104 3000
2628 1855 3002
2650 1711 3001
1097 1238 3000
1900 2877 3002
1418 1220 3000
1049 2026 3001
