3000 1030 10000
170 1671 10000
0 1420 10000
2998 2584 10000
2997 1138 10000
2996 13 10000
2995 194 10000
1870 2415 10000
2994 116 10000
2992 1216 10000
2991 301 10000
2990 1479 10000
2989 2616 10000
763 1398 10000
2988 1529 10000
2986 2451 10000
2761 1447 10000
2985 839 10000
2983 136 10000
2982 2293 10000
2981 1047 10000
2980 2153 8
2979 2386 10000
2978 185 10000
2977 1133 10000
89 1729 10000
687 2939 8
2976 402 10000
2973 899 10000
2972 17 5
2971 1464 9
2970 1291 10000
308 2987 10000
2969 2569 8
2967 2237 10000
51 224 10000
2966 229 3
2964 2422 10000
643 2557 1
76 2497 10000
2963 729 10000
2960 184 10000
2959 1340 6
2958 1892 10000
1387 1624 10
2957 1706 10000
2955 2669 10000
853 1173 10000
2954 2420 4
2952 2243 10000
2951 2631 10
2950 84 10000
2949 2858 10000
2948 2264 10000
2943 472 10000
2796 2346 10000
2947 386 10000
2944 2879 10000
1569 1876 10000
1881 113 10000
2946 2827 10000
2940 1047 6
2939 1859 5
2939 1499 4
687 1700 10
1700 524 9
2939 1431 2
1700 2543 9
2543 2191 3
1700 227 5
329 2749 10000
2939 1951 6
2191 2649 1
1499 343 6
2939 2965 10
2351 1020 6
687 1809 1
2649 1836 9
1836 1749 7
687 1890 4
2543 1074 9
526 191 10000
1431 1669 9
1700 1598 10
1669 418 2
1700 1862 4
2965 1084 5
687 801 1
1951 1048 7
451 2641 10
1598 1132 1
2191 1226 5
1598 2310 1
1074 618 6
1809 2954 9
1226 2932 7
1859 2164 9
1951 1376 8
1700 160 6
1951 768 10
524 1411 1
527 468 10000
2420 894 2
510 1917 10000
1499 2641 4
1890 73 8
2310 1009 3
2932 2882 2
894 2129 4
73 2078 5
2420 2202 10
1809 2206 10
1890 2834 9
2310 2006 1
2932 2219 1
343 1148 3
1964 2445 7
2543 727 5
2834 1601 1
2578 1751 10000
1669 132 5
2006 645 1
2310 1566 8
451 335 10
1598 2590 1
2932 682 4
1009 1149 1
1411 2896 3
894 1778 7
2219 1058 1
2191 1558 2
618 290 5
727 2285 10
1558 1872 1
1626 2340 10000
2088 2593 10000
1951 2351 8
2939 1805 1
1753 2284 1
2932 593 3
2543 299 6
2202 870 10
299 2655 10
801 2674 2
1806 2120 10000
2219 1464 7
1431 851 7
2490 2137 10000
851 2733 5
687 309 4
1951 277 7
1149 1710 8
160 2472 1
1558 1364 5
1074 1816 1
2219 69 10
2223 1893 10000
1376 2662 8
1373 1471 10000
277 2997 6
986 1634 10000
1872 2412 9
497 1090 4
1376 2002 2
645 2255 8
160 2466 6
870 1124 4
132 2311 2
290 3 8
2002 2650 6
2226 473 10000
2834 453 9
1148 2421 4
1020 2745 7
2601 641 1
1003 198 10000
2024 1976 10000
2834 1023 5
453 212 4
1778 1983 1
2202 2548 3
1084 568 4
2965 1984 10
2285 2703 8
384 2561 10000
2421 1644 3
2971 571 9
894 99 7
2997 2010 1
451 1232 10
1020 1424 10
1411 2468 9
1778 1073 9
2285 2707 9
1872 1897 9
646 1516 10000
1229 1337 8
1058 2213 1
279 2881 10000
16 488 10000
2206 702 8
125 1732 10000
1778 1534 3
2590 2668 1
2202 2323 8
1464 226 1
418 1254 4
212 1952 3
453 1395 7
1138 1080 7
99 296 3
1364 2829 3
132 409 5
1148 2854 2
1515 2922 10000
768 550 9
1124 812 7
409 2042 3
768 180 8
2206 1451 7
1138 1823 10
471 1682 5
99 1742 1
1911 1713 10000
2965 2344 7
768 2776 7
1364 255 6
2660 1518 10000
550 2675 6
2997 1550 3
99 1167 8
2965 2763 9
682 743 3
2543 1581 6
2703 780 7
2311 17 8
2562 859 10000
73 2188 4
1836 2715 7
687 1947 3
1048 2199 9
1601 1511 3
2129 521 6
2776 2159 8
132 2787 9
2323 45 7
1809 997 10
1700 2786 9
524 1899 8
255 985 6
409 1437 5
801 2204 4
2285 1561 7
2414 1342 4
1023 280 8
618 291 6
2344 834 9
1983 1318 2
1669 970 6
2042 1722 5
1395 1574 1
255 2811 9
290 391 3
2763 629 10
1951 1399 8
2129 1363 8
629 437 6
2770 679 10000
299 2185 4
727 275 3
1983 926 1
453 1340 7
391 1090 3
291 1879 1
2311 1938 5
727 1794 3
894 289 8
1090 1759 10
2255 2645 10
451 1681 4
1722 1801 2
2042 2467 4
2311 262 6
107 1163 10000
347 398 10000
1356 2909 10000
550 1795 6
1511 114 10
2811 2924 7
132 2738 6
1563 888 10000
1801 794 1
1074 481 8
1561 2815 2
212 698 8
521 2456 2
2668 2819 5
343 774 8
774 1030 7
1823 339 7
2427 869 10000
309 2320 3
550 2941 5
2219 2138 6
870 2918 1
262 2883 6
794 573 9
2548 1800 9
409 2298 9
2159 1682 8
1700 1212 3
2834 587 3
587 2718 7
1682 1106 5
894 1259 7
780 599 7
1906 789 7
343 816 4
1017 681 10000
782 1780 10000
2675 1337 2
2915 1305 10000
812 2775 6
2718 2966 3
1951 1386 10
1988 2309 10000
1801 2969 8
481 964 5
568 1796 6
1879 2897 10
926 515 6
2168 2563 1
2222 2532 10000
471 944 2
343 378 3
632 790 10000
870 248 3
2707 1105 8
2284 2126 10
214 2246 10000
1681 1901 3
1795 2678 9
1229 1889 4
1363 971 5
1669 2780 3
1872 1709 4
2939 2621 7
970 2574 6
1558 2691 1
2972 1956 2
1816 1714 7
812 1596 8
1376 1679 7
1796 2272 5
335 872 1
339 2636 2
1232 783 1
309 2925 6
851 891 4
2185 2172 10
705 680 10000
1166 1838 2
40 1031 10000
801 2397 6
398 2232 2
1889 584 7
1809 207 1
227 1240 3
2954 1059 2
1259 1034 4
1485 2747 10000
998 2723 10000
1431 822 7
2703 64 9
1872 893 8
1862 2195 7
227 1121 5
2941 879 2
2002 2321 4
2883 1087 3
743 2317 8
1581 1218 1
891 2884 9
1862 868 4
296 1909 6
1566 696 8
226 1880 5
281 1242 3
2569 1960 9
1983 478 7
1124 1705 1
2819 1996 1
1778 789 5
1700 931 2
783 2093 10
1947 2910 1
1138 2571 4
2323 1843 1
926 1203 8
1956 25 4
1596 2626 10
2500 1323 7
1212 534 10
2351 1405 6
1197 1183 10000
1073 543 10
2315 1055 10000
2910 625 8
568 2696 6
41 1454 2
1254 2056 4
1909 2848 10
550 918 7
1310 139 6
2323 22 8
2210 1932 10000
970 830 6
220 2003 10000
2002 613 6
22 1686 9
248 2375 3
1816 2558 9
1499 2343 8
618 2766 2
2138 1643 6
2255 1094 7
1074 2805 1
2932 810 7
2075 1374 3
645 752 7
2621 601 5
2636 654 6
1240 1505 6
339 1702 3
1644 1095 8
589 1884 10000
2718 1663 8
73 1321 8
2321 2405 9
537 2416 10000
2971 1781 2
1451 1551 9
1899 44 9
1132 423 6
1800 715 2
734 2779 9
568 1070 10
1465 1099 3
44 1629 1
2315 2022 6
1836 2244 2
226 2165 9
2085 2622 10000
473 630 2
1795 1231 3
997 2190 7
2569 1358 3
2939 1282 4
715 1360 6
894 1969 6
55 2632 10000
180 2096 9
870 641 2
2745 243 3
1231 2268 7
2093 792 7
1368 492 10000
1643 659 7
2775 1918 4
816 2737 5
339 912 5
2405 648 2
2997 907 9
2805 328 4
2405 2055 3
868 27 5
1663 604 9
523 2554 10000
22 498 5
1749 1222 10
2890 2158 10000
2883 355 4
641 2168 8
970 431 2
1232 1435 6
280 1143 2
1437 919 3
964 2125 8
2096 150 3
2466 2465 6
1996 718 7
2884 1268 8
2202 1051 3
1836 286 4
919 2814 6
2168 2092 4
297 2072 10000
2883 139 9
1532 2313 10000
343 1272 7
604 885 2
599 787 3
2042 90 10
1983 1221 5
2972 1667 9
1318 1042 2
1951 426 5
2351 293 3
1030 578 4
275 2181 9
1862 294 5
415 350 10000
2668 2586 8
2202 2186 8
2186 1621 6
2726 1630 10000
1203 2254 4
2165 2895 7
532 1409 10000
1074 2146 8
827 502 10000
2125 230 7
1094 2671 5
543 489 3
2042 2666 7
2321 2629 6
2707 863 9
304 306 10000
1451 1501 6
1360 2257 3
1836 770 1
885 2980 5
1226 1583 8
489 2717 7
750 1825 10000
299 2373 9
2834 103 5
2024 1255 7
1270 2475 10000
2202 1542 1
708 2892 10000
654 941 6
1669 2637 10
1596 1289 3
1074 562 8
2125 922 2
792 2868 6
2834 733 7
1148 1531 7
1944 2744 10000
453 720 7
2168 2938 5
1879 2862 6
1918 2140 8
453 1787 1
2733 1903 9
2691 1421 2
2717 2341 4
801 1777 9
2954 1846 6
2662 1840 10
2815 193 2
2668 1754 8
1254 266 3
1667 1861 7
497 713 4
1682 1181 1
1535 2030 10000
2191 1789 2
2932 2048 8
1702 2831 10
868 737 3
870 270 2
2776 1307 10
494 2887 5
2604 185 5
1998 1246 10000
1943 2625 10000
2574 2433 6
1386 1354 4
2421 2339 3
2159 1493 2
1259 2171 3
58 2459 10000
1296 20 10000
1337 529 8
277 1260 9
193 1153 1
2590 756 2
1829 222 10000
1983 2919 9
103 447 6
1996 1077 3
789 1964 2
1663 1018 6
122 797 2
1879 122 4
1232 35 7
2311 1137 3
2172 2781 3
2412 684 8
399 1884 4
1956 1211 2
1765 1582 10000
562 2887 4
1861 2533 4
132 2739 4
2255 487 4
2866 2376 10000
1148 1164 1
780 736 4
235 2562 4
2910 2075 10
792 2070 8
2006 1841 4
2972 2886 7
1152 624 10000
1906 310 6
2739 1707 7
584 1329 2
2368 1170 10000
2191 2801 7
1354 1923 4
2164 569 5
227 1290 9
941 1767 9
1581 1638 7
1080 1234 7
1106 2742 4
1800 2063 1
2696 835 10
339 1849 2
1616 1155 10000
964 2643 4
227 2384 3
1903 1517 9
487 2633 2
1581 1819 10
2938 461 7
1952 2144 10
2548 2557 10
2829 117 5
293 2537 4
2637 806 3
816 2930 1
801 995 6
796 547 10000
2629 1257 5
2193 619 10000
35 2751 8
1222 2856 2
2417 210 10000
2362 2824 2
299 10 9
2953 1227 10000
69 2559 6
1386 2105 9
1203 2647 7
1124 904 3
2356 1743 10000
1554 746 10000
2868 54 10
629 1215 1
1749 2430 2
2655 24 5
1020 1739 9
217 2628 2
787 1251 5
713 1345 4
481 2702 5
27 1933 1
343 2360 3
1148 1556 7
1148 1645 10
645 1455 5
1720 2724 10000
2683 2616 6
2042 2277 2
1203 2888 6
2332 2852 10000
1070 544 8
918 2051 7
2842 847 10000
2142 2439 10000
1542 1166 10
290 60 4
2888 1126 10
1809 42 5
2430 1465 4
212 1981 7
870 2686 6
2195 1654 3
2254 455 2
872 751 7
2138 1687 1
1321 1365 2
1798 607 10000
818 1799 10000
810 1156 7
2400 2258 10000
2138 2790 4
550 151 5
243 1807 4
1106 1098 1
851 1945 7
2445 201 3
756 1758 4
2708 203 6
926 570 4
2559 2658 8
2737 1391 3
1686 1202 7
1202 1788 3
659 337 6
122 1320 4
600 685 10000
1800 2700 5
1749 1999 2
789 1274 9
2093 1559 7
792 2443 3
941 719 10
797 179 5
2662 2362 6
1124 1461 8
2153 773 3
1938 1854 5
27 2553 3
780 338 8
2787 1415 9
92 561 10000
806 520 3
885 1757 4
1087 6 10
1137 1627 8
2096 1488 10
2051 2389 6
1984 1093 2
1590 192 10000
2621 1236 3
99 215 2
2181 535 4
953 1911 6
1354 1929 8
299 1258 5
6 1416 1
745 892 10000
1211 181 7
1333 1653 10000
2886 1937 4
1138 2795 2
227 2792 4
520 689 2
611 1332 10000
1238 2681 10000
437 517 8
2106 1844 10000
893 2040 8
1758 47 4
807 1147 10000
733 2110 7
1945 504 2
2129 2535 5
1143 1071 7
2647 209 4
2932 916 8
2285 2772 6
2138 503 5
916 1288 3
2268 250 1
2191 1245 9
2093 1766 1
497 1658 5
1199 1076 10000
1511 2365 7
2063 2274 6
2255 840 1
2039 1170 9
1627 973 10
786 2807 10000
997 1278 7
1126 1330 4
1563 734 9
2826 1401 10000
1866 724 10000
985 960 9
801 2382 6
2959 1422 10
22 2760 2
431 203 7
1621 2103 1
1455 1541 2
1923 2853 2
1545 314 10000
299 1062 9
1819 541 7
2362 2906 9
2125 1162 6
151 48 9
400 2263 10000
223 274 10000
2500 2128 6
2132 2121 10000
2633 1568 8
1059 695 6
1290 482 10
2787 1773 5
1288 636 1
209 211 4
654 952 5
1162 2869 3
1757 2463 10
1464 1813 10
629 690 7
2527 1729 2
726 1152 1
1541 377 6
35 2493 9
1999 1504 2
2077 2525 10000
835 1454 7
504 1978 8
2745 978 1
1077 2502 3
1454 1303 8
1805 2015 6
615 50 10000
2621 2538 4
1290 196 1
1488 263 3
1801 1624 10
1710 2157 10
423 828 1
1984 1986 8
516 2007 10000
1929 2644 9
27 2587 6
2730 2240 10000
2125 609 8
378 2902 6
248 1210 9
2941 1935 2
248 2670 8
1073 2328 2
1005 2170 10000
2527 1249 5
1862 137 8
872 1299 9
1499 1689 6
1689 1145 9
1832 903 10000
1318 2207 6
2373 2541 10
789 352 2
1374 1353 6
1126 1543 8
1862 1755 4
1742 18 2
1901 2295 10
872 2697 9
275 603 2
1236 1027 9
725 502 9
2882 1680 2
1421 91 8
1813 2217 8
1234 2836 1
1232 1963 5
1460 216 10000
27 2956 10
2328 1101 5
2626 172 9
1307 2265 2
482 1057 1
1071 2113 3
1860 242 10000
904 2835 2
2787 1016 5
2884 557 2
478 1359 9
952 1301 5
1813 351 3
2790 1579 9
1906 1826 8
2055 2065 10
704 513 10000
330 2800 10000
2824 305 7
904 2743 4
715 2419 9
2965 416 7
2603 878 10000
2781 1054 9
1035 79 10000
2980 598 10
2171 701 8
2674 948 6
2751 2597 4
2105 1476 4
2199 1580 5
497 2169 5
985 465 10
209 2449 4
2360 1921 1
1759 164 7
69 1335 8
1 2943 8
363 176 1
2165 2720 1
270 2068 10
1816 2945 3
1841 2518 7
964 2875 10
1454 1284 4
1596 1082 5
1621 2444 8
908 1119 10000
1064 2312 10000
10 2914 1
593 2001 5
310 772 5
2164 1430 3
1841 2789 10
73 1733 5
1431 1123 8
1236 2873 3
567 62 10000
2682 1475 10000
1802 232 10000
1222 2411 4
1742 38 6
948 1919 3
2405 638 7
1995 1715 10000
673 142 10000
343 2203 10
1767 2303 4
569 1194 3
2353 2828 10000
1218 906 5
1534 1191 5
2219 1818 3
2384 979 6
2070 1331 5
2146 2871 2
2956 236 6
1961 2115 8
1638 528 4
2272 1096 7
1195 1515 6
1686 730 3
918 1695 8
890 1355 10000
1986 1440 1
243 1726 5
1781 433 3
2670 996 2
1465 1342 7
1679 446 3
83 2379 10000
2042 2545 6
2468 2573 6
2140 420 4
1153 2926 2
936 2577 10000
1009 484 2
2125 1641 3
277 2484 2
212 1369 2
2202 1994 3
2601 269 8
1702 1452 3
380 1223 10000
2649 1753 6
2165 366 10
1983 2840 5
828 278 10
568 2275 3
1963 1678 8
645 716 9
677 2086 10000
2449 111 1
2013 427 10000
1121 171 2
431 219 9
1321 1775 2
2087 950 10000
1601 2115 7
73 1201 4
2507 1193 10000
2129 2602 6
528 1871 4
2455 1083 10000
971 119 1
2303 1165 1
2662 1528 10
1535 909 4
1009 190 6
1209 778 10000
1016 991 1
2908 141 10000
1983 1675 4
2644 1527 8
1399 1323 6
2537 496 4
2010 2951 3
1710 2640 2
1095 1958 8
1455 2628 8
2679 411 10000
1938 1591 8
534 281 3
1501 1873 6
2727 567 2
150 1188 3
1106 363 10
569 436 8
2715 2448 6
997 104 7
2341 635 4
171 1261 8
2051 1936 10
816 583 8
2420 556 10
1422 2225 6
309 2023 3
1800 861 4
291 2233 7
682 1521 7
2969 101 8
1330 1185 2
