2932 2931 2928
1012 1110 6354
2494 2477 2910
762 2488 9102
1212 2068 9264
1636 2268 3721
1269 2401 9871
2831 1664 2929
2582 2627 8557
247 338 7865
2582 2333 683
2656 1929 2879
2158 1821 7855
48 59 6468
1698 981 1913
1352 290 8048
2297 1446 1762
613 2668 5661
628 2808 3488
1228 2061 590
2651 2751 6522
857 2214 6526
2456 809 1936
1204 5 7040
155 2928 4918
1036 2358 7764
476 918 6802
464 1212 1795
2873 593 9200
427 423 2421
951 767 1921
1908 2467 417
226 73 3994
1885 884 9955
2692 2052 9181
2708 625 6022
511 1958 8668
479 606 3614
2776 2540 3251
2603 968 4453
219 2284 2423
1719 1473 7495
2328 85 4591
2714 2326 3019
1412 1474 503
1090 609 123
952 1252 9323
229 84 3095
598 2509 6814
2614 2458 456
2171 1349 4159
2419 91 6600
1440 2135 8042
689 323 7991
335 412 8767
18 749 8918
188 1895 4316
909 1125 6813
41 0 7126
2489 659 2096
202 476 5525
2707 2419 1376
2429 1661 2801
1892 1841 2136
524 867 4674
2709 373 9556
578 1639 894
1784 2649 6201
2276 1454 9947
631 2625 3062
309 220 3396
2474 699 7102
2404 443 3382
2839 693 2124
250 2131 7000
1169 165 8803
399 1221 9309
1968 2147 9581
2804 2009 439
1583 2232 2944
2012 2357 8943
753 547 4195
605 2480 8378
1418 939 4428
460 2167 6208
837 1910 7572
963 1070 7679
1261 195 2301
1788 2558 7357
2503 1725 1910
2510 2827 7518
2632 2037 8243
2187 756 4239
628 2313 5641
1625 890 8158
2910 117 5044
235 1059 969
1945 2412 2256
2140 1921 6906
2042 1341 8892
1016 196 8818
2417 2586 661
2062 1825 5905
2494 2218 6770
389 1099 1140
872 1642 8757
1342 2461 5621
2086 1834 7463
2410 163 9585
2447 1734 7640
346 1945 3241
722 1461 7647
2451 2136 903
2775 459 9245
1466 1080 4880
666 2824 5405
2598 2637 847
51 1158 9128
1741 2720 3323
1982 1599 2303
1878 1549 1952
207 148 8604
71 748 8013
1319 516 6681
499 2604 2300
200 1406 9459
1359 415 5848
1025 2826 4734
1860 2660 2511
591 1719 9211
1954 1260 9393
2466 1896 9074
2022 2594 1143
1607 1547 4361
1228 1046 4490
505 1772 8518
371 523 4949
2690 2126 8419
1035 1356 731
2710 2242 9862
785 1004 2803
2905 1952 9402
1331 2566 6102
463 2768 2077
433 2190 6758
2924 378 4680
915 252 2482
729 160 4683
2285 2883 9279
2218 944 8466
417 396 4457
1477 688 2849
957 759 5432
1546 1441 3765
2420 550 4091
2227 1515 8825
2202 1995 2288
413 2850 8169
2804 638 6422
2601 592 6007
1965 529 5044
93 1304 8253
1229 2115 2771
298 129 8889
2240 1523 3950
2481 1368 3559
630 2400 4302
1656 1254 7934
824 941 2114
2620 830 1050
1932 986 3561
534 238 6101
2572 2738 2069
466 1881 3362
1350 1871 9973
1658 2064 9592
1435 657 5390
1721 934 1067
1764 68 6921
1101 1763 1961
1029 954 8478
1735 1989 81
1711 1105 3194
203 16 7279
2485 2816 9425
1355 2418 5027
495 1400 2776
1947 2402 6762
2369 2266 932
2774 1276 5810
1002 1594 2940
1605 933 5718
428 2525 3541
1397 2251 6068
716 1360 9378
2792 1231 9577
1247 24 3004
374 284 3898
1385 567 3729
619 2737 7352
1435 689 4431
225 1143 3015
1697 848 4545
913 2508 3283
2920 2116 3761
1321 77 4931
335 599 1840
950 1472 2994
1997 2191 5238
1557 2479 9280
889 1202 1169
2863 1203 171
2659 2610 6922
1980 1334 3108
753 2241 6081
2705 278 2653
1274 2395 4005
2913 216 1778
1778 956 1093
563 762 4497
1675 839 1617
1293 1502 9251
2454 2056 4507
441 1002 7743
1780 1758 9541
212 2350 150
410 1966 2845
765 2510 6044
2681 2238 1824
2010 1651 7371
282 2060 7964
304 2196 9969
629 2661 9679
1908 2599 1870
1382 389 7239
1812 2352 6986
1909 951 6971
2486 422 3773
1640 793 2393
2557 486 3669
1985 293 6192
1243 143 4967
2002 1369 200
1892 2576 7463
2521 351 2698
2397 322 4921
1311 2468 7650
706 2875 4513
1423 2123 1773
1611 301 2324
1225 1090 5615
614 1645 233
965 1236 1827
480 64 4089
2819 12 6507
1449 1652 8526
2455 1491 1321
375 2633 7247
2283 1149 9318
1705 1081 3369
2255 2283 2134
2761 2922 7358
2158 2137 7706
457 1295 2653
1999 522 3710
671 731 4175
430 1452 9544
2031 10 3577
1916 728 3262
1458 201 2751
482 426 2722
1536 1066 1933
2670 2666 4929
607 1844 8131
770 1812 6775
1697 2779 9458
2403 2561 5143
1693 1814 5556
745 1495 8674
95 2342 5756
1086 2862 8992
1897 178 3271
1264 265 4782
225 646 9647
1672 2155 1342
1345 1585 2266
2044 1333 9365
1427 2291 4534
1443 541 4886
618 2177 2894
912 1263 5506
137 2747 4061
2067 2032 3662
212 914 2926
1190 1239 902
2272 1407 7245
2272 435 3669
650 2029 1727
1912 22 3122
2791 1046 5476
1925 631 5532
1843 2065 7003
1022 166 6319
21 1338 3792
1600 2316 8145
615 218 412
1069 1044 7110
2872 1818 6197
2790 602 570
963 2680 9384
1200 1759 2611
1021 1445 5813
1974 1436 4794
2179 1000 1548
2520 2724 1115
1312 733 8216
56 517 695
648 2656 4594
888 206 2782
874 1658 1236
1693 2319 2925
1649 1073 9615
430 2718 8544
2550 2517 6035
2723 2801 237
1785 2740 2513
681 671 1285
1922 1555 3012
1342 2359 1571
2443 935 9378
2484 1376 6826
2782 1069 8711
2897 724 6772
1290 1589 7976
1034 274 6398
802 783 202
695 667 153
2831 1141 2183
1604 1117 2963
2842 2838 2030
447 1592 3349
347 222 9957
1076 539 8131
1122 1279 5062
2354 2670 49
465 1865 3470
1852 2300 4522
1469 2199 5438
1058 325 5481
2398 2885 5302
100 2184 5362
909 40 1732
99 2806 4921
2081 152 6924
2706 2626 6725
1857 2485 2216
2373 467 9005
510 2063 4281
1740 2099 9640
211 1052 4400
2249 2325 375
760 1752 1193
891 2567 7102
1397 526 1769
2572 1416 7485
194 2836 7718
1974 1675 4313
1493 2119 9066
1783 44 4590
413 932 4190
1508 1264 7555
2243 1571 9683
2896 380 7348
1210 2313 4702
1792 2475 3628
1847 1504 1123
1455 1300 3121
1467 1027 361
461 1169 3902
1511 2697 6884
2868 2496 154
1558 763 9544
2447 145 1891
336 1917 9108
2483 1289 6708
494 1822 9172
2436 2735 5713
2589 234 8484
997 2286 5876
2730 2391 5437
2041 899 3289
2466 226 5200
754 1015 4402
122 677 4165
603 985 373
1982 2820 8194
2635 1053 4302
2878 217 7469
1266 1513 9454
410 697 1118
2154 260 3499
945 1737 35
458 876 4601
1646 2802 7786
2015 1724 6845
2014 745 960
612 1050 2365
924 2261 5507
1853 1111 6020
2764 318 4374
137 1918 4364
1259 1465 7976
654 844 1065
1268 573 7689
1398 742 3313
2388 559 7397
2912 1969 5861
1237 2538 7164
2320 2884 5975
2733 2554 6352
2308 2564 4499
1803 1530 6487
2006 2033 816
2142 750 9094
477 2022 6319
2164 2598 9605
708 350 7295
498 149 8789
910 1482 3668
832 1327 2416
1672 2788 7318
2550 1262 6349
1377 1683 8320
145 1045 5703
1701 473 8163
1532 675 6783
364 2240 132
336 313 9994
1686 2854 2758
434 880 6016
1181 288 3724
289 1913 660
1923 2924 383
7 1646 2334
984 2098 690
2367 2114 9149
1782 2655 9783
829 1928 8516
2744 1847 3331
1673 1466 4970
272 185 5785
62 1526 3935
2927 2728 8016
1789 1489 8378
2212 1970 2338
1677 2087 7651
1286 1848 2636
653 1516 4976
788 2289 859
435 2041 65
777 505 1184
36 871 8502
1706 1632 5878
1481 720 7315
2853 2288 2564
276 1245 20
247 251 5025
418 912 3306
2062 1883 4278
1998 2578 9174
690 2324 271
707 1219 3115
2892 495 5405
2823 1796 9322
2611 999 8869
158 355 9200
532 285 6956
1214 87 4263
1720 461 8014
1286 2012 1099
1056 135 5610
1028 2805 7335
1462 800 2734
51 1296 2673
2207 811 2708
462 802 5208
1789 2886 2049
1199 1700 2024
1539 2072 5585
248 1498 4585
1041 171 9276
249 543 5484
1216 1274 4257
1776 658 9340
2694 822 9597
500 144 1472
1135 2723 306
444 2445 1935
8 492 5555
80 2688 5709
1588 31 6829
1038 2696 7576
39 1614 8272
1358 2049 7349
1298 1323 1331
1906 1345 7608
1720 239 3543
2846 1443 6060
1113 417 3705
932 2686 3297
2712 1166 6221
816 1124 4414
300 297 3997
1730 1701 4867
991 704 8783
2118 1992 3569
663 925 9689
302 2545 1163
2899 2081 9100
857 898 5129
707 1771 216
356 1396 8451
2320 2527 2057
1998 2231 3060
1961 2354 6730
1037 2048 9203
1888 1490 7906
2140 1238 2492
1853 1770 5384
1947 1857 637
2076 1564 4563
1804 1265 1181
945 961 8695
78 1715 8075
1522 1711 6590
103 1600 6783
682 2783 454
1144 2615 209
814 2308 5724
2629 823 2015
2219 1409 6905
2175 397 5349
2024 491 3548
1132 2764 4082
1765 639 8245
1477 1735 5259
313 291 9608
604 980 4515
1188 1460 5343
2163 1448 5678
174 1936 9486
2305 888 9788
2110 1689 7561
2042 319 6108
321 1148 5985
1611 2407 8967
1862 1243 3247
2752 708 2124
202 455 31
2138 2226 4149
2185 940 8858
2287 2874 4470
1348 1119 8350
1692 50 4922
862 926 7160
892 1293 1601
1543 1849 5317
2156 2258 1838
949 99 2281
1990 282 6875
2279 273 1417
938 527 6692
1088 329 7435
157 528 1897
464 2407 5124
2408 207 6858
2038 499 5603
95 1890 3097
1835 401 8114
853 1128 1116
1326 1463 5249
2789 2225 2300
2424 2047 8999
2469 1950 7295
1421 2873 7575
9 585 3116
1644 1064 7780
1978 2378 2567
2903 2638 5279
2379 2476 7943
1519 1912 3587
1890 240 5091
1925 136 7616
1163 477 1702
1139 1385 9086
1234 302 2409
2786 594 6026
281 478 5696
339 2583 9916
1755 1453 9098
1552 361 8526
1590 551 3212
54 842 3079
666 295 4155
1305 2046 2627
819 900 9448
2548 437 8140
2618 1896 5438
1722 1199 6076
599 788 5233
2659 294 9075
566 2562 1939
299 2409 3292
2381 496 5770
2710 1572 6757
286 2792 971
1768 472 1103
1774 2588 3323
2376 2331 797
1860 1028 1463
482 2908 3987
860 2744 5566
723 2676 5141
501 906 142
2118 2197 3563
2386 1858 3614
799 292 7865
58 239 1696
1880 353 6813
199 2502 308
52 416 982
2711 1159 8678
377 735 4612
1765 395 9350
1946 1200 8933
348 901 5178
2677 2066 5904
327 1861 3083
2349 1153 578
2746 1787 2898
2788 1583 2165
1635 1518 7344
1363 1109 2043
524 605 2671
1659 1688 8425
1619 843 5775
1915 776 8077
1386 623 7067
1389 102 9992
563 586 2992
1649 1655 531
2415 1328 7489
2773 1104 1386
375 798 2612
1588 632 5556
1475 2024 5607
2449 1142 5973
840 531 1356
1114 2521 9454
2878 1025 9218
736 627 661
2090 391 4095
2217 1597 3284
1164 2463 4331
450 2497 5662
688 1671 6321
1935 205 3567
2907 2229 9646
758 2241 642
100 2846 7813
1121 899 4592
1312 1408 6434
1238 971 2837
2761 1268 8322
1193 1241 9317
534 1537 7826
2652 343 4098
2741 230 4621
1742 2701 6841
2329 1008 5408
221 2741 1056
2823 970 2035
2867 1749 9594
2442 598 3520
1604 596 5398
1673 845 8543
2483 930 3961
2377 2076 3919
2643 57 979
2380 1542 6164
1001 1551 4229
646 997 223
1638 804 8193
1206 721 7588
427 2848 2712
393 2544 7992
2450 678 1015
88 2011 3049
1919 1612 6325
874 2432 2611
2393 1852 4504
2830 479 2972
484 1351 1637
1494 2347 6512
2607 1048 8949
1803 328 3655
2050 895 4888
858 1636 3864
1900 560 9638
840 1967 4455
2276 1255 384
2798 902 8837
2280 2907 6094
2340 35 2385
2778 1862 2891
583 1337 761
996 1298 4439
2793 1393 6944
2866 362 2564
460 1534 4345
1586 270 930
738 403 4768
879 650 1305
1859 838 2798
360 188 117
1410 1534 1379
1972 729 2058
268 2658 7232
2314 1593 8637
2016 718 7519
425 489 2975
1660 2664 4142
1566 159 5838
814 889 7198
203 164 6466
706 1499 6092
452 946 2306
2073 1626 9639
2580 2019 4339
1018 2113 927
2143 2536 1047
400 2406 3355
1131 2771 9609
907 2371 8523
1512 2833 8417
2692 558 2798
2039 2446 5626
826 2657 9800
2619 337 4056
1774 2319 9859
872 1480 2007
1630 484 2257
1630 2157 8085
40 1492 3218
1712 610 2862
2766 542 9477
2053 2303 7824
125 433 4001
727 1779 9374
209 1144 4861
1961 1458 572
2210 829 2476
2423 1543 5108
425 1893 7388
1914 846 4047
1916 2897 7048
661 1262 4489
2312 1082 4136
191 2345 4900
1307 1538 6688
366 1718 7003
1156 279 118
819 764 5274
151 2628 5405
2543 1322 9453
1302 250 3140
2651 1352 4969
2086 103 5889
2500 2755 9876
1942 14 9494
2424 1317 1093
2388 897 5370
1451 2205 7611
2577 2579 8272
2706 2132 2128
2364 2410 5394
570 271 2801
1713 446 3011
1056 794 9319
1824 210 4392
2863 2058 8044
571 2777 2398
813 1566 2746
2730 1030 9921
1897 2210 9429
1553 2001 9501
1770 2159 1365
1206 1586 500
1610 264 3175
1731 299 58
580 1797 1629
1174 2675 5067
2663 1468 6030
2685 856 8023
1353 1733 8316
1233 1217 7647
192 2803 3558
280 2729 137
130 2581 7976
873 494 727
1830 241 6003
2194 442 7360
2454 2514 2352
1094 262 372
2008 1181 3703
2570 2872 2378
1519 1193 1338
1308 345 3529
320 172 8959
1284 1972 2907
1444 1873 6499
581 661 4838
665 1977 5846
2192 1085 4448
1147 2383 8277
2718 2667 5273
1866 894 1313
1433 305 3682
589 2773 139
1791 626 9454
448 1493 3172
2179 588 1187
1032 1603 1052
1151 2247 7500
384 2860 268
1678 1831 5994
56 1732 722
80 2743 7612
1296 2389 2612
1096 947 7510
164 1521 9157
1058 2748 9123
1532 52 4262
2613 1920 942
971 2134 7720
1778 960 9713
2389 2375 1260
332 89 36
2541 36 4643
624 1035 9271
1691 2840 2674
487 2515 445
300 2837 5034
849 1425 8299
2663 845 3963
554 1906 1244
237 761 9180
1747 2450 793
1362 2552 3749
379 1602 9772
2020 1703 2263
2539 364 382
394 1726 1754
764 1935 3702
1876 738 8287
2298 1084 7810
2016 1388 9516
122 1556 375
710 1901 3515
808 268 3496
1507 2172 8018
170 513 7130
324 2650 9312
2894 2431 3295
644 1123 643
1863 2171 1476
2725 2227 1984
887 1891 7209
2708 974 8916
231 944 8093
2280 961 3510
1045 2716 8131
1949 2102 7414
1713 790 7998
2451 730 8101
1875 126 3131
141 1302 8088
1834 2250 3227
506 2903 7735
1802 105 7055
2861 314 9458
2678 591 6330
959 1629 9872
1326 1325 696
2168 354 6788
2386 2685 8984
151 2008 4452
2585 2812 213
2654 358 467
892 955 8054
257 1364 3516
2217 2589 8052
1587 2632 3673
406 2231 5266
1088 2767 9668
128 644 5843
340 2879 8538
2531 1533 5178
1686 1354 8612
1379 873 4975
2489 450 3409
1172 590 813
240 1591 5269
367 1415 7780
1361 1806 6554
740 365 7917
853 34 2629
205 1544 6900
1437 2021 6001
1248 1171 4395
1637 2156 1130
1242 2856 3507
1344 2714 6421
1139 1216 7583
175 805 8218
860 2705 3649
1314 827 9505
1597 1628 1523
1986 402 5848
1535 967 6007
1318 616 8302
237 1674 6061
1145 1162 8420
2141 1380 8709
1905 2239 888
2855 2106 4966
1248 530 8089
868 1790 1655
2228 2054 8370
817 1470 9628
557 1994 3582
418 1411 2450
2294 39 7186
231 2464 4959
1666 1730 4428
2030 1830 9703
2025 1687 9189
1280 1232 4449
1197 1478 4118
1163 914 1153
771 223 8082
577 2734 3159
1606 2541 5338
1745 2343 9406
2514 568 4973
41 2314 3338
1379 2327 8364
1622 977 9382
2263 462 6786
1621 2891 9324
1429 2263 8910
1876 2709 5916
1488 2366 9690
154 86 6077
1776 180 1718
1882 969 7284
449 854 5895
2348 104 2924
2229 2694 6233
2403 893 1397
2851 2164 8682
2588 1622 1373
1285 2381 2609
2595 1843 7678
1313 2034 8166
1113 9 3841
2797 2379 9035
1618 1930 9787
2328 1374 8886
974 2387 9426
1483 929 9396
2339 2206 6327
1272 1180 2506
1644 1078 3137
618 583 9834
648 2420 974
2797 2273 8188
1955 686 9903
2465 392 1862
327 1782 5389
2866 419 419
316 2506 7699
2624 1883 1647
1430 1089 6371
211 1366 8960
2841 49 284
2344 488 3806
480 832 1881
1018 1850 9059
775 43 1505
2134 2518 41
1020 1211 6468
440 588 6292
2077 1702 4937
2301 2394 4732
2492 656 3209
917 224 9717
2918 772 3107
1838 822 7327
1440 2731 1626
349 1331 5004
684 2255 8771
910 1872 9789
1065 755 226
1663 8 6532
106 1235 5330
2762 1032 8962
2437 1423 384
2852 1850 5732
394 585 2116
1290 858 2164
558 2703 7529
2039 557 6486
253 620 7026
1154 786 3361
1795 1716 4403
1748 1625 2448
2767 651 7121
2040 1131 6169
2000 1668 6688
984 691 6988
2177 2758 1361
1567 1826 33
294 2905 5500
1773 1343 7684
2236 1335 8803
408 870 703
213 277 7477
1641 1480 8742
187 1732 7774
1259 93 4140
1209 898 5829
2842 2273 714
568 1421 8849
582 725 5137
903 2531 1636
2189 395 9316
2091 1709 1902
404 2312 9682
1136 1114 892
2795 1798 7887
2591 229 3995
634 2587 8149
1384 1997 5736
2645 2368 8706
2500 1990 1783
66 672 923
1154 1057 160
1750 1439 9963
1402 92 6486
2161 2679 6100
140 2121 4678
714 757 9867
1949 18 2490
2896 215 4489
147 304 5190
453 2743 7963
2901 1811 3249
444 2763 8046
1047 1817 2110
1348 1553 2147
1049 1827 6230
1854 2614 6085
705 994 9479
2511 1655 9599
94 1256 7555
1864 1115 7093
298 2929 9223
540 1784 4824
920 2349 4159
2369 2926 7547
2337 1306 2940
2832 257 3618
1250 2279 5343
740 924 6727
1215 540 996
107 261 8604
615 2163 2210
991 673 9176
1108 2800 840
2880 1963 1611
1340 420 8274
2188 2127 3535
2159 508 9750
2585 1712 5825
1641 1769 8847
549 574 3253
1208 1967 1738
2267 1988 9841
1926 1102 6098
916 455 372
2691 2478 6928
2330 2858 9186
2290 2010 406
2103 1710 9951
373 1375 4549
2 2763 5630
747 1708 454
2287 76 4070
1813 622 7592
186 556 9919
1714 189 559
1249 1101 9359
2795 1911 3401
2069 665 9705
2853 1444 9525
370 2100 1539
2715 2402 7077
167 142 1333
2739 2560 3777
726 2083 13
2234 569 6197
1500 1900 1798
281 1560 150
1234 320 6212
2639 2843 1001
1524 1237 2332
2469 451 608
1160 1194 7962
113 2904 9920
2464 2630 1408
1108 1242 8563
2421 2703 9487
1301 2139 7784
2092 785 3451
1339 1955 410
2149 1071 1013
778 2323 2593
2351 705 1723
2519 29 557
1325 2613 8145
1303 1391 9561
1960 2166 4824
685 978 8747
1451 601 2339
2503 1670 2754
2920 695 8320
2396 193 8571
1247 702 4264
1382 128 780
13 162 9901
2223 242 8657
1067 2769 4765
2193 2757 4376
1677 1804 8550
1112 2168 5764
1029 139 7681
2219 1610 9802
2336 572 9878
1240 2322 4219
2426 347 4428
2385 2667 5252
498 1919 9513
228 723 7991
1692 790 4131
1284 388 6685
1319 2498 4119
386 55 6244
1726 90 401
385 1556 4561
769 1854 2051
806 1271 8041
456 1856 865
710 436 5198
2262 1136 2713
1698 2811 8426
960 106 7282
266 2427 1816
1419 2182 1312
1729 2286 5670
532 1744 9122
2800 2869 6843
2848 258 4634
2377 893 7358
2080 1442 8787
1800 1336 3424
1281 150 3744
493 2392 2636
1920 2153 3762
966 1137 7550
2000 2305 5590
2334 1569 4962
2102 2333 3793
1981 1189 2035
1568 1315 4655
1669 953 3542
1475 1845 8561
669 2260 4691
72 597 115
180 2576 1312
1861 2073 1451
2304 1026 9778
1381 1756 7855
1595 1483 4905
1964 2346 5068
2080 1760 6924
1705 2058 2238
1721 1013 3935
2742 2930 5741
604 1055 749
2216 2654 6167
2865 717 7361
796 1375 3826
131 989 3325
545 1659 8118
2285 526 3353
2660 1172 7526
502 2507 9482
518 1187 3911
603 589 8572
2435 2759 1746
1591 2187 7539
1434 1561 6617
642 2736 9346
2597 1823 2366
931 1151 9700
1848 2645 4509
1968 1842 7610
1554 1939 1682
726 1623 1458
1130 1962 3116
2822 47 8742
2185 1815 4142
808 2082 6484
1795 90 8114
2356 2499 7409
1540 1321 8824
1620 907 175
2087 82 5470
101 2799 9920
2683 1229 9559
2129 330 7973
2906 1223 8053
1809 2745 3132
959 390 4603
2097 938 9876
1060 928 3704
1129 485 6801
72 2493 8996
636 887 9985
850 600 6466
2680 2635 1296
2665 875 446
328 384 8913
1746 371 2572
405 1307 1319
1062 2602 6262
903 1864 1904
94 1872 2506
931 1838 7973
590 673 8764
1135 587 5334
566 1476 4155
2288 2886 2020
400 1398 5092
2330 614 5255
2393 795 631
2779 1918 1100
1121 649 2210
108 2057 297
1866 2151 5612
2329 121 1943
760 1617 9561
1944 194 5203
2449 2367 5084
1116 561 5568
1414 2375 7692
2436 1676 5836
1764 1017 6160
331 1754 1625
2631 1420 3658
670 217 5097
2417 1500 7945
1036 549 3124
453 1938 8839
1525 1241 2901
1225 175 3746
1627 2387 9721
2899 1424 7091
1728 1987 7993
1043 586 7799
1874 2672 3424
1394 201 1874
1744 2221 3546
2002 2110 3542
2339 1699 192
2721 2234 5871
2858 519 8153
2678 996 8610
2452 2683 7558
1527 2644 3642
2109 855 932
676 1976 6236
46 278 8684
1007 1933 7301
2751 134 1018
200 1842 9283
863 877 7869
2071 1879 9049
1484 1723 6302
2439 315 5128
1157 985 4533
1282 1595 7542
1564 1394 3036
2838 1426 7245
17 1140 957
1401 2766 5294
1999 2036 8244
669 913 6294
1660 1095 7036
1267 2812 2620
949 769 4803
2253 311 9341
1411 1422 8994
1030 1301 5852
456 2815 2156
2404 1120 4406
115 1631 1116
1869 2101 6704
1244 1868 9027
1909 186 3139
2534 406 4864
1648 398 6449
251 1038 4746
428 580 5060
509 2725 4006
1819 436 6366
1457 2416 895
2390 269 7695
451 1447 6743
1816 2890 2930
2809 2050 6824
743 243 5728
219 2791 5633
172 2926 8233
1367 1317 6068
2154 1129 6913
1882 2776 3053
2341 2344 2881
2438 287 8221
1786 1465 5358
1619 826 854
1359 976 8917
1956 2906 6403
2621 501 9860
1175 1196 6991
2031 1387 3344
1299 1426 4031
881 2861 9644
861 1517 2883
1626 1456 4993
136 184 2664
2914 774 434
2653 1377 6561
2648 1278 6814
439 2254 4620
497 1282 9093
319 2152 1595
1020 835 2493
2539 2619 4346
713 1617 3682
2456 1077 7932
1674 576 9952
2860 2845 8388
316 2111 8960
2577 2712 5245
1198 848 9272
75 2207 1927
607 1932 2671
536 448 8789
2894 1226 3313
2605 1253 5213
1127 2556 4501
64 510 194
1836 1984 688
1207 198 600
2754 700 9383
2129 2125 1667
765 1437 706
1366 820 2798
2292 2798 2248
2921 2439 5561
321 1406 7541
2501 982 9463
221 1635 5337
112 1126 817
481 2030 460
2203 619 7201
732 1662 1548
2426 120 6282
2289 2264 6916
1173 550 6596
2520 1147 1227
2481 2107 9371
2096 1165 8686
990 1316 6792
1767 1065 2879
1960 525 1295
1886 1249 3560
962 1486 6943
2609 3 2480
110 310 8071
2532 2595 6199
1654 1650 6729
324 862 5804
349 1039 1646
296 2495 1385
2782 2335 9380
2074 114 9315
138 1681 1336
1145 1510 8808
2543 1418 9831
1560 208 2313
1412 1794 9593
2482 1251 7584
2809 1222 1456
1266 2900 157
2232 2586 450
1836 118 7579
2257 692 451
2549 2150 7920
679 2051 8319
1067 1230 2617
133 2348 5788
1042 2794 1732
2017 1115 1658
218 184 4848
1392 1416 8773
2810 1402 688
255 1546 4920
2511 1308 1852
1039 2446 3619
2198 1005 5213
2624 1816 3335
1330 1621 4282
1832 248 1785
98 2911 5265
662 249 813
1371 1053 1480
1792 1494 1004
404 1363 2999
2612 1201 2790
993 1324 5409
1751 556 3414
2605 1824 9655
2411 283 8449
916 2194 8285
1899 2413 3336
1623 1148 40
2137 2103 2022
567 1430 6248
1946 1684 3778
512 1204 8153
1021 1464 3020
2493 1072 5760
2852 67 2991
2682 1041 6540
1953 75 4566
407 98 9163
1580 2152 7302
2362 2301 3245
1188 1832 7524
797 1487 6852
2257 879 4790
2724 2916 4493
1550 1867 8537
2530 276 5620
2429 2141 1289
2882 2355 9265
1875 1152 6166
215 2236 4223
2523 1531 1866
1665 2696 1006
2408 2617 2660
1886 655 808
2281 2146 4779
2828 1340 2509
1250 1980 6043
2722 1837 3257
2704 1072 4751
2304 363 1228
2074 1007 648
544 977 2703
775 1590 7464
2089 2686 5092
1964 1214 7725
2281 1775 8867
2353 2277 9819
1481 2913 8511
15 637 2235
2078 255 7350
26 2315 9179
13 2069 360
1218 2350 3142
2673 2681 3985
356 19 840
975 1927 5448
921 812 7936
1192 2376 4054
1903 199 3338
694 640 526
538 2442 4380
114 807 6963
2271 2124 8370
258 307 7097
2161 664 6672
1227 2397 853
2202 2399 8385
668 116 9198
1291 161 7772
1485 339 9861
385 818 7255
1769 2406 3252
2018 1767 8064
1287 67 5102
2526 1040 1711
1367 864 4708
2372 1710 354
1372 2216 2785
2915 1408 1938
502 1157 3117
2715 2038 2671
97 2222 348
1089 1357 8880
1981 2292 8639
807 1381 9418
113 1948 400
2876 645 3126
1462 649 7864
810 966 9352
704 1170 3673
1579 2421 5215
1078 2220 856
2513 2130 3863
1499 2360 9928
2807 2296 4819
950 2125 1069
1740 1339 126
1257 930 3848
2385 509 8739
1572 1951 9268
2230 127 9161
2382 1780 8390
1179 1097 3022
1541 662 1872
886 465 8825
2160 2868 6026
2091 2327 4917
923 816 4639
1905 1019 994
1815 1706 6596
1565 923 939
1497 32 8617
1819 2470 1681
998 1888 3950
1093 2807 8132
1431 1505 5004
1503 493 7542
744 1224 896
2299 2175 5017
1330 1270 633
1691 2646 653
2628 81 3807
466 1738 6189
1358 1092 7874
1943 2264 2251
2310 520 2121
1192 2351 8312
1755 1807 5690
2359 1350 2993
2689 1190 1055
1570 691 1627
716 2063 9072
1130 1047 155
1587 2132 8594
107 1213 6223
1746 2089 6433
2796 1808 1848
267 1503 8187
1934 2021 5639
552 2815 7452
1965 2095 7521
2151 2174 433
2781 1360 4364
1828 1369 1494
317 2640 306
641 1922 3760
629 2810 642
2887 167 4150
2470 1668 9688
1791 6 3166
1068 1943 8810
2775 1985 1541
2537 681 7300
2020 1802 5676
1205 1164 8713
779 27 2800
1898 2075 6035
1255 1615 4369
1174 2183 1140
1170 2631 4033
2270 1031 4411
1434 1083 9496
525 658 9962
2604 1399 8348
2869 2780 2793
2457 2855 9611
815 2892 2474
1993 1404 7278
1541 2043 7402
411 1374 6866
2055 1667 1043
641 1607 4900
2317 1870 2327
1771 778 4682
581 1537 9938
1132 1472 2038
374 1010 6716
365 2441 8449
506 1954 7394
1952 2486 9120
1099 1747 6324
2220 720 6332
850 2262 4523
2244 2067 2973
2916 1813 9115
1160 2398 7209
429 2188 5379
1938 1469 6123
2149 1064 6795
975 2717 7298
2346 1768 7481
2374 680 7003
2430 2593 6095
1547 1205 8539
504 684 7035
65 582 7768
259 1799 3058
570 1907 4391
2606 1874 2096
1362 1584 7463
2090 471 8362
1648 1937 859
2693 2612 6502
1524 1581 4955
1704 1152 834
952 1679 1083
990 2482 2109
1978 2148 7842
1071 2071 5105
1285 2013 5573
65 471 639
1409 1240 8496
209 1283 918
2608 76 7047
1576 1096 7876
2174 2244 5734
798 2432 641
835 2864 9126
1235 1488 8446
2471 346 6917
2243 1283 8422
2733 1525 2918
1230 2721 4418
507 108 7799
2014 1786 5301
1277 2213 5096
1678 562 2917
2549 2633 8073
841 2434 504
2821 2618 5626
96 796 1846
1638 469 9572
228 1057 1025
2646 685 1255
2059 535 9491
1277 2247 1082
1616 1716 9512
2096 660 2111
483 366 7339
158 2437 4051
1155 635 6591
238 2870 5629
332 1403 1801
54 1753 7366
768 1226 5636
578 546 5686
630 307 741
227 1413 1371
702 2015 7862
600 388 8966
2155 2212 594
2579 452 8726
487 2639 591
633 651 152
896 2005 6838
2475 2018 4774
948 1210 259
2307 2522 4245
407 1361 3610
11 1303 8551
2566 459 9770
2832 1037 6259
1185 1456 4572
859 654 9866
2341 2373 7564
1570 2557 9403
1736 806 3873
1565 468 631
2526 2690 9643
2857 1138 6818
1077 891 339
48 141 7730
291 2332 4728
1703 71 9547
1512 737 7744
575 2828 8960
227 2260 6493
675 2338 8310
1399 843 4727
379 2671 7802
1777 2082 6067
2707 2362 7526
2360 2671 7890
160 112 1094
2693 2200 1735
1 2909 1243
1040 2364 5885
1696 1042 6887
2347 1354 8930
1208 937 1441
2650 2139 7647
773 246 4208
2428 1898 5071
655 162 8979
2501 130 1228
1468 787 2104
988 2854 9506
2547 1209 231
2334 2472 679
2910 1699 7222
2358 147 6777
2196 2299 6219
306 1142 2398
1287 66 2484
1083 2713 987
1539 2184 4041
621 2621 9025
1615 2428 5537
15 1620 8717
1894 1233 3384
911 2077 8037
886 468 6973
2092 995 8929
2889 1835 1576
2201 2004 629
927 2117 2067
1627 773 5446
2370 2529 4835
863 2017 7999
2267 849 6477
2563 2505 4900
2532 676 5071
777 2109 4508
2284 2574 2831
715 562 133
2338 1098 1181
422 2835 9591
1601 2044 6740
2323 2072 6666
111 326 9761
973 679 1922
192 23 2310
847 869 2466
2716 2731 6063
2922 191 4104
1033 2617 8674
2746 538 9772
2208 2474 2058
286 2265 5335
1760 1596 7296
344 1260 1562
2825 2887 1106
1034 2027 7511
1329 2023 8495
792 2337 3462
552 4 7808
2120 1810 9962
2762 1552 8119
4 611 637
1970 1911 2839
964 1944 1414
182 1661 6857
2806 1609 5196
1535 2145 4536
864 1986 3341
1685 1460 7789
1637 2752 9779
1540 334 1951
1893 743 458
2332 115 4505
372 2889 9713
97 782 8797
1167 1019 7193
748 2311 7639
943 1292 2351
672 293 1171
2867 1436 4292
612 377 3077
861 969 2513
1269 1267 7259
2256 2181 8264
156 254 6233
1777 383 6515
2422 1865 8017
647 2570 3187
687 1288 6105
382 601 1145
1962 715 2664
1979 2553 3643
1093 2085 1098
2546 81 440
213 368 7189
1983 1063 787
2622 337 1899
1344 2309 8001
2043 177 1284
2170 2591 6016
2055 978 119
576 295 5231
736 2819 8894
1335 577 2847
360 2732 4403
818 1183 6201
1246 2689 8386
121 1844 1267
17 132 913
751 1116 7531
236 1633 2000
2584 1809 2102
1899 2844 8805
2785 20 3962
1741 1410 9938
696 737 8804
2677 312 2560
109 1294 4389
2356 1371 6172
1894 2698 1036
1095 565 3207
2713 2335 8009
2750 746 5233
1183 182 9436
1010 2040 6821
153 1207 8156
1280 837 416
1173 243 9303
1601 1509 6260
2839 1709 6377
2781 2813 2202
703 1996 6877
2108 334 8649
782 109 1262
2515 296 9886
1517 2601 6096
2266 1839 8929
154 1536 1714
1602 2169 3577
91 170 1862
2673 2652 6452
780 2 9665
387 2111 3477
2026 2774 8450
2834 2294 2064
2048 1722 2520
1215 2353 174
1428 2317 7801
937 2871 116
2559 2258 8355
63 1756 5845
670 1484 933
2053 1628 7260
1219 489 7700
118 2107 1225
1581 1887 9169
2223 877 8204
242 1448 3363
2365 1122 7946
533 1318 5227
2148 2516 9514
408 1736 2238
722 134 1508
2834 120 7593
992 393 6712
138 1667 5681
253 1464 7592
825 382 4047
2269 2837 8875
414 2704 4374
2702 181 5061
2567 780 5216
2756 2162 3874
2530 721 8889
2099 896 2168
2176 2195 2438
53 1798 9562
1684 1003 1019
2546 2491 5286
2750 1793 9916
2491 2512 1731
101 548 7355
481 1877 1912
2368 1198 4075
1432 1175 3040
1704 955 4678
2108 553 745
2465 447 7940
2563 817 7613
1902 490 3083
2772 2898 3676
825 1624 1947
1515 2548 9617
2835 725 7503
2821 1320 2615
2785 2883 2314
1011 2789 6603
831 469 1913
1086 2627 7303
927 2487 8591
2405 1670 7622
973 317 7946
2620 608 1059
1447 1613 2666
397 232 3069
348 2519 7417
2599 2277 4264
2849 795 8025
2455 409 1552
19 233 69
2459 267 2474
2865 432 2644
1887 383 320
1880 2830 8674
1422 1202 9251
2203 621 1541
1855 1068 4724
2895 140 7293
2006 1024 1079
2068 2298 2072
847 727 9278
86 982 7114
1903 340 710
1956 2037 1986
979 1232 4457
701 1467 6081
2574 1527 2972
936 593 5880
554 2250 8951
2233 1380 8805
2390 1334 6032
2160 1657 6408
1858 34 5868
596 1401 9311
548 2459 7995
2726 2275 6714
58 1311 7181
1433 1717 2595
836 1801 5695
333 341 8960
2259 20 282
1275 2565 4590
1582 2698 6355
1168 2293 6046
2467 368 6696
503 632 7331
936 1902 3667
694 1297 5109
2734 1390 7034
504 867 6580
2608 1092 5204
1915 1656 2889
1134 2524 6645
1507 391 9275
993 1738 265
370 1937 1272
911 1461 3834
2322 2340 3879
919 841 2949
546 1749 2679
2636 1383 3177
2361 1632 2046
908 521 409
1347 1983 1072
957 2719 5885
1155 424 8973
2931 2302 4596
133 269 7701
1643 2657 3483
1676 1449 6980
834 1817 3632
1227 1742 380
797 815 8929
1179 409 6341
965 868 6789
470 260 1884
2472 1424 6637
575 1976 3453
2120 2537 8905
2183 1455 5961
2534 1258 365
1884 1840 6171
2758 1324 1609
432 799 149
657 1548 9048
2641 204 6032
1291 1060 4844
96 82 7338
1299 2575 9382
387 2888 6895
263 2448 7856
530 1429 8834
318 2880 4330
1008 515 555
156 2742 1211
634 1929 3713
820 682 5408
359 2173 6672
866 1567 3827
1991 1168 8586
1177 2674 876
592 1751 1885
1942 169 6489
1316 1457 4866
917 2345 8044
1413 1975 5781
919 2643 3917
386 2919 6385
739 2847 3760
1074 622 1523
824 2209 8320
1244 2687 9176
2908 611 8893
312 405 5584
1329 2921 9104
608 1220 3271
537 2525 3682
2440 2726 6243
2492 1294 8258
1820 381 6981
2765 1501 654
2547 2321 5311
7 280 4329
2213 2611 3680
244 1134 5661
2844 1993 2993
2382 1569 7765
146 1608 9885
851 235 7314
2357 69 6885
643 878 5995
1097 2571 4469
901 2199 7566
595 2592 1219
519 2049 5376
178 2221 6793
2571 2661 1840
1800 1171 1941
2528 1639 2866
1728 420 516
579 1257 9187
801 74 5304
2799 1055 4451
2825 1889 4745
1395 1681 6896
2739 256 592
1246 6 8643
683 1177 153
2433 1522 6322
1195 2647 6574
1305 1258 7327
2150 734 3478
1051 2384 3712
787 1548 5712
792 1614 3243
768 810 4619
1975 1934 1330
2192 789 2429
2527 865 1265
149 2411 2370
111 183 6315
2498 964 545
1419 2784 8329
1022 63 1586
1098 1487 3365
1013 730 4472
1178 2145 5315
169 2026 51
512 1066 3870
2457 343 3564
833 357 772
263 1557 613
359 2252 1777
881 1596 7498
1923 2396 2129
2025 1758 1078
2365 174 8041
1618 2640 2436
2374 587 4792
2622 2641 953
836 2691 8024
1261 2079 7019
2448 1365 5633
1877 2265 4614
1191 2542 3890
741 2925 5123
2676 2169 1874
1392 1829 3050
1051 828 10000
1806 2630 7361
1559 0 1367
2732 153 6921
2095 1884 6305
2422 2749 449
1869 734 3547
728 2727 4795
2912 1297 2176
1395 1182 3804
303 555 2416
756 2851 5337
363 1062 8886
2535 1253 5027
2590 1404 8607
2083 2629 5424
1969 2165 6172
2623 882 9468
1745 2609 9303
2597 1988 2480
1016 2336 3503
1829 1554 2669
2311 2877 6706
1984 1091 6613
2748 766 2115
680 125 9362
1645 79 1933
331 2361 3956
35 1823 7196
1763 739 1381
2862 801 501
1558 2310 5038
1606 515 3178
2079 1109 6958
256 851 1785
2507 434 8475
1213 1766 6403
564 2401 2671
1924 176 9153
83 2753 9122
2695 920 3940
1313 2007 1776
486 53 6996
314 2032 3369
2717 1643 7280
1647 1011 909
779 2484 3515
687 1275 5053
1562 1492 6474
2817 236 8963
813 1529 6591
638 1750 3824
1609 1485 4348
1118 1753 9186
2919 2094 8399
2473 1694 1673
1442 1723 9094
823 1957 5464
2138 303 9658
1936 187 7442
714 1575 6495
372 1300 4350
2665 1417 5622
2438 781 5699
272 2246 9938
1386 2208 4381
2480 104 4147
885 163 6113
1568 1669 3000
2914 2226 5833
1559 696 8351
571 2737 1034
1729 1550 9374
2142 2642 6650
2224 2372 3974
1948 794 8105
355 1322 7959
2094 1582 5623
904 2756 5207
1043 2662 9375
1859 800 2131
774 1495 542
2533 626 7106
663 2297 153
224 1867 424
2246 1828 4137
70 2252 6002
2777 2769 8158
870 517 4493
647 361 5967
1438 2902 3774
683 2045 7074
1137 1357 9822
2190 2274 764
2066 1281 4809
2215 1577 4678
1863 2105 5611
958 1991 8920
1878 660 3967
1589 62 1380
2452 1006 4952
2561 2180 4896
1810 1520 5348
871 83 4212
155 1717 3539
2270 1112 15
946 23 2599
2829 2035 6558
2098 1820 2104
110 2796 7782
1631 376 2845
2888 2306 3068
1184 2871 587
1167 2504 1725
1387 987 3534
2770 1927 1562
1766 921 676
2636 555 7510
926 2505 705
342 2380 837
1223 855 4642
1476 168 7225
1128 1957 6085
2607 1521 8267
869 1783 4631
1061 2249 321
1270 1388 3590
284 2890 7620
196 2471 9435
2318 1133 1739
2271 2625 9419
1931 767 2841
2780 28 3619
537 1141 3283
1654 2013 6437
693 1185 7
1605 1914 2410
390 1671 252
741 1653 1675
2400 2170 5732
2833 1127 4861
441 195 8082
1650 1218 4424
1511 1924 7529
2197 1520 822
1197 78 9605
2787 28 2194
1107 2256 7757
1508 2700 3213
59 2431 5846
306 1306 4714
2321 1545 3004
2700 1178 5749
623 2895 7083
805 2783 8835
2414 440 3388
636 1079 978
754 2662 6680
2114 467 5844
2290 1149 4455
1702 2877 9064
1439 2416 3205
1372 1762 2817
2711 283 4410
50 1081 1332
1184 1707 8624
744 2931 9322
2911 1576 8178
979 1664 607
2697 1971 2910
809 511 7992
1370 1727 342
553 2569 2487
2923 1161 2965
2513 2009 5594
2538 758 8608
703 1598 1065
2490 1403 4525
470 1845 3350
1091 33 974
880 2573 3837
2695 2059 2893
2516 438 9273
2847 962 9741
1801 442 9131
1176 2583 9541
763 2533 7969
353 713 3758
1529 2135 1281
786 2811 4616
883 416 5938
2882 1353 1632
1657 57 4276
2682 2433 8280
2687 2876 1136
1450 2201 6650
2130 2518 3930
439 1724 9817
488 711 7013
496 1245 250
2425 2423 5045
2245 2116 18
781 2814 504
497 431 4290
475 2036 6148
2122 475 8155
2859 2824 7155
244 1544 6379
1332 1939 5371
2684 2003 2634
865 701 7648
1176 970 2061
38 1979 3993
2088 392 1640
766 2753 2451
173 1687 9436
45 2101 5582
1231 2616 8315
1459 1629 2564
166 1159 6122
1186 2644 627
948 1405 8268
2616 1840 4653
1510 564 6899
37 2444 6211
414 309 5889
177 438 9859
1839 2180 2310
2523 2209 6101
507 2425 1344
697 866 1891
270 2653 6933
2590 2309 4320
1743 2760 7354
285 2224 9375
490 1752 6130
1757 2596 9385
233 2512 578
381 1106 709
529 2075 8214
595 325 3211
2813 105 8396
2881 2648 6789
1506 2441 8249
1739 1156 7822
2269 1195 1923
513 483 9919
2172 214 8718
1805 2415 419
2772 1958 8346
419 84 3886
2568 2900 8939
2007 633 6371
491 1833 536
2642 92 7938
1578 2128 6165
2307 2927 3111
1471 2104 7241
2870 44 1445
732 613 6811
642 1162 4349
1470 812 9110
157 859 5537
1054 1014 2476
1336 171 5527
1773 652 3776
1731 55 978
2363 1585 4661
474 2215 5241
193 2727 3889
925 1653 5884
1191 750 1804
21 2555 7628
246 46 4400
2592 2504 9233
2121 1048 6546
1370 1236 853
2318 352 8794
2178 678 3076
1017 2702 8783
1074 378 4866
2193 401 3148
2430 606 7845
2370 2443 5110
668 1666 356
784 2568 5921
74 1959 7655
220 617 5929
2078 535 3643
1309 402 8330
424 988 9476
2363 719 4487
1571 2105 6465
643 943 6366
821 1106 5905
784 1337 2653
265 1506 1900
1580 254 5561
308 2463 3582
2478 33 3342
2460 2647 7181
852 547 8116
752 1513 553
1904 25 6176
1846 2820 4768
431 992 7488
624 664 415
2093 939 440
2460 2720 3668
1368 2573 9100
2893 1613 1388
1012 1528 8107
897 1821 6024
2849 70 4566
856 2669 7471
2524 2817 2187
1320 1224 2620
1349 776 9775
2143 659 3031
289 1833 748
1194 411 423
1146 1907 9674
2027 1256 4150
922 1807 9182
399 2153 846
2757 520 7284
674 2857 6938
572 60 2711
1679 2600 1065
1714 1390 485
369 43 8478
1578 2606 8272
653 197 4804
376 2754 1300
2282 627 3524
1049 1633 8672
2306 1757 9295
2827 60 5365
500 1651 98
2366 1526 4812
1616 905 8741
1573 1930 5696
609 2399 4252
179 1921 2739
1518 1003 9980
1100 2584 6700
645 2784 4516
1471 1685 1764
2326 2166 6875
126 1761 2752
362 161 1300
1665 904 877
1748 770 8709
1662 61 8802
1220 987 9746
709 2522 4260
1365 2233 7632
1754 625 4446
1992 2544 9426
2736 523 2960
2845 2496 9451
266 275 808
426 1315 9619
2093 942 916
2165 1378 8832
159 1323 6006
2144 1486 1550
1772 2230 1640
292 1561 3260
1545 1288 4049
1118 508 1779
2593 2495 7934
831 1528 6518
821 1103 3111
1254 1584 1237
1478 1612 9787
565 245 3063
791 463 5908
150 1683 9678
2435 1110 1255
2569 2254 7233
1594 2405 5228
1405 1926 9598
124 1414 1189
2200 27 303
2057 1459 3874
1189 1432 3716
1805 940 6224
791 1087 1112
2655 2929 4151
1031 2790 8613
1727 472 1882
2378 1373 7375
1796 602 5785
1640 1104 7958
1663 1647 4154
518 2542 4816
2124 1272 6997
1879 789 6200
1015 573 2379
2818 2893 9872
214 842 5697
2719 1575 7494
204 2623 641
2479 536 5215
77 516 4513
559 1146 6417
2144 700 8533
61 2925 7839
929 2602 5928
1 2204 8070
1187 1889 8865
2106 69 5018
2918 698 496
579 429 9528
2814 698 4312
1913 1530 675
838 719 2488
1332 119 3704
830 354 902
2898 2555 2094
2133 2414 7840
274 2850 1198
1851 1050 5567
437 1739 641
1700 1794 5975
1107 1779 463
45 5 9177
30 2162 7820
1973 1489 1859
2462 1634 8258
833 1885 7493
2189 1509 8693
1026 1563 724
1775 2238 8065
752 2536 812
1941 2668 3943
2545 183 1281
2097 2237 7820
1871 2675 8821
2005 1531 6081
635 885 9879
1514 2843 9044
2028 1438 4194
124 2173 4343
1788 980 7765
185 333 7936
2552 1849 5652
1851 617 4990
533 803 9391
88 1384 6040
1120 1715 8768
958 2600 8723
882 127 5693
2178 712 175
584 2237 9251
2023 1431 1914
771 2011 2985
2829 972 4981
2928 146 1136
1383 1338 389
443 908 7783
1707 2468 635
1006 230 3770
1054 2580 4618
709 474 7491
1150 2112 3096
457 1579 1064
344 2787 6932
2355 2274 3737
999 953 7541
674 2343 7013
2248 2070 782
173 772 6156
2128 10 7275
1103 883 8437
933 2383 4304
352 1309 6594
357 1079 5676
1347 1117 296
139 1425 5721
345 998 5761
1378 30 6581
1063 2565 8509
1995 2084 7176
2157 584 7493
2551 1790 6591
2412 310 986
995 198 854
119 637 7536
2034 1573 3654
1761 656 5707
245 2558 9116
639 2088 9606
369 1818 9589
1084 1295 4593
485 2084 9160
79 1904 9892
2181 323 4747
1150 2440 379
1971 1901 4051
2786 759 1546
176 1496 4074
1102 2119 8824
2672 2409 3828
2487 640 8405
717 2836 7307
2901 1598 2474
1523 29 657
712 2765 1802
941 261 6612
2771 2204 9748
1563 38 6423
2371 1221 3322
1781 2669 7038
1024 329 4528
2198 1100 7498
2499 2529 254
2909 2749 1290
846 2535 1076
2293 1501 9148
1119 1811 9233
2278 1577 2686
1052 884 2009
1138 2112 5969
232 1718 5228
1841 1304 7979
1592 2303 872
1217 2085 3003
834 2222 4996
1987 1891 2234
271 1781 3299
652 1023 9749
2117 1014 1069
1831 2176 9884
1725 1355 3012
1222 197 6216
2915 1690 4309
279 569 8479
690 1009 8405
1356 521 9073
1516 326 8433
972 2664 5211
1497 1180 2120
189 1009 5964
692 1080 7857
445 1126 7505
2587 890 563
2638 2146 2857
942 2885 8081
458 1004 6382
1428 181 6234
2324 528 4397
2856 1514 5661
1427 574 4819
956 131 3249
2122 2195 3750
454 1310 4780
2473 1158 4791
1373 2302 5960
301 1870 9289
1271 2413 4500
989 1696 705
1473 522 6521
2759 551 1769
1682 2046 3277
37 2603 9899
2296 2859 6658
1351 2352 100
2803 1762 4623
1450 2699 9911
2282 2133 3147
2001 620 5742
1420 1087 3430
2818 1023 9145
1624 1186 5622
2228 514 358
2497 1094 5585
1343 1400 8503
1538 123 7265
1474 1959 1164
223 686 3341
144 2793 6746
2841 2211 6527
1931 1396 6042
2444 2808 1150
1787 928 9155
2778 2551 1148
449 2147 601
2462 1490 1083
2923 2729 9783
742 1953 6440
1061 1279 8722
123 1827 9584
2019 544 3595
1855 1328 2737
234 2528 2825
210 2701 4979
976 711 3039
1966 287 1846
259 1124 7386
2126 2634 1956
341 1574 3770
1133 1910 670
2182 1105 3486
16 1033 2136
2115 981 689
1652 828 1571
2634 168 690
2033 1574 7951
2245 148 1672
358 1196 9582
983 900 9129
42 275 239
2560 1265 9826
531 2461 1451
2253 2755 4928
761 1695 4949
1808 1814 244
42 2065 6208
2211 1111 9118
804 2722 5001
1680 2047 4283
1941 1799 9417
68 2291 7994
2056 1393 438
2261 935 2514
2794 594 2648
2559 1075 1067
1001 983 6138
915 757 5216
1785 1182 7571
1273 2509 1834
1562 1694 6838
1973 1463 3231
1417 2488 2007
793 132 1301
1837 1682 6571
2427 839 6070
2191 288 1197
1252 1856 8909
2826 2275 7242
1441 2490 9605
1826 142 7715
2045 2684 367
322 2331 579
2167 2581 1632
1161 1950 8839
542 1263 1649
1690 1273 1156
1689 2508 5151
1389 2930 9001
1989 2453 1661
514 922 1132
2881 1076 4674
165 1140 2297
421 89 708
2556 2879 2553
297 2028 544
1551 11 9721
1759 1634 7011
1446 129 2344
1963 2100 8670
2325 844 9345
3 415 393
852 454 1412
1005 876 9153
994 1044 383
1505 895 2738
49 492 1110
751 1407 6750
811 803 8880
1733 616 4709
143 277 6472
2745 1680 2584
1059 2562 5875
2225 116 394
2052 2278 6741
2768 1123 8771
947 733 565
875 539 1531
2822 1482 5413
1695 2801 2541
2104 403 6451
2728 2649 1682
2770 934 7453
2637 2418 996
1895 1822 194
32 2805 6579
2904 2127 8375
1314 1445 6785
2248 2239 9195
421 2553 8829
2054 1496 2071
1498 2679 8843
25 1642 392
1333 1491 7427
1793 152 5882
1125 1391 1632
2575 1797 950
190 2136 9944
1608 308 3600
2113 1201 3169
367 854 184
2131 1533 421
1933 1454 1529
208 1075 7030
747 2295 2720
527 2564 5822
2384 273 4792
14 311 8631
718 342 2584
1868 1073 278
2688 1734 8963
445 87 2156
667 2395 3869
179 1549 498
746 2596 8072
2699 2477 3910
1453 1327 6278
351 503 5465
2453 1452 109
2235 478 4172
117 2003 1159
1415 31 2666
24 699 7156
1278 398 6261
2295 2259 8629
1479 2205 5197
2578 241 7135
85 878 1049
2917 412 9437
1346 2740 7451
2864 1027 4648
2029 2735 4087
902 2004 975
561 2502 1949
73 1165 5345
783 735 8625
1376 1211 3437
1479 26 9338
1743 2070 6072
1166 954 5742
1603 2760 4715
2554 252 8596
1708 1542 8998
1873 2626 6674
12 315 7162
2506 446 8438
724 2315 1041
206 2517 8485
1846 135 8866
264 1070 2172
2874 473 4445
1928 827 2200
2891 1310 683
1917 906 8527
330 2738 7319
2342 967 6005
1977 2061 810
47 2902 7547
190 2802 5038
2214 2615 8458
610 1000 7882
102 2666 511
380 2540 1500
2610 986 1542
541 543 5700
2816 1153 5717
1085 1143 73
1940 905 1324
968 2884 9693
1276 22 6862
262 597 1952
2035 305 3176
1599 2476 8911
1292 1364 7271
2300 222 4739
2917 1996 1769
290 1203 2623
1881 2458 4088
2391 1346 3201
2840 2206 1687
2123 1251 5230
1593 2674 5954
731 1504 3214
2434 2051 5948
1341 1082 991
216 545 949
560 1289 9382
1555 2186 5167
918 2235 4052
1688 677 7182
1951 2658 1342
2186 2875 9783
1825 894 8874
2392 2064 2517
749 2316 4073
1940 2060 7656
396 350 7746
2594 2242 5743
1994 2445 6978
338 2251 5936
423 2268 8626
2747 1502 6665
1737 1239 5592
