3000 2997 10000
1002 160 4
415 1768 6
2375 2296 10
1715 446 7
1097 2053 1
365 1173 1
513 613 7
2788 2130 8
1986 2108 5
2619 1358 7
1580 2986 2
2955 115 5
1665 832 1
483 2443 7
940 1549 9
2981 700 1
2064 328 7
2314 1463 2
1262 1686 2
2964 2203 8
1418 2948 4
2320 2175 5
20 775 1
1319 1555 1
2674 2564 3
1990 1541 6
2023 139 2
751 2527 7
2988 2979 9
2305 263 1
2723 2172 4
843 2529 5
535 1852 3
56 2618 4
597 294 9
2250 2209 8
1013 2290 8
2313 2021 6
1394 149 5
2600 1807 4
2844 1557 6
2200 2462 7
2173 2639 9
481 1302 3
2299 2403 1
2129 2617 6
2213 1720 4
2856 1430 1
2395 34 8
534 580 4
2014 1496 9
1150 2186 1
1037 2824 9
121 441 6
1637 141 2
1510 1977 6
138 2085 8
1447 1193 5
1279 1201 4
2336 543 6
2436 566 2
2691 645 5
1611 2963 10
2115 1153 4
1099 2903 8
2538 2379 4
144 1909 9
600 182 2
1755 884 3
968 861 3
1113 444 3
1551 2607 7
1854 2154 2
499 2676 3
2358 1182 7
44 2609 10
743 2698 4
65 1764 3
408 1325 1
891 1906 5
375 2704 4
1963 1127 2
346 2015 8
1928 254 1
2616 1381 8
218 243 1
2665 2609 8
484 2315 4
548 2106 5
336 1728 4
2357 913 1
2628 1441 7
1588 1787 2
2052 2567 7
404 2319 5
1320 2036 8
1564 48 2
1516 2552 2
2593 547 2
554 1220 7
1105 2512 1
1565 101 3
2094 2729 2
1369 82 9
2420 2522 6
1070 2851 8
1736 946 10
530 126 9
1027 2266 8
537 1508 5
1100 2570 3
2533 1334 2
2747 2274 1
1184 992 10
39 2245 2
1654 471 6
199 1049 4
532 1160 7
230 1455 7
2012 1370 6
993 2407 5
2784 1085 9
2153 2416 5
510 2421 7
980 599 8
2641 1702 10
2179 1715 2
454 2381 3
1421 703 4
588 852 7
2011 96 4
2857 492 1
35 933 4
2558 949 10
1004 1597 4
3 1681 3
1729 2276 1
617 2456 9
1883 1106 1
2440 64 1
434 731 10
673 1156 10
312 24 3
2287 881 2
1857 1832 9
2285 1821 4
1560 931 3
2801 1888 1
321 1351 4
251 1859 4
1598 1899 3
1262 1798 2
1444 1877 2
1410 1631 3
2029 922 1
131 216 9
517 1461 8
1393 834 5
1089 370 2
2704 480 6
1586 1385 2
1065 1221 9
1766 449 4
1408 2932 2
2183 2548 6
2624 1462 4
2167 899 10
2325 685 8
947 1391 6
1757 2054 4
839 2627 3
1126 2633 8
1289 41 5
607 2991 2
713 762 10
2254 442 3
915 459 7
2816 1823 6
2109 1754 2
652 207 8
1416 104 6
1583 1390 10
306 553 1
1863 2438 9
1550 2868 10
2369 408 3
2907 1710 8
1093 1109 1
2703 2093 2
1324 2416 2
2728 1467 2
60 1103 7
1139 500 8
2233 1384 9
2970 2514 7
501 867 1
1926 2048 6
1068 1035 10
581 2996 9
2998 1317 10
1022 870 10
1694 2660 4
263 1988 8
1766 1371 5
2252 2886 5
2190 2964 2
1075 982 8
278 1055 10
1745 529 1
820 1533 2
2310 2702 3
2069 653 8
2067 2838 3
712 2073 9
640 2217 1
1966 1569 1
849 1133 7
152 1640 8
2825 1411 1
1801 1018 1
2295 1539 6
313 2051 4
2136 827 4
758 2632 9
661 1907 6
987 1645 9
2157 1355 10
1212 2818 2
188 150 7
551 1950 2
1646 391 5
2247 2472 8
452 2104 5
443 1767 10
1808 1969 10
2958 1062 9
795 1863 9
2954 1888 8
1989 1717 3
1879 829 8
1190 1404 3
553 323 2
1751 2876 6
2559 343 8
1003 432 1
2249 571 7
338 1719 6
393 1476 9
2363 2355 9
1956 898 6
307 806 1
688 761 1
857 691 7
2418 1796 8
2720 2690 2
2716 576 3
392 2689 10
1974 1903 3
2642 1684 2
1922 420 2
226 615 6
1294 2939 4
1738 1835 9
117 36 2
1240 2680 4
2208 1840 8
1873 509 2
424 1887 9
1789 166 8
2912 630 10
1247 1420 8
2724 669 10
46 1926 6
1354 1623 4
917 1284 6
1708 2274 6
1223 1658 7
2189 2966 7
1400 2693 1
1800 1303 9
1683 2569 9
896 1098 9
291 1531 7
694 1271 9
1037 162 1
2207 407 5
680 514 8
672 1250 9
964 2404 6
1541 1248 1
655 531 3
1200 1376 7
2780 1996 3
923 2060 5
1744 121 9
2971 2574 4
28 1463 8
1704 1797 9
2804 770 10
802 1295 9
1301 2108 10
63 986 1
128 175 7
1682 1942 9
2275 790 9
971 1596 2
2584 2864 10
900 366 9
1390 1001 2
2134 494 7
653 2153 2
2289 862 6
1546 1415 3
444 1525 4
1502 461 4
283 172 7
778 1736 5
1078 2797 3
767 1462 1
578 574 6
2188 2081 3
2294 180 5
1268 1557 8
636 2204 1
54 853 7
699 246 9
1318 2121 2
1765 1919 5
1867 231 2
1215 1785 7
1819 1529 1
187 781 10
2688 2994 9
1014 1986 8
426 1447 4
1743 360 8
373 2756 2
610 360 3
917 485 8
915 2281 1
1750 1309 1
2443 1702 1
608 71 7
323 1607 8
1782 2746 8
1221 210 3
240 633 6
1306 1058 7
2411 754 1
2745 1019 1
2370 2173 9
271 974 6
506 2364 5
2327 1358 3
782 234 1
1925 1617 4
1577 49 6
1137 708 9
913 1158 7
111 2643 6
428 360 10
529 1762 1
531 1658 8
415 1544 4
2721 371 8
2705 1286 1
2144 1753 6
2589 1511 6
2483 2340 6
590 141 1
2890 658 10
939 2715 2
1661 1696 2
2947 220 9
1563 330 1
2685 424 8
2528 2409 1
351 1944 9
1562 1263 7
2429 570 1
790 1652 2
680 1484 6
260 2772 6
1985 435 1
2999 1656 4
1139 737 3
2117 2348 5
62 1257 4
419 974 6
1433 965 2
77 1829 6
951 1392 1
2408 681 8
2960 2350 2
449 179 9
490 1983 2
1578 1688 2
252 2701 7
843 1880 1
2554 120 7
1251 2604 2
2656 2685 6
249 2050 10
1423 2846 2
1925 1985 10
2679 2234 10
2353 974 5
2178 1872 6
2372 151 10
502 824 3
1643 719 1
2288 2497 5
1784 113 7
2217 1772 8
1642 1129 5
741 1663 9
2934 1196 4
948 425 3
93 15 8
2177 1176 2
2441 798 6
451 1812 9
2019 1855 9
2864 295 6
1921 2442 7
2877 1629 5
730 92 3
2213 125 9
554 1400 6
2372 1083 9
2592 326 3
1672 2683 7
2612 524 2
2477 2159 6
436 2877 7
2431 880 4
1730 2496 1
1154 2890 6
1128 2670 9
394 2334 5
641 1995 9
107 1608 2
1117 2402 2
1533 1335 7
2933 722 9
1707 1590 3
1397 821 9
2517 133 7
2990 193 9
1975 2098 8
23 1329 8
29 2101 4
463 1414 5
1653 2459 2
1737 1224 4
559 344 4
1219 364 1
1549 354 6
317 2399 6
2824 2198 2
1198 1582 10
164 2696 2
985 2038 8
1161 1138 3
2371 1771 2
1526 1417 2
2904 1527 6
695 643 9
2223 2670 8
623 977 1
2753 676 7
2614 2243 5
2643 2822 8
208 2903 6
1188 785 10
725 2854 10
1899 812 9
1905 1028 5
914 1211 9
2472 874 3
2599 2997 4
2750 1601 9
129 2345 8
976 515 1
2677 2774 1
1853 786 7
1178 814 7
2507 184 8
573 1408 9
1695 2023 4
1604 1399 2
1711 1299 6
2787 2244 10
2082 1805 4
2794 2896 6
2977 75 4
738 1877 7
2219 14 4
2246 2511 9
2776 2558 2
239 2056 10
707 2914 1
2390 1837 10
1923 383 9
938 2241 8
537 881 10
1833 234 1
2343 2717 3
329 255 4
2031 1427 7
2257 539 10
679 2853 5
2001 2212 4
1154 350 4
2361 1168 5
684 1948 4
1253 298 6
1696 2551 1
88 1173 5
2622 2143 4
1960 1946 1
2445 176 9
2100 2560 3
1579 1076 3
2110 2809 7
2662 2615 8
1074 57 5
2699 1638 1
858 2033 8
1044 1460 4
197 2012 2
85 2478 9
2801 143 8
1934 331 6
520 1820 7
677 1236 3
462 2318 8
2550 2912 7
974 991 8
1602 2834 4
910 2768 3
698 2923 7
1257 2463 7
1542 16 2
746 2626 8
2419 2724 5
1220 2114 1
1959 1999 5
2099 1424 6
2895 1769 1
2800 2242 5
717 447 6
2945 2077 2
587 1107 10
388 1949 10
427 1256 2
5 337 6
848 2531 1
1066 1790 10
454 375 4
1231 1214 9
1717 2297 8
1837 2565 5
1501 451 1
2017 2627 9
2914 1176 8
1344 2005 7
56 1287 7
1980 1993 7
750 1875 1
473 2006 5
1153 2828 3
1569 2080 5
1915 1722 4
221 1513 9
1121 2439 7
1208 300 1
984 2823 2
287 2765 10
2673 243 5
292 994 3
1110 1095 7
1177 2484 6
1808 1111 7
581 556 9
403 2685 4
1993 1514 1
107 2479 2
1689 30 2
518 2589 6
2075 1975 5
2255 1961 5
2653 1624 9
2957 901 7
2803 1964 6
2171 1876 2
2642 1942 3
716 1880 8
2817 646 3
2667 1396 1
2305 177 4
1135 596 1
819 1642 10
1141 929 9
1971 912 4
333 400 3
255 2729 6
392 2415 8
2481 2073 1
632 1783 2
1225 2131 2
2684 2330 3
2910 250 3
988 705 6
2428 16 6
75 668 10
2476 2475 9
2024 1339 3
1417 1966 2
2347 1414 1
1561 1303 9
2884 2585 5
1728 2002 5
2637 2773 1
2084 662 3
367 1391 4
2290 1568 6
1811 2065 8
786 2978 7
2482 2103 6
957 2067 6
654 2227 5
65 1210 2
370 228 9
73 2905 9
969 1235 2
1958 2151 9
2664 1228 3
1437 80 10
2432 313 8
1246 2412 2
167 207 6
2095 1221 1
561 611 10
444 1386 3
1300 293 9
198 1202 9
10 626 4
921 1389 1
1941 2061 5
836 93 10
1790 1139 8
1209 583 7
1996 749 3
2763 1752 10
1398 2226 6
1850 2951 8
859 1252 6
2764 2497 9
574 1017 7
2096 519 10
2928 1543 6
1332 974 8
1962 2090 3
1285 356 5
2558 1310 10
883 819 8
931 2819 8
2340 776 9
1143 567 1
2546 1951 9
4 764 9
2545 1829 4
1261 117 6
2741 304 8
119 2450 5
506 224 7
2635 1683 7
1056 2351 7
89 528 5
855 1147 2
980 683 6
2509 1123 3
2329 2376 3
1770 1606 7
2112 1902 8
620 315 8
926 425 3
1072 895 8
368 340 9
2916 443 3
308 2617 9
2440 1975 5
2071 1848 5
800 1265 4
1226 1855 1
682 2500 8
2424 173 10
935 1709 8
2653 2583 3
2613 2888 7
1737 1060 6
1516 2271 8
377 2820 7
521 1826 5
388 1377 2
2361 1893 2
87 1847 9
1185 1528 3
889 1730 1
746 2881 6
405 1622 2
1662 2790 10
638 784 4
1052 2173 5
2188 2571 7
2045 884 1
625 1500 6
2278 1167 9
1825 1108 6
1558 1954 9
1315 602 10
779 1882 9
1881 777 7
322 2323 4
1082 1085 1
2693 2176 6
2767 557 6
1712 2974 5
2950 2752 1
181 809 5
1679 2066 7
2071 1658 10
796 582 7
745 1207 2
2507 2653 8
1497 464 2
1108 300 2
402 2840 6
1246 1418 3
1802 893 8
1010 2823 1
1493 1240 4
2 1599 9
2453 102 8
1690 322 9
347 2256 1
1457 2162 3
1546 2242 6
889 1855 2
2609 1902 2
523 1148 5
2152 290 3
2994 967 1
1362 1406 9
2981 964 9
191 2199 2
47 358 2
359 2151 9
2071 871 9
334 2578 3
2941 2968 2
1175 2560 1
2241 955 4
2726 2312 10
2915 2362 6
2929 1770 2
1710 93 1
1589 2894 3
328 1374 2
488 232 3
1165 698 10
1490 1144 1
2806 1327 10
1373 1633 7
2262 456 10
2401 2161 2
851 1594 2
2897 81 5
2495 2692 4
2389 1237 10
254 866 7
1245 2742 1
257 943 10
2352 145 3
2146 2926 7
1721 1811 4
1478 663 6
242 983 8
2771 629 6
856 2489 7
2593 438 7
2046 545 3
2124 1040 3
2605 639 8
2985 1316 3
2084 2843 7
715 311 2
723 2074 9
2805 1969 1
106 660 3
1779 2812 5
2143 1713 4
835 301 10
2913 1011 7
492 642 4
204 246 1
2918 1609 7
2186 1557 10
2875 2983 10
340 996 8
2733 2318 10
2261 2036 2
1410 864 9
2532 2813 10
2302 988 7
1627 1274 7
213 1904 9
648 1613 10
185 1814 9
2078 1856 5
898 2684 4
2389 2040 9
1053 2207 1
511 423 5
2266 1679 2
534 447 8
2669 278 1
2937 1883 1
169 2184 4
1202 1915 9
1383 2037 3
1035 2013 1
827 2049 3
2272 355 6
870 1505 9
272 1337 5
2739 981 7
521 1232 7
385 512 10
748 951 9
2051 632 1
1480 2095 10
45 2409 6
2715 1440 7
692 2865 2
1281 406 4
2139 493 10
1676 972 8
1190 2473 1
2417 1132 9
1237 2150 8
1932 2990 5
2392 1851 6
1107 586 3
1822 258 2
1489 408 8
1435 1889 4
1705 2981 2
1540 719 6
2460 1092 2
261 2196 8
1807 126 4
2755 540 6
112 2184 2
1611 2616 4
1897 1407 9
1076 2725 7
1792 1644 6
2525 2831 7
250 817 10
1794 1481 6
1704 2356 7
667 2481 6
2537 1466 3
55 1124 4
1543 654 4
975 2025 2
1442 784 2
1997 2133 4
2858 2943 3
1016 845 4
579 1556 9
2846 732 4
59 1982 8
331 1615 6
2872 675 2
1164 1897 8
2612 1457 2
624 1573 6
780 1337 2
755 1280 10
2770 2724 5
1660 2908 9
2182 1062 8
2000 2623 2
516 541 5
2682 541 9
1650 227 3
2369 981 6
1370 2473 1
1140 469 5
740 2661 3
144 901 4
1342 2834 7
1930 669 9
1443 2862 5
1343 1239 9
1045 122 5
186 2581 7
1953 190 8
987 33 2
709 1001 10
2008 2522 10
2959 738 5
2002 335 1
2546 1433 6
2375 1593 3
830 2137 4
515 2227 10
1896 2371 8
1808 2155 6
2314 255 1
1635 2220 5
1232 2254 7
2075 2406 9
334 2505 8
1441 1375 9
562 818 8
2637 1046 7
2945 2403 9
357 2073 9
954 2668 10
941 1573 10
1099 2461 9
2737 2099 10
1803 2260 4
1749 582 4
2377 897 7
886 1981 5
2988 2741 5
2933 992 10
2813 890 6
413 1237 5
200 2612 4
2373 2216 10
1573 2187 1
2845 1932 1
504 1073 8
988 2705 4
612 1687 6
2327 564 6
2378 1542 4
2732 2563 7
787 1656 8
2781 935 9
2255 726 7
214 671 5
763 266 6
513 2377 6
272 2394 7
1275 2296 6
2625 1225 2
409 2505 9
1161 2011 3
235 2644 10
2852 2062 7
1057 929 10
1553 2026 1
2664 1805 5
2219 389 5
1668 2863 7
2755 477 4
348 2494 1
2180 1005 2
2095 2870 4
1206 1205 7
1244 1170 7
1871 1326 5
2485 2 8
2868 2556 1
2758 2359 8
1393 489 4
1636 2320 4
2413 50 8
1061 492 6
2144 115 9
778 1826 3
1929 226 6
445 2837 1
2811 2041 2
1765 1875 4
1464 2901 9
1085 1497 9
1353 2547 7
567 801 4
644 158 1
1518 899 3
2887 2530 4
2516 684 7
2439 2827 5
1843 1246 5
2107 2059 1
701 2905 5
2117 2519 7
2690 1900 9
1183 1509 5
33 1056 2
1966 1845 5
90 18 7
2630 2705 6
1378 1587 5
2335 569 5
2442 782 2
2356 2602 8
358 2148 7
2492 1265 9
1128 88 8
1439 2501 1
2922 1884 9
1125 2034 1
1357 2130 6
798 916 4
84 2543 6
2174 2886 5
2828 2133 7
1231 347 10
542 1009 5
2696 1047 5
759 1252 2
1443 22 4
2727 733 2
1273 2156 10
2192 799 6
2272 156 1
813 2285 10
1609 223 3
2020 1984 9
1052 1626 4
183 1233 7
711 1347 2
500 1053 2
1379 1994 7
24 1216 5
2580 2355 1
1522 853 7
815 1537 10
244 2849 4
1228 685 9
1222 1877 10
421 1456 10
1788 67 1
1895 1701 5
104 1200 3
2120 760 1
2220 945 2
1217 919 8
2960 2980 6
2632 2456 1
775 1667 5
2687 145 4
1603 769 5
2935 2712 4
2989 2730 7
2253 2397 5
1189 737 6
920 380 7
1445 433 3
2230 2030 2
282 1791 9
708 727 8
1137 2425 6
1504 2947 5
2316 1647 10
1172 2490 7
2579 791 3
1914 2962 6
2518 1625 3
2576 953 4
761 2867 9
1703 1523 5
26 318 8
1217 86 9
1137 1249 7
1739 2614 5
2542 1395 6
1334 2713 7
1223 1108 10
1628 386 7
1616 609 10
2743 1073 4
702 1093 8
1555 2295 2
301 52 1
1896 241 1
2771 921 4
2631 1482 4
1931 1747 2
1916 2147 3
2055 171 9
982 2354 5
159 448 3
2596 866 10
1420 1861 1
1372 80 2
1338 2927 6
2171 1879 5
330 1945 5
2708 201 9
1501 527 8
1813 2541 5
2850 1946 8
1630 1775 1
1395 558 8
1026 772 10
1199 215 7
1403 2452 10
1030 2191 7
1304 235 1
1036 1298 2
395 174 1
2901 2212 2
1356 374 6
168 2228 5
2675 1699 2
2834 411 9
826 2783 3
2926 2371 6
1020 963 1
2761 124 2
814 2348 1
1974 1255 6
2026 647 3
1842 2282 2
307 1891 5
1473 2873 1
2311 1118 6
338 1859 3
270 678 10
1438 617 6
2043 2103 1
1494 1469 8
2891 1838 6
2547 2157 8
848 2140 1
773 2224 4
2977 896 3
1775 985 2
1340 2458 1
2606 1666 3
2659 2303 5
208 536 9
1538 1336 3
1895 1666 5
1454 742 3
2775 1660 5
602 1600 9
2694 1388 8
2859 561 8
3 925 1
1936 261 8
101 966 4
2451 2521 1
2164 1874 8
1450 70 4
706 72 7
203 1328 2
1978 32 8
2185 2883 7
2163 2717 1
468 181 3
2086 116 1
1435 2943 4
57 1787 5
2414 325 1
1963 1908 7
21 1846 6
2447 861 5
2983 1101 3
21 1415 6
2723 973 2
1818 863 1
256 2289 1
268 1031 3
1804 215 1
74 853 9
2878 1556 5
814 847 10
284 2336 4
2566 499 6
2102 478 7
2451 2889 2
1342 854 1
2830 2297 1
840 1979 4
1591 865 9
877 2279 1
2716 2555 10
1594 1485 10
1860 2752 4
1914 2909 8
1802 2978 4
66 1460 9
1858 776 9
2936 1519 3
867 2127 1
1779 1113 4
2611 2854 10
2736 1010 3
2540 2934 10
2090 1063 4
1235 1883 3
1039 2953 8
1890 684 4
589 1617 2
803 51 9
2814 2455 2
2710 2874 1
1426 1266 1
1367 1143 10
274 2347 1
2512 2695 8
1046 363 4
2549 2275 10
1512 838 8
1632 2209 1
282 120 1
2901 1649 6
841 244 6
1554 432 2
1777 1970 6
1596 2575 10
1799 2852 10
1067 314 7
73 1015 4
2291 142 10
504 2402 4
579 673 4
1278 1213 10
1886 206 6
90 2789 10
2047 2190 7
998 2380 7
2960 2900 5
1541 2798 9
482 1364 8
968 2968 8
1486 189 10
2762 1740 1
1921 1498 3
2165 233 3
757 338 1
2875 249 1
1723 2198 6
2795 2924 8
2976 1930 1
618 1898 8
660 619 9
2885 1158 10
1599 303 3
2055 2628 2
1584 1503 1
942 1409 3
2339 1200 7
481 1693 2
217 1658 8
1707 2428 3
687 1380 9
718 2343 6
1521 1183 10
2969 2807 6
196 818 10
2478 1388 7
24 263 7
2718 890 2
489 2700 8
335 497 6
2126 1540 7
2253 1191 10
2053 528 1
400 2761 7
1071 238 2
2728 279 1
2397 2648 8
1023 1839 4
2582 2448 7
2711 317 8
2560 1926 7
1584 2724 1
2367 2982 5
1195 1830 3
1475 1274 4
1106 630 7
2454 788 7
2842 2726 6
2028 398 5
1905 1701 10
2058 1741 3
1691 1057 3
2570 592 1
112 1383 6
1198 1151 10
455 582 10
2782 2775 1
870 2475 9
2987 428 10
2101 2510 2
1352 810 7
1365 522 1
2647 1340 8
58 1313 4
999 1991 3
98 1514 4
2434 91 5
2306 994 6
2554 1322 8
2630 1937 6
2984 1628 3
2675 390 2
134 2966 8
1913 2991 9
2034 1292 1
1506 894 5
559 351 8
1267 723 2
1499 589 9
1906 2430 4
53 2597 9
2079 1987 1
1727 2384 5
1912 2375 6
1585 546 4
736 2826 4
904 2602 7
1922 1431 4
957 154 1
1809 666 1
2669 554 10
2286 2498 5
1272 780 2
1803 349 1
2504 224 4
2158 1633 7
316 2166 1
1037 2645 6
79 2566 2
911 378 5
322 1167 8
2808 1102 4
1924 1910 2
390 389 6
906 820 4
130 1778 6
1601 1620 3
2591 437 8
1594 2552 5
2806 2422 9
2620 164 7
1542 2363 8
2906 861 8
2762 2995 4
2515 2880 9
907 1566 3
2160 109 7
1862 1893 9
2286 2119 2
2480 1078 5
1680 265 1
2433 2780 5
325 345 7
1561 2908 4
2617 654 6
1810 647 9
887 594 1
1397 1852 4
2820 1427 7
2041 136 9
2346 2967 6
1828 1686 2
1021 1305 9
466 950 8
1062 881 1
788 1089 6
289 2618 3
2608 568 4
2307 1527 3
2274 2736 1
1097 2087 3
713 2244 2
2470 1230 2
1465 2326 8
1746 1354 6
2228 739 5
1007 2238 2
296 2835 4
9 2871 2
960 1670 2
341 2586 2
1515 1908 6
2734 6 2
1055 1884 7
2141 2699 3
2536 2445 2
944 711 5
1373 2981 7
2009 1870 9
633 1741 2
2401 1393 4
834 1808 3
2785 1514 3
851 2818 1
412 658 1
222 1288 8
201 828 1
1999 1718 3
2486 2811 9
2042 1005 9
2044 27 9
870 2122 10
206 475 8
869 1226 10
1675 1713 10
1029 2676 1
580 1383 10
2867 1159 6
481 1733 5
103 162 8
2996 478 4
1534 890 9
1314 2131 4
2500 604 5
1222 20 8
369 1265 10
2133 2796 1
269 933 7
2137 1392 1
1901 2474 3
1204 954 6
1261 186 7
892 733 7
1967 1664 10
2658 1356 10
1343 942 5
1972 145 4
472 1041 6
20 2860 5
2716 523 6
2256 944 6
503 520 10
2064 1118 10
2826 353 6
99 936 3
214 2781 3
2 895 3
1556 1722 10
2680 496 5
1620 2917 1
2162 43 2
2101 1493 6
789 1806 3
655 1084 3
2682 202 1
2754 2965 2
686 2291 5
2726 1957 7
1270 2547 10
286 563 6
277 2729 10
427 147 5
1950 888 8
1003 2883 5
1998 1991 7
1919 2461 10
2467 2293 7
2394 1735 4
1992 1025 8
52 1289 2
70 2882 8
1580 168 4
2170 1866 10
132 656 9
149 414 6
2218 2522 1
626 1131 5
1655 498 8
2827 2138 9
1581 1994 1
2565 1063 7
1104 676 1
831 2891 6
649 2937 5
267 181 10
2547 1759 1
247 2124 5
517 448 6
416 1719 2
1311 0 1
888 1399 8
1254 1130 1
635 863 5
2237 1479 6
128 2252 10
2416 459 6
1448 1206 4
1349 593 9
2672 2072 1
679 1494 2
918 979 6
1006 2623 8
2344 875 8
1870 2802 5
194 1256 6
555 1548 5
401 1976 9
2524 151 1
2898 1613 10
816 1559 7
2104 1592 4
2545 2111 3
155 449 6
1439 1786 3
1330 1430 6
2781 879 1
1165 1776 4
840 439 10
2003 1981 7
1244 2849 2
2330 1096 10
2270 2113 3
2982 957 10
507 2294 4
1666 292 3
1064 2337 3
1412 667 5
1264 2336 4
1368 2032 5
595 236 4
2504 2468 10
109 549 9
378 1434 6
2876 410 3
977 74 6
455 1079 10
2719 2341 8
2523 2841 2
17 2767 7
2629 1727 9
2972 1923 6
2182 2009 5
1181 368 8
1851 2611 5
2193 19 2
1544 508 8
728 148 3
445 204 10
260 343 8
1372 2417 5
2735 2022 2
1938 1981 7
565 2103 1
2194 1280 10
1350 2751 10
1471 970 4
2847 1406 1
1047 1577 9
2940 1267 4
846 653 10
2322 2758 3
207 970 10
807 1758 3
2148 2273 8
180 873 2
2489 2300 10
2542 2106 6
248 1169 4
754 197 3
1907 2852 6
1042 2061 1
2063 2224 7
2033 2211 8
1726 1447 3
2410 1115 3
2502 604 3
286 1238 10
1738 2162 10
2329 1487 9
837 983 1
1192 2614 7
1520 577 2
2326 1857 1
2836 1288 10
1152 2021 2
706 2582 7
1242 2594 4
699 338 4
678 1179 2
2585 1477 9
2210 984 1
797 1576 7
1869 2744 9
1687 2089 8
1240 1625 2
683 1020 4
631 190 10
2742 2659 1
2174 2330 6
845 1182 6
2304 196 4
1189 2666 2
819 2425 5
2749 2673 5
1164 2698 9
2181 906 5
1827 2707 2
264 903 9
105 643 1
2690 2523 7
1979 127 10
1071 89 1
443 2324 1
872 475 8
2903 2768 1
511 126 9
1425 1513 5
693 38 1
1581 1238 1
807 498 10
1293 1273 3
1789 1368 9
560 2677 9
1898 2353 7
230 2051 9
2597 178 8
2590 1939 5
587 1894 1
78 533 8
2263 2458 2
1785 2338 10
2488 2214 8
2732 2396 9
2142 2130 4
1911 1162 1
1486 2197 8
362 590 7
941 2023 7
740 1822 4
479 606 9
2853 1345 2
932 2493 3
2076 1277 8
1051 2595 3
2308 1360 10
396 2571 10
721 1995 2
838 1949 9
2986 2437 7
2495 2405 10
44 2557 10
40 2661 4
1808 687 10
762 1659 2
1227 476 3
682 2072 6
2890 2875 4
634 157 4
1629 759 2
687 291 7
1999 1422 6
1090 192 2
101 113 2
2433 199 1
941 2599 7
2975 1209 2
817 1292 10
676 1572 3
694 383 8
49 2662 5
303 320 2
1193 2154 3
1679 2832 5
2189 2507 6
2986 639 1
1355 2728 10
2332 2503 9
481 1175 9
39 2954 4
1700 2097 10
2170 2261 10
821 474 9
2328 2376 4
1606 1060 5
262 882 9
2326 1933 4
2918 465 9
827 2483 8
1163 1575 2
1849 1333 2
352 2362 4
2004 2603 10
1043 1122 9
646 2708 6
243 899 1
372 1671 4
2422 2333 4
2532 1651 1
1939 502 10
585 1670 9
2315 496 7
1013 1360 6
2769 1454 3
467 1903 3
2655 1070 8
136 1998 8
2751 2068 8
605 97 1
753 2292 9
1763 245 8
1113 836 3
2195 2247 8
1205 2776 10
2321 295 6
1451 222 10
902 1482 6
2577 1504 2
1732 1118 7
1864 143 7
306 167 2
2803 294 10
99 1458 5
406 975 6
170 458 4
2925 1836 3
1177 1212 5
2200 397 2
1080 118 7
2568 720 4
356 487 8
1398 1186 7
355 1976 5
129 2499 7
1790 1197 1
1192 1856 6
2398 2899 6
1453 1538 9
538 235 10
1080 2989 4
578 2343 7
467 499 10
1941 431 7
2829 1120 2
2667 1523 2
7 1219 3
905 493 4
152 1298 10
1019 2810 7
1507 553 1
2621 2570 8
1419 1045 3
2127 906 5
993 1470 3
2449 122 7
2574 1826 1
2316 550 3
1042 439 10
1259 1146 10
2966 2797 9
832 2382 8
1260 907 9
659 2600 5
1576 2683 6
2973 1536 6
1453 2911 2
2760 94 5
2793 245 8
665 2947 7
1315 1416 9
751 1297 1
867 1437 5
2277 2730 1
2649 383 6
417 803 4
804 555 1
2366 921 7
2342 2799 10
1780 2694 5
276 2508 3
1251 1119 5
2923 1197 6
2103 1123 3
2595 939 2
1798 732 5
337 1048 1
1138 680 1
156 387 7
1179 1180 9
931 141 1
2769 2123 8
2332 86 4
1436 2792 2
399 1100 8
1183 1144 6
332 545 4
2005 2288 5
1673 1827 8
1551 1300 4
2334 400 4
1495 293 8
2487 901 10
1610 1612 4
1666 2610 9
1890 2681 6
937 1984 10
2646 1831 4
50 2191 7
482 622 7
1139 734 7
1195 1229 8
450 1847 2
1218 1674 9
2920 1764 1
2346 729 5
1366 288 8
305 2313 7
1638 1906 5
514 2513 5
1262 64 1
1860 2869 2
2468 2858 7
1535 930 9
2483 933 7
823 1279 3
332 2076 5
13 2833 9
2293 2116 8
2558 102 4
2647 2342 10
67 1849 4
2326 2948 3
2125 353 4
2968 1253 2
486 1685 10
668 2159 8
2469 2535 9
1305 2151 5
1771 147 1
457 2379 1
1050 2639 5
1714 508 10
844 1671 9
1555 922 6
376 26 4
2636 2833 4
771 822 10
1792 1613 3
526 1480 7
1844 1015 5
30 1087 5
2575 1164 8
1545 538 2
123 2660 3
2891 1432 5
2128 820 8
1429 627 3
2551 1614 3
2200 208 2
2323 2511 7
2506 161 2
1574 162 7
2186 1081 4
2165 2826 4
45 1878 7
2765 319 3
2280 1459 4
202 2994 4
2657 704 10
253 2956 7
300 1412 4
526 2153 3
222 2091 7
704 1756 3
575 2078 8
1377 1967 6
1650 1622 8
1966 852 9
1088 813 10
83 19 9
1160 615 1
1242 8 5
2147 1174 5
2289 165 9
868 793 10
299 909 2
336 2269 7
1768 273 9
2786 1004 4
1051 1849 10
2902 2396 6
1952 2107 3
2110 440 1
2116 1452 7
2804 2113 7
68 2849 1
842 1478 5
1910 1103 10
73 2601 2
187 1585 1
2872 1024 3
438 1879 10
2815 2360 4
162 857 8
1043 876 10
1692 2896 3
1607 1269 9
724 2202 3
2420 1034 10
2920 2343 2
1226 924 10
802 2748 2
2938 953 6
421 382 5
689 1842 7
62 2386 10
2215 2149 4
173 2168 5
1793 78 4
420 2992 4
833 2783 9
1381 1260 1
2686 581 9
694 2886 2
2383 1366 6
601 1699 8
66 2839 4
1340 2567 3
2206 1213 6
1612 637 6
2317 2264 7
2563 1321 1
927 1133 10
1164 1000 10
961 95 4
252 2638 4
2607 2491 10
1353 136 5
2883 2848 9
2661 1872 10
998 9 5
2562 264 9
0 477 6
1700 2222 4
2759 2825 9
571 314 2
878 293 7
1203 354 10
2455 2921 7
542 57 6
18 1946 6
543 1290 1
1706 1437 7
2689 1369 4
494 1629 8
1004 2561 3
1628 148 8
709 1781 6
2154 2088 8
678 596 4
2427 70 6
1428 652 8
1751 997 8
1294 1174 1
1272 1378 9
379 845 4
2874 1726 7
1320 126 9
2335 1399 10
650 811 5
2501 1372 2
628 37 7
810 121 3
2186 1512 6
806 2135 7
990 1498 8
2096 2594 9
1235 959 8
418 1166 1
1483 2588 9
1947 1234 10
1005 1712 1
1983 163 1
1805 1250 8
557 318 1
1058 2225 5
1522 1031 7
80 2276 7
2671 2497 4
2572 2106 8
103 1758 5
2275 1384 4
2172 1478 9
1904 488 2
2039 2349 7
405 239 6
2110 1814 7
237 224 4
1683 11 4
2144 2779 10
2465 1832 10
1799 1688 1
1425 1830 3
1048 1153 9
2105 2539 7
2365 1571 4
1639 2214 6
1443 828 8
2234 932 5
1867 1173 8
135 804 2
81 2020 7
2274 971 5
1641 62 1
1820 468 2
2778 49 1
2251 1597 2
25 767 7
2821 444 4
644 219 4
2801 275 6
479 1126 4
1329 2208 10
2341 1532 5
2145 2490 4
1493 2875 6
2606 558 3
2240 2765 1
2229 693 10
2892 429 10
2697 638 8
1767 2225 5
2168 2419 1
1230 1943 8
1257 2026 1
2860 1742 4
680 555 10
1935 627 3
1678 384 2
1718 61 10
1824 2985 4
2598 2085 8
2942 1714 10
2422 2043 6
216 71 7
815 1481 2
1777 424 8
600 923 5
115 327 2
517 2708 5
2254 863 8
1880 453 8
420 1524 2
2744 531 1
525 250 1
1035 2387 9
2317 2882 8
163 1850 2
2446 570 10
880 657 9
2204 1532 1
2149 614 4
2998 1865 9
2605 1804 4
2719 2476 5
637 2238 9
253 783 7
2444 2612 9
1 1687 5
2556 97 2
344 2222 2
1552 1073 1
69 1361 9
1354 2724 9
1127 2241 5
1176 2067 3
1112 170 9
2058 2301 7
2428 2469 5
1185 2283 4
676 682 9
1474 979 8
90 469 6
666 309 10
1719 1579 9
2433 2008 6
1345 2085 8
2538 826 8
1837 641 9
2947 2949 3
1120 2706 5
928 565 4
585 764 1
1621 1496 9
1836 1056 7
275 860 3
586 1702 6
2807 2368 6
1899 2173 7
2643 37 7
1698 487 7
2333 1348 5
1309 2052 10
147 977 4
2957 1564 5
717 1558 2
572 2141 1
1893 1509 6
1734 1351 8
885 2938 10
2553 1142 8
2154 1476 10
1711 281 4
2718 2064 5
747 1046 8
2149 640 6
280 381 9
188 2057 6
2952 1121 4
92 1604 9
2965 620 5
2514 2398 8
703 2638 9
2573 1935 10
2382 690 9
2825 1696 10
1892 718 5
2108 920 2
2897 1970 7
2118 776 2
2931 1172 5
1965 1379 3
616 1663 1
1366 1622 3
339 2739 1
785 1761 6
710 2936 6
2446 1500 10
409 2760 5
799 2866 8
2231 2722 9
2280 93 2
2814 476 4
1973 212 10
563 2360 5
470 1196 6
1698 1446 1
1663 505 1
434 2435 2
2463 1927 2
1425 926 5
2542 572 4
2589 1329 7
2737 2446 2
1226 637 10
84 406 1
2945 2478 3
2257 622 2
2455 2969 4
2258 1296 4
1774 1403 10
550 2525 7
968 593 7
1925 1463 5
774 526 1
908 2857 10
1634 2663 2
157 1086 10
1543 2297 5
544 2234 8
922 1146 5
31 2731 10
1649 628 6
533 2873 6
12 1839 10
2363 2259 9
256 787 3
384 1369 8
1243 1149 6
1276 931 5
1147 1740 7
1758 2852 1
589 1680 9
2651 831 9
2520 2650 5
493 1924 10
561 958 2
909 651 7
800 2621 7
2192 1977 4
1850 2835 2
287 2018 1
2235 2028 4
1605 3 5
2759 2506 5
2398 2355 10
2763 2833 8
1755 2284 6
140 978 1
1318 2812 6
2766 584 10
1317 1359 9
2701 880 10
1697 795 1
1909 1016 5
1105 626 6
531 683 9
1817 394 1
2738 1013 6
2968 2385 8
367 1401 8
2939 2633 3
310 1402 10
201 1408 7
310 1181 10
2418 591 3
1961 1236 10
42 1917 3
2508 146 10
1612 2472 6
685 2857 6
793 953 3
659 1455 2
2634 1586 9
2400 2205 1
1097 2156 1
461 697 10
1671 1589 8
2603 2625 4
2657 1215 2
1449 914 5
2678 2889 6
1506 2318 6
2376 1230 9
1155 2086 3
974 633 8
271 2357 5
2622 63 1
1226 504 4
511 1288 4
1350 2273 2
2380 456 8
2331 2457 2
408 1766 3
1163 1307 9
2427 735 3
951 1794 7
2930 1284 10
2565 461 3
1241 995 7
552 140 7
2544 646 8
1258 733 4
1992 805 1
1632 1671 3
2007 1005 1
2706 1333 4
2865 1011 3
864 31 6
2280 2410 8
1838 1030 9
2470 1237 10
1262 418 10
629 1536 3
1106 1472 1
114 561 6
2385 2721 8
2746 1920 10
1751 2468 9
1318 361 5
1773 2093 2
959 2032 8
2588 140 7
2068 2592 4
1880 169 7
2033 1676 4
1648 621 8
832 629 8
332 729 5
1549 542 9
1428 196 1
2336 2942 9
262 773 5
55 437 9
458 2479 6
1012 2546 3
2498 372 4
813 155 2
2571 1194 3
1795 2388 9
1360 1618 3
1234 455 4
14 1218 2
1224 1308 1
2426 1426 2
318 1918 2
1059 338 4
678 2985 3
1477 178 10
2418 1284 4
1806 1562 2
1382 2040 9
2795 791 9
2618 405 3
1171 1432 9
816 123 5
2640 2946 8
512 1471 7
2225 2515 5
452 560 4
849 1030 1
1811 1712 2
2423 1646 8
1802 2625 1
2867 2954 3
91 2582 8
2021 2035 2
806 55 3
2409 1966 10
664 850 7
1608 1748 10
2231 76 6
1330 2216 4
606 670 8
2857 1186 1
2714 1334 6
192 2732 2
1291 1868 7
902 2391 4
744 110 6
1488 158 6
1938 822 6
2256 259 7
1951 811 4
733 803 8
961 983 1
23 1362 3
2981 2092 5
1861 1819 10
752 955 5
1363 1119 3
319 340 10
725 2265 9
1419 691 2
2708 2395 10
2232 605 5
2952 2495 5
2517 2310 5
106 1809 3
1563 1014 9
1940 2357 4
1582 2132 8
1015 1163 2
1993 1702 9
2474 763 8
592 1939 5
1078 2944 10
1479 1064 9
825 2632 9
1971 2683 6
2044 693 5
2548 2459 6
1242 276 4
1013 1146 10
2268 2416 1
1803 1198 2
2030 798 6
769 975 10
54 768 9
2169 1494 7
1697 856 10
2564 27 8
1321 2349 5
2307 1406 4
1046 2248 10
2310 2921 8
1481 2731 10
1149 2115 6
701 1187 10
311 2384 2
1173 1910 4
884 1278 7
1882 2014 7
992 2893 8
2298 597 1
1069 2142 8
2450 2821 2
1418 343 7
301 1981 4
2526 2241 10
69 1116 7
2777 2703 1
1245 664 8
2165 977 4
704 1530 6
694 1615 5
1492 1011 6
1358 1293 1
1134 2842 7
195 2736 4
540 1847 10
422 561 6
178 776 1
26 2043 5
483 414 4
1808 1361 3
1326 2494 2
990 2855 8
2700 1039 5
2010 2415 3
370 1657 9
1470 1617 10
2654 973 8
1958 2293 6
1588 2530 4
1002 1764 9
681 1413 1
2813 2946 8
1403 2388 4
723 248 6
1677 2627 10
533 1885 4
1296 2279 10
595 2147 9
1132 1258 2
229 1087 6
2375 1403 5
1114 679 1
1023 1505 8
1087 1911 5
2004 460 4
2739 951 8
1868 1479 2
1968 321 5
2199 522 2
1815 2471 3
1547 800 6
957 2934 9
2079 2460 4
1765 1953 10
2913 702 7
918 2230 7
2225 1562 6
2140 2745 3
58 1952 4
1541 100 9
783 1834 1
290 1520 7
1026 1792 3
1997 2881 5
1936 2199 1
2395 1172 9
1201 1038 7
568 381 6
1595 2705 8
960 2270 2
2956 19 8
1466 2236 9
1848 2596 7
1714 1850 6
1495 793 7
129 137 8
2712 264 8
1620 2399 6
547 1973 8
1312 2506 7
754 2961 8
877 931 6
552 177 9
136 2709 2
1978 1447 10
462 1008 2
2232 139 7
1420 205 4
151 513 2
2581 280 9
1452 182 10
2266 2735 7
1176 404 6
2672 1541 8
2221 1434 4
1331 1820 10
634 1282 5
584 2127 2
481 2757 1
1328 2979 7
811 2350 4
533 865 7
767 1467 3
1792 1932 4
645 1134 8
1804 1851 3
1841 1725 2
50 21 2
1015 1468 3
183 2888 9
1233 1647 4
1427 833 2
1253 2697 7
1655 946 3
377 2309 5
674 176 8
499 1704 7
718 509 9
1639 2296 9
2054 63 2
2471 861 4
172 2020 4
1747 97 7
2548 2365 9
1136 2284 5
1188 2241 2
690 1317 4
674 2763 8
2351 1386 9
1289 2870 5
1157 714 5
802 783 1
2342 1172 4
2540 1513 9
1130 795 1
1801 1091 6
544 546 9
302 1823 3
2107 2176 9
544 1198 9
1269 1070 8
1237 2791 1
2534 725 10
2672 1283 10
188 1120 1
364 1250 5
2070 1860 9
1685 989 4
612 1520 3
2162 1185 3
1285 471 8
1105 486 8
1244 566 7
2272 1281 10
1634 603 4
1616 949 9
2331 398 2
1080 217 7
1567 1019 7
1892 1147 7
2231 988 2
2993 551 8
2553 966 5
1068 1594 10
1038 2520 5
1491 1958 4
452 1841 2
810 1835 3
153 1517 8
1333 724 4
1996 1734 9
564 960 8
656 2201 2
675 906 8
2890 18 7
1519 2360 10
1449 1125 7
2352 2605 3
1214 2006 10
352 2866 2
866 109 1
285 2658 4
2740 765 7
2393 2335 1
2879 1686 4
603 432 8
2988 108 4
2239 1953 3
700 1168 9
2927 1672 10
558 226 6
1763 1959 8
781 2969 4
936 792 7
1740 1754 7
2456 1273 6
2645 2831 8
1881 1517 5
2783 620 6
108 354 3
2201 475 4
158 1294 3
92 876 5
1316 2652 8
1524 971 3
2564 2763 3
1648 2060 6
1657 1441 7
1315 2179 2
990 720 3
62 1955 4
373 2955 6
809 1032 8
2587 1387 3
1146 472 4
2561 1777 7
1323 1145 3
1296 1446 3
700 1110 10
2372 2681 4
742 947 4
785 154 4
428 1054 4
4 1241 7
755 1668 6
1709 1769 1
2834 2188 6
305 2678 5
2175 2347 9
792 1420 10
2344 1760 10
1413 731 2
2977 1357 7
529 1431 6
762 1932 1
10 433 4
395 225 4
2674 2464 3
1021 347 2
751 1610 6
262 2404 10
153 2086 1
1624 1025 5
1044 1772 8
302 1211 3
880 2311 4
2764 2281 9
1207 2065 10
1797 1203 10
575 2374 7
1842 443 2
2016 663 2
83 1426 6
497 2182 6
1157 353 6
2980 2005 3
1635 2840 9
729 1458 2
1504 1393 5
148 491 7
1341 2403 6
1931 2987 1
109 377 3
2632 2143 1
1143 2348 8
907 1676 10
2898 257 2
1559 460 9
2994 601 4
346 1456 10
1128 274 2
2048 968 5
2913 1431 7
2267 2344 1
2262 1796 1
2046 1742 10
1957 2646 5
1775 1570 4
1117 1813 8
566 2124 5
916 2684 5
163 1646 7
297 651 6
2835 2956 6
2294 1619 10
1662 871 8
125 303 5
2919 1816 3
2351 1346 1
2434 0 6
2785 2112 1
607 903 10
1018 1901 1
2232 1700 1
1254 2537 2
1145 1829 8
2734 937 3
695 1449 3
2984 209 4
11 2468 6
681 1094 2
2126 381 4
1316 1405 9
2863 2582 9
696 1987 6
1817 677 9
1663 2494 9
1483 492 10
766 1387 6
2240 2136 5
1673 2477 8
652 107 6
2714 1994 4
896 2780 5
2923 2111 9
1886 1778 8
2460 2593 4
2312 32 6
496 2135 1
2000 956 3
2320 1482 9
2975 1587 10
225 138 5
2217 2022 6
2176 523 3
2509 1468 8
522 1565 1
2840 1265 4
235 1581 4
1845 2104 3
2589 49 9
973 1689 4
1583 1077 4
2848 466 9
214 1982 4
2841 131 6
2563 592 1
1365 2484 3
1716 1630 3
539 2179 8
363 430 7
71 124 3
1306 1589 10
2803 686 1
1461 1184 7
1687 1714 9
1556 380 9
29 616 8
1914 1782 5
35 1586 7
2023 2495 6
2683 991 7
884 2549 8
2777 958 3
439 815 2
2422 46 6
903 1707 2
126 2382 3
505 2947 2
1605 2781 8
934 2912 2
132 2965 9
1692 2046 10
744 2844 5
2996 189 4
848 2203 7
2861 2733 8
1671 1874 10
1658 1985 7
1715 594 6
1033 2584 4
2128 1669 10
2777 72 10
137 1160 1
2414 378 6
2587 2355 6
392 1126 6
1388 2107 8
235 794 10
865 2011 2
165 1718 6
2055 1564 7
768 1094 5
1853 1727 8
1122 2021 2
1460 317 1
1465 1753 4
1986 1554 6
2344 2221 3
276 1924 4
353 272 1
2714 598 6
2473 1274 7
942 1104 1
334 424 4
355 2586 4
1407 311 9
169 594 2
2972 2749 4
765 576 9
375 1775 1
1875 1348 7
111 1345 7
567 2216 3
1991 941 8
959 822 7
1801 2292 9
2354 824 5
1549 1907 8
1870 152 3
137 2204 7
504 94 4
2623 2166 5
2846 1046 7
962 1942 8
2510 1801 6
2524 1977 8
2110 926 4
1453 396 3
375 928 1
2070 2078 10
2705 791 6
292 728 4
2249 1963 6
2947 102 3
1606 873 8
2455 1824 2
2166 13 8
1409 1005 10
2940 2027 7
1088 683 3
2425 2648 6
634 2024 5
2416 1340 10
2227 2260 4
342 2321 7
2421 2434 1
2627 494 4
2370 1991 7
1837 900 7
1639 2633 7
157 42 9
1555 1176 6
2918 2271 3
2573 1691 10
1821 760 7
1540 294 8
2026 732 9
2861 855 10
2658 2437 6
2520 1822 10
381 720 2
1336 2012 3
874 2503 7
1164 808 7
2374 2735 2
2293 627 3
2668 2266 3
2278 471 4
1243 754 7
2554 662 10
952 2597 2
506 1711 2
1486 1102 7
1169 429 3
1536 900 9
1563 1121 5
2389 2457 5
724 1697 3
1816 2756 7
679 1729 6
1804 213 6
1606 447 2
2499 409 9
2284 2548 10
2639 2898 7
1318 1724 6
1595 1276 9
1609 651 3
1864 1282 3
710 1627 9
216 616 2
1374 1838 6
1082 829 3
1581 259 4
2535 1540 6
2466 1401 4
2691 935 3
1354 647 2
2793 1889 9
1731 2072 8
1780 1215 3
10 814 4
346 1311 9
2039 837 1
239 1703 3
2746 1561 2
1894 429 1
756 852 7
235 1977 2
821 1822 9
1350 1718 4
2825 1425 4
1167 107 7
2539 135 1
1249 2400 5
1542 808 8
464 1523 5
587 341 4
1496 2117 6
206 1271 6
1282 1966 7
1115 876 9
1129 213 3
2406 2083 5
271 2163 2
744 1245 10
241 2221 9
930 1264 3
1487 70 7
1868 2804 10
2508 2137 10
2994 211 5
104 728 10
205 1053 2
1033 1470 5
165 1567 2
41 1585 6
2753 106 6
82 1863 6
324 1501 10
804 1527 6
1447 1403 7
1363 535 1
1391 749 1
2012 2028 8
1775 1177 3
2203 471 1
419 478 10
746 1591 9
1234 1144 7
2429 1466 4
1458 1592 9
1791 1685 3
2243 2952 7
1200 2782 10
574 1483 6
2816 2264 1
2431 152 5
2055 1818 6
2986 149 4
2359 1162 9
2456 1501 1
2798 956 3
202 752 4
2511 2444 7
979 1486 1
805 759 5
2830 1268 10
1390 2642 9
2597 2042 4
1517 2675 1
303 1729 5
2284 1650 7
1436 2954 10
654 238 2
1391 1115 3
809 895 4
958 2992 9
1753 264 9
430 305 3
909 58 10
7 700 7
614 2523 8
1584 921 5
16 2322 6
1067 183 1
2164 2602 7
251 2040 3
1411 2554 2
2144 2459 5
1318 495 5
2703 402 1
2963 1220 1
293 1244 6
2109 1942 2
2643 2606 9
1573 787 6
2113 250 5
2695 2044 10
1856 2505 3
2331 1119 1
2653 2450 8
1427 1333 2
1388 50 6
1244 241 8
1714 423 3
2983 1198 3
2573 1284 7
610 1175 8
901 1719 6
588 566 7
710 1267 9
2096 1897 1
511 2046 7
