3000 1852 10000
2562 2494 10000
2990 538 10000
1119 2974 10000
2155 397 10000
385 1935 10000
115 791 10000
640 1947 10000
2826 775 10000
2231 939 10000
144 1581 10000
351 1128 10000
1338 1547 10000
2016 89 10000
2092 379 10000
2573 1828 10000
18 228 10000
1726 1599 10000
1734 2161 10000
2373 1853 10000
433 1627 10000
272 583 10000
1555 436 10000
428 677 10000
260 2228 10000
2833 92 10000
2207 1184 10000
1557 2652 10000
1727 1962 10000
1035 1605 10000
915 1169 10000
1186 649 10000
2088 334 10000
1504 2252 10000
855 1391 10000
1964 49 10000
2151 45 10000
1465 2500 10000
2174 433 1
1329 735 10000
1540 1633 10000
386 2681 10000
1673 1246 10000
67 758 10000
2989 2789 10000
2533 2095 10000
57 1502 10000
423 1905 10000
2394 2592 10000
2205 2571 10000
486 2952 10000
1500 2048 10000
1566 1603 10000
2201 1215 10000
2522 2990 10
717 1094 10000
1010 2014 4
1506 1318 10000
1621 165 10000
2042 452 10000
1903 1254 1
409 1245 10000
648 786 8
261 1644 10000
1881 94 10000
1912 651 10000
2079 1755 10000
2063 921 10000
180 2694 10000
1975 500 10000
1930 1390 10000
1123 1881 10
2506 1856 8
1560 1674 10000
2967 1007 10000
734 2673 10000
2789 64 3
2145 868 10000
370 2831 10000
444 1141 10000
1248 2101 10000
157 741 10000
1720 2943 10000
1499 2440 10000
1763 2073 10000
2662 87 10000
1152 625 10000
1269 2927 10000
2324 2570 10000
2395 191 10000
1304 2953 6
1610 715 10000
2807 2471 10000
2118 2353 10000
2168 2824 10000
1472 2499 10000
1195 2294 10000
600 2550 10000
1249 614 10000
2820 2818 10000
1498 2303 10000
807 2256 10000
733 40 10000
94 2774 4
231 384 10000
2317 2234 10000
2492 1478 1
2580 2542 10000
1505 390 10000
1820 2074 10000
2883 738 10000
278 158 10000
949 282 10000
973 2077 10000
191 638 3
2748 550 10000
578 1719 10000
1693 656 10000
2573 234 3
910 2773 10000
1597 1404 10000
877 2034 10000
943 792 10000
512 1282 10000
2736 2422 10000
2215 337 10000
2761 920 10000
2757 1427 10000
48 314 10000
1754 988 10000
998 846 10000
672 2674 10000
1690 2289 10000
1743 2900 10000
1448 1337 10000
1956 2468 10000
1331 1145 10000
983 1407 10000
1926 680 10000
1770 327 10000
82 1716 10000
2255 953 10000
784 973 2
1932 77 10000
464 2563 10000
1167 2690 10000
1305 447 10000
398 1803 10000
2728 2638 10000
224 2116 10000
2796 1723 10000
1030 612 10000
1684 2377 2
2222 1450 10
2710 352 3
334 206 4
216 769 10000
1076 919 10000
76 1822 10000
1856 1627 1
2391 25 10000
1475 2435 10000
1901 1570 10000
2098 1581 3
1480 1253 10000
2502 1868 10000
1392 2503 10000
764 475 10000
2521 1466 10000
452 2414 2
2453 2839 2
2055 705 4
1248 2366 5
1114 1497 2
849 2784 10000
417 1422 5
787 887 10000
989 592 10000
2843 2495 10000
2486 1995 10000
1695 2864 1
811 1115 10000
982 1231 10000
2212 1644 8
1279 408 10000
1265 1425 10
1297 1408 4
1841 2010 10000
2491 2753 10000
2132 1132 10000
1204 2180 10000
2703 2352 10000
1515 2953 4
2765 1091 10000
1031 802 10000
2515 1097 10000
1546 839 8
2185 904 10000
1177 2040 10000
127 2020 10000
999 1339 10000
2430 2676 10000
1476 2660 10000
586 2913 10000
2548 2561 10000
1332 941 10000
514 2668 10000
1028 1069 10000
353 2345 10000
2603 2196 10000
533 154 10000
2234 1958 3
617 1050 10000
1353 290 10000
411 696 10000
2814 2545 10000
81 1880 10000
699 1482 10000
286 2044 10000
2677 2942 5
2738 1130 10000
1581 496 1
786 1957 3
1541 1595 10000
560 2611 10000
1396 262 10000
2287 121 10000
567 2481 10000
589 82 9
1949 2124 10000
1677 2966 10000
2792 1241 10000
2231 1311 10
1476 1198 1
1938 396 10000
1155 884 10000
798 2005 10000
2020 2211 10
2719 1717 10
107 1361 10000
1034 2642 10000
1838 813 10000
1399 2442 8
1898 269 10000
516 1593 10000
891 2951 10000
1412 1874 10000
619 0 10000
2438 1362 10000
581 489 10
1764 634 10000
2089 1540 1
443 2429 10000
1173 1927 10000
1381 2517 10000
364 2470 10000
2119 1865 10000
1872 1518 10000
1656 2594 10000
946 472 7
712 931 10000
1235 1275 10000
102 895 10000
929 348 10000
757 297 10000
1818 2374 10000
2966 1679 8
2141 1352 10000
2400 1283 10000
1222 1002 10000
1807 2179 1
524 1532 5
289 1826 10000
520 143 10000
2528 1814 10000
1770 2412 4
284 1738 10000
683 1545 2
1690 1667 5
1458 1397 10000
549 824 10000
2498 446 10000
439 988 6
2275 322 10000
873 2964 10000
1998 2022 2
2137 2529 10000
2664 2264 4
1170 310 10000
2896 2015 7
886 1604 10000
1221 880 10000
828 2926 10000
2140 984 10000
860 911 10000
970 2534 10000
933 139 10000
200 2722 10000
1063 1439 10000
407 1957 4
1960 1984 2
327 670 1
1051 969 10000
1801 2912 10000
2835 1343 10000
1406 1384 10000
2413 2220 10000
2506 2653 9
2515 2601 1
1632 923 10000
1694 1584 10000
1029 2490 10000
2737 2454 10000
1445 1751 3
796 2103 10000
813 1672 2
1646 1759 10000
2354 711 10000
382 1744 10000
2207 705 4
2443 580 10000
979 1074 10000
1060 1056 10000
1861 266 8
2134 1085 1
876 291 10
252 2960 10000
140 768 5
1535 2620 10000
2109 381 1
2112 2263 10000
2190 1443 10000
1102 1431 6
1462 134 10000
2667 87 4
1805 1514 10000
1885 2062 10000
2755 2776 6
2409 2897 10000
1150 2255 7
2902 1299 10000
2308 335 10000
823 2371 10000
1854 820 10000
1631 329 10000
1964 1563 3
787 1827 7
893 230 7
16 1059 10000
829 1572 10000
1341 1591 10000
1146 91 10000
472 566 9
1459 339 10000
994 1848 10000
1263 9 10000
941 1156 10
2307 1810 9
1370 1962 1
2518 243 10000
2849 1774 10000
421 752 10000
2229 1600 10000
220 521 10000
2106 801 1
1996 2043 10000
407 544 4
1005 1234 10
2373 60 10
161 434 10000
362 1441 10000
1521 1520 10000
1024 211 10000
159 28 4
2828 2805 4
120 589 10
1123 1536 5
2413 1080 8
2824 917 1
319 930 10000
2257 2426 10000
1308 1600 6
894 2674 4
1622 1952 10000
1525 720 6
2442 1519 7
992 1372 10000
2616 1213 10000
2671 2783 2
2627 276 10000
2967 2836 5
1254 436 3
961 2136 2
452 2258 1
924 1625 10000
2213 371 10000
714 1794 10000
920 2850 2
1417 213 10000
435 2437 10000
1292 1777 10000
2598 1934 10000
2069 2264 9
444 352 7
2847 1773 10000
1612 1866 10000
596 2246 10000
1049 1188 10000
173 2998 10000
1277 2768 1
1122 187 10000
2917 2584 3
860 28 9
1429 1214 10000
2876 527 10000
1816 377 4
2058 2227 5
2329 2650 10000
1421 2050 10000
1981 712 5
317 2635 10000
1198 722 8
2523 1800 10000
86 1366 10000
537 2210 10000
421 1351 8
36 521 5
2898 2626 6
1307 2641 10000
1561 1230 10000
737 2544 10000
372 1483 10000
2027 761 10000
833 1889 10000
482 195 4
1190 104 10000
1199 226 5
1569 870 10000
1970 422 10000
1487 2699 10000
1165 2030 4
194 1418 10000
668 2281 10000
247 1549 10000
1647 217 10000
1171 2535 10000
1490 1019 10000
2226 818 9
554 2241 10000
2286 937 10000
763 2948 10000
2191 2359 10000
161 1921 6
2934 1736 10000
2785 1051 3
1814 2613 5
1993 297 10
1982 1375 10
1004 2857 10000
2409 2666 2
2930 477 6
2830 2353 1
2301 1851 10000
551 1615 3
1746 1374 10000
572 2852 10000
2608 2002 4
300 1089 6
1123 391 7
1681 1149 10000
2689 1980 9
753 1602 10000
303 51 10000
2037 840 10000
527 2227 2
1836 947 10000
844 1685 10000
2256 1303 3
172 2882 10000
2143 871 10000
2357 1247 10000
2426 861 4
2092 1799 4
73 2232 10000
2461 2342 10000
2543 2643 10000
208 1637 10000
1084 1190 5
1134 1017 10000
2065 1898 2
301 1085 7
492 1562 10000
2237 855 8
2026 507 10000
2296 2828 5
1762 67 9
805 384 6
2702 548 10000
2019 2041 10000
2337 321 2
126 2249 4
330 1917 10000
1999 2052 10000
2417 1489 10000
2918 2546 10000
2845 2657 10000
326 898 10000
1275 430 10
2387 1398 10000
189 770 10000
2189 2953 8
1817 468 10000
1937 1866 2
1037 748 9
2655 2965 10000
826 677 4
620 1 10000
1539 565 10000
132 1362 3
2877 1658 8
1185 2158 8
349 1863 10000
431 2554 7
1843 482 1
360 1811 8
2328 2270 10000
1776 510 5
682 1687 10000
2886 2944 4
2263 1468 2
543 1781 10000
721 217 1
2290 678 2
1414 1777 5
1788 1081 10000
338 356 10000
2732 660 5
426 1316 10000
519 2467 10000
1546 2356 1
244 2954 10000
2519 474 10000
1682 243 2
484 2405 7
2984 548 9
1342 2264 1
404 1708 2
2629 1944 10
820 440 2
2459 2430 6
838 1941 10000
803 2416 10000
1523 1346 10000
1072 2480 10000
1830 2187 10000
2282 2039 5
407 312 2
119 2949 10000
2619 1820 8
425 1357 10000
2657 2057 5
2974 2340 2
2223 2651 10000
2697 1204 5
2910 1665 10000
1460 2958 10000
1023 834 5
2214 2525 10000
454 2874 10000
2324 1194 8
223 1887 2
1468 1894 5
1315 1773 3
2508 1561 2
1388 2459 7
1563 2695 7
1461 769 9
2986 765 10000
2121 2615 10000
1325 1154 3
487 2213 6
1225 1711 10000
2623 2325 5
1476 2046 4
2940 1686 10000
1863 1833 10
2849 253 3
874 64 8
2331 1675 10000
2474 2136 3
1410 1298 10000
2105 2692 8
592 2888 5
2176 511 10000
2122 2731 10000
622 1566 5
2238 1943 1
288 1077 8
1145 1940 1
44 1104 10000
2786 830 4
377 2173 1
830 2571 10
605 2526 10000
944 2276 7
1272 2182 10000
1432 787 9
557 2949 10
534 2746 10000
2318 2683 5
2462 2379 10000
105 1822 9
502 1205 7
1666 631 8
378 653 10
2393 2708 10000
2848 416 10000
163 1045 10000
663 1009 1
316 1685 1
2942 1557 9
440 723 9
2944 672 8
1026 964 2
2794 375 10000
2612 1342 5
182 2938 3
298 96 1
2300 2386 10000
1176 332 10000
2420 591 10000
1359 1592 10000
2478 2936 10000
966 2512 10000
82 129 10
847 1707 10000
2875 629 2
343 2855 8
1642 692 10000
1323 2146 10000
2572 1559 10000
1824 2888 6
193 2491 7
1919 2781 10000
908 626 2
1915 1652 10000
545 2064 4
1082 772 10000
385 2014 7
2885 1256 5
2922 2881 10000
1916 900 10000
131 361 10000
436 469 10
804 1708 9
1869 2359 10
46 693 10000
2247 2969 4
2312 234 7
657 934 10000
1534 2425 6
111 1390 8
2726 2840 10000
2479 1791 10000
1403 1006 10000
795 1118 7
534 1871 2
1800 1291 2
841 2921 1
2328 1583 3
1437 962 10000
486 2711 4
177 2704 10000
1341 1161 8
880 3 6
953 481 10
2343 616 10000
2788 2675 10000
1439 2700 6
2500 83 7
1835 783 10000
2971 2651 9
1296 1384 9
696 1761 5
302 1503 4
2306 2654 10000
593 2221 10000
1019 2813 10
172 2061 1
1367 2883 7
1250 773 10000
1249 2815 10
2595 2587 10
2379 1048 3
531 1843 2
578 1491 8
2313 1676 10000
1686 777 2
121 505 5
1106 515 10000
2992 469 2
1768 1556 10000
881 101 10000
1957 640 3
1166 806 10
661 1640 10000
1642 2837 8
1948 1550 10000
2987 2646 10000
2561 2338 5
2417 2574 1
972 1197 9
766 2204 2
2018 1481 10000
204 1785 10000
1003 871 5
2905 1134 6
2996 1052 10000
614 2805 7
1258 446 4
1698 2809 6
942 134 9
1293 92 2
2878 1741 10000
2327 2287 6
1368 812 1
2647 1732 10000
254 1819 6
2456 86 10
1288 1809 10000
1225 1928 4
1021 1267 9
1859 123 6
1012 2992 1
2991 557 2
1379 1619 3
1467 1317 10000
252 2474 8
2182 1280 5
43 724 10000
673 54 10000
1656 2147 8
2649 1993 8
1965 1377 10000
2831 1163 1
2097 261 9
1628 59 10000
2612 2754 10
641 1798 6
1297 1607 5
2569 2070 5
2001 765 2
227 1301 7
822 674 10000
2069 1700 8
1782 418 10000
255 827 10000
2784 146 9
1203 1897 10000
663 2877 9
2321 140 5
959 2675 7
2725 1255 5
2578 2248 10000
2274 229 10000
1840 574 10000
694 2178 10000
1703 159 5
1237 553 10000
2249 0 10
2051 2280 10000
2581 952 10000
108 236 10000
1340 1181 10000
1517 1019 6
1428 776 7
2802 881 9
318 152 10000
1702 2026 5
131 1989 3
2983 2851 8
955 1143 10000
2947 939 3
2725 1250 3
1208 2844 10000
1261 409 5
2361 2666 6
1067 2945 10000
857 230 8
1464 2193 2
2866 2381 10000
1148 1517 5
95 2637 1
466 2747 10000
2496 97 10000
2120 848 10000
2277 2171 10000
809 69 5
967 2529 10
2032 2518 9
2024 1038 8
1665 2994 1
1456 1075 5
1425 2510 4
1227 751 4
2431 1018 10000
2120 1845 5
1285 2844 6
2988 1671 10000
321 1150 3
513 1617 2
292 833 9
2432 2130 7
981 1622 9
1411 203 5
867 2457 3
2552 10 2
2895 2639 3
2414 2314 9
1457 2252 2
405 2074 4
145 731 10000
958 120 3
28 745 2
1525 945 5
579 685 10000
652 2904 10
1893 1537 10000
308 2382 10000
2138 809 6
55 1061 10000
1965 1749 3
637 710 10
971 1804 10000
892 2385 7
2453 1337 1
2172 1527 10000
2442 1158 1
650 1078 10000
2950 2029 10
383 309 7
277 2310 10000
1065 1182 9
1615 313 4
1067 2262 10
1108 695 10000
2135 1024 3
178 1907 10000
1452 2267 10000
1801 842 3
2653 2829 5
2033 582 4
54 5 9
901 1174 4
2381 1513 7
2834 508 10000
1057 2397 8
587 2597 2
2198 2488 9
74 459 10000
372 1982 6
167 2375 10000
462 558 10000
569 1699 10000
2716 1668 10
2181 2983 4
2965 2144 7
1619 1270 2
2557 248 8
235 1479 10000
2560 2791 5
2716 2900 10
281 2636 10000
142 526 7
759 2940 2
506 1061 10
2985 364 2
978 2170 10000
680 1963 2
71 1572 5
2658 1020 10000
2756 2175 10000
1731 2924 8
564 2793 3
873 280 4
688 881 1
1679 37 8
778 2109 3
2170 169 4
659 527 10
540 1529 10000
15 2163 10000
2819 2055 9
525 866 10000
34 668 8
978 473 7
2398 1406 4
2508 1855 6
149 77 6
1055 2021 6
251 1531 4
2370 2563 10
1154 1833 3
1975 31 3
2603 14 2
416 1380 7
1140 40 2
806 1742 7
2723 1257 10000
483 180 2
2993 517 10000
2670 1042 10000
2063 1005 9
1539 20 6
1159 2249 7
2062 1216 9
2537 2494 4
156 1091 10
816 1349 10000
2925 2669 7
1438 1006 8
1785 2392 8
379 490 6
851 605 1
2737 2858 2
886 2875 6
2141 133 3
781 1056 2
2889 1882 10000
2319 53 10000
970 185 9
1585 1317 10
2029 2241 6
1612 562 6
1214 1617 10
467 798 5
232 2160 10000
1596 701 10000
520 266 7
2309 368 10000
2482 198 10
991 1270 3
990 2490 1
1259 209 7
1354 803 3
751 1640 4
2663 2795 10000
313 475 6
707 1919 9
1378 380 7
509 2271 10000
1417 2816 10
174 848 9
1823 1397 8
1695 2513 8
2714 428 6
1681 160 1
1551 1883 10000
1436 32 10000
708 720 10
2450 2558 1
2751 2715 10000
2481 531 8
1476 2179 4
766 862 6
950 814 9
2567 718 10000
1507 2696 10000
1653 1883 7
1101 2413 2
1968 58 10000
1013 551 10
866 2094 5
1706 2901 10000
2460 1000 10000
2356 2974 2
2298 2223 10
1571 1620 10
2570 664 1
2410 1939 10000
2001 532 5
109 2250 10000
65 864 8
2946 2919 10000
1945 2140 3
2339 123 1
1252 2309 6
2405 2110 9
1224 23 10000
736 2090 10000
568 246 1
1339 1192 1
2943 455 10
834 1599 2
1878 1125 10000
1190 1876 1
491 2340 3
880 1495 2
939 906 7
756 2816 8
2803 2996 1
2771 1401 4
913 1664 10000
2504 1036 10000
1959 1971 10000
2817 1553 2
147 2617 10000
250 1263 6
2279 2699 3
1355 2406 10000
2530 1240 10000
114 117 10000
2160 2682 1
1799 2107 9
1992 602 3
2477 1913 10000
25 78 4
2531 1486 10000
2352 2448 3
700 670 9
296 1649 10
192 874 3
2644 2595 7
665 275 10000
1528 78 9
878 1714 10000
852 2615 5
1451 2565 10000
2294 357 6
2553 1618 10000
1542 1781 9
797 2253 7
1469 799 10000
1538 1961 10000
1124 271 10000
2269 1879 10000
61 2293 10000
1175 723 2
1678 2799 10000
1929 2346 10
1713 2474 6
1780 1663 1
1571 2861 3
1906 2260 1
287 697 7
576 2301 6
2025 1093 4
137 1041 10000
1436 347 5
2175 2384 8
1497 1605 3
1327 2821 10000
1759 1573 7
1858 2239 4
2494 2358 8
1540 2864 10
632 1531 6
1238 1152 7
2368 449 10000
1721 1609 3
2074 1717 4
1096 926 10000
823 2741 1
1062 957 10000
2484 2226 7
2963 1700 2
2931 741 3
2922 274 8
2639 1412 5
1015 2359 6
2713 1733 10000
2745 355 10000
2877 2254 3
168 2344 1
727 83 6
1324 2198 4
2389 2308 9
2769 2643 8
1655 2718 10000
2234 1127 10
2199 2315 10000
1004 65 8
467 1218 1
185 2917 8
2378 1730 10000
2422 1684 10
2768 2254 4
443 2365 6
401 1635 10000
1636 137 4
1022 1138 8
210 314 3
2027 1211 9
1129 2862 10000
1829 2240 10
1790 2435 1
525 1864 5
2003 1322 3
2631 1862 10000
1038 1779 7
13 2957 10000
1320 1592 5
2559 131 10
945 1621 10
2299 1482 7
2147 1783 9
1526 1987 10000
336 2564 1
1118 1421 10
2608 92 6
1086 1821 10000
1613 2594 3
2923 803 3
2193 827 1
1917 2432 4
2661 2472 10000
2465 540 9
1509 1302 10000
1243 2026 8
2683 738 4
1001 1895 10000
563 1458 10
1679 1342 4
239 2320 10000
1669 1198 5
118 207 10000
2158 972 9
1842 705 7
1223 1389 10000
1131 1558 10000
2114 496 8
2238 2196 1
1969 2579 10000
2245 2822 10000
2153 1727 5
1527 573 1
2801 594 10000
2505 222 3
1954 1750 10000
1420 2743 10
1871 936 10
84 2874 1
1032 2555 10000
1070 303 8
2596 948 10000
2604 2222 2
2845 2599 1
1139 921 9
618 1327 6
1691 1760 10000
2111 1172 10000
485 1140 7
2129 2059 5
1030 62 3
2962 853 10000
624 2028 10000
476 1366 4
50 1784 7
2471 2134 3
259 2220 5
2489 47 10000
1431 497 3
2025 1794 10
2242 956 10000
2610 794 10000
914 17 10000
2897 710 4
2461 1806 2
253 2284 7
2102 2311 10000
845 2648 9
2307 110 8
658 280 5
2706 2415 3
2421 564 1
224 1138 1
716 2824 4
555 785 2
841 998 3
944 1979 2
1103 34 5
2540 16 2
10 2765 4
2113 2882 2
1512 850 10000
515 1383 8
2860 1905 1
2998 441 9
1527 1792 3
2434 774 10000
130 282 5
2761 268 5
700 1579 8
1174 2948 3
37 2482 5
2230 1449 5
465 1659 10000
336 1231 10
734 1721 7
1877 1696 10
2108 1242 6
777 963 1
2825 2707 10000
1267 877 4
1780 556 8
240 2408 4
41 920 8
2203 1739 10000
2225 1405 10000
2782 2759 10000
2834 2959 7
448 2671 3
2278 2524 7
703 462 10
346 1847 10000
793 1382 10000
1918 719 9
2388 1725 9
2251 766 7
2492 1737 6
1179 233 10000
2434 1350 1
295 2373 8
667 784 1
2456 1376 5
1951 1855 4
1806 2885 9
1300 2948 10
2722 2335 2
1239 345 10000
1916 817 1
2806 2933 10000
366 305 10000
2887 57 6
2654 2100 6
1715 2237 5
2357 1369 10
698 2319 10
499 2080 9
1965 2867 7
2605 479 5
2093 1884 10000
2415 337 7
1808 1148 10
1598 2903 10000
2348 1415 10000
2382 245 4
2588 2797 1
1110 1351 8
1893 1568 8
1268 2316 10000
709 1011 10000
1069 632 1
2330 2960 10
671 432 10000
633 2723 10
1066 2982 10000
100 1291 4
1707 1470 8
2955 1974 10000
365 1400 10000
1037 1295 8
2551 2778 10000
2363 675 10000
8 1276 10000
270 370 7
1629 2831 6
1950 2624 10000
1814 2817 4
1929 752 3
1262 1338 9
749 1440 2
2316 2869 9
2206 2265 10000
840 975 8
1362 704 2
1494 76 5
726 224 6
2120 968 2
1967 66 10000
1676 388 3
2385 923 8
104 2629 2
2248 1657 9
2928 796 9
2205 797 1
755 408 4
2769 2633 2
725 2413 4
1977 858 10000
1612 1858 6
1723 1778 10
1916 495 6
2388 1367 3
1033 1759 2
567 2870 10
644 2386 4
2240 760 2
1586 1034 3
342 655 10000
2252 2585 5
1817 69 9
1748 2035 10000
1426 1492 6
1363 202 10000
1025 1722 7
162 1389 5
1044 2495 9
1189 2980 10000
856 956 1
341 1040 9
1423 2508 8
227 1534 6
1201 1094 3
1712 446 2
1452 122 1
1303 2243 5
2872 1532 10
1518 814 10
1753 2140 1
164 574 7
2568 567 6
1891 2894 10000
1773 1089 7
1565 151 10000
608 1217 10000
1010 2442 4
2468 1588 4
1297 2542 7
2362 2939 10000
1851 420 2
895 241 10
2450 1192 10
88 288 5
1478 1262 3
1425 1719 3
1116 88 3
2935 2486 9
2501 2369 7
1083 2023 10000
2791 657 9
1162 1466 3
34 1319 7
630 38 10000
39 2908 1
1664 2750 5
2355 326 9
2288 2194 10000
2031 1508 10000
747 2218 10000
2222 1145 9
166 825 10000
869 199 10000
539 1920 10000
1868 2086 10
1530 1181 4
56 706 10
1973 1306 10000
2282 586 1
1147 1417 8
2520 2056 10000
214 691 10000
2909 185 1
1136 1397 7
1394 2445 10000
2892 2869 9
2486 2108 3
2595 2888 3
2924 764 9
997 1422 1
1232 1766 10000
1040 522 4
279 1948 4
497 2843 10
1606 1860 10000
1762 359 9
1473 681 10000
419 1203 5
835 960 10000
2166 51 4
1745 97 6
2941 1935 8
338 2797 3
1364 1833 5
1209 2160 6
2954 2367 3
19 140 7
631 2705 6
723 2110 3
2115 1625 8
2249 1775 5
1409 2859 10000
1284 1718 10000
159 801 2
2809 337 3
1991 2993 5
2012 1675 10
178 2625 10
1816 1204 3
1634 910 3
135 2535 2
2791 1182 4
594 2131 4
590 1027 10000
206 2197 2
1829 1424 3
2721 1236 10000
1414 1401 2
2872 2652 8
2101 2823 2
1264 2399 10
1385 1349 1
2613 1724 5
2298 1107 6
299 1631 9
883 1295 9
2459 2158 9
499 2655 6
2838 1365 10000
1095 1685 4
153 1208 5
1445 1007 5
2867 2618 6
2672 1661 1
2930 105 6
197 171 10000
503 1699 5
2007 1066 6
2167 2920 10000
1053 1309 10000
103 1256 2
1722 111 10
1126 1595 1
1873 518 10000
183 1112 10000
2395 2015 1
2304 1287 10000
902 2437 4
1058 686 10000
1001 2419 1
915 2569 5
938 2114 8
773 1890 7
1590 1736 4
1137 2121 4
831 2824 5
1639 1273 10000
184 42 10000
1736 2879 6
2743 2730 6
2141 916 8
1742 141 6
2783 970 2
1298 344 2
2621 424 10000
2632 1209 9
2970 2302 10000
767 1756 10000
465 2749 1
57 494 4
719 2360 6
1356 1886 10000
2717 1271 10000
2740 282 8
343 490 7
160 1979 8
2556 422 3
1057 1176 5
2582 2692 9
2099 52 10000
1272 1312 4
1988 2406 3
2572 2033 8
559 2053 10000
1092 1328 2
2865 996 10000
1413 2045 10000
217 883 7
1710 1797 10000
2566 1860 1
19 2989 6
1477 924 1
123 1307 8
1214 209 6
387 2638 3
110 1399 8
1403 2087 8
2965 1444 3
2076 2547 10000
1403 2344 4
1757 535 3
268 601 9
1348 1659 7
1078 865 4
2576 1046 2
565 2295 4
1922 2232 3
1942 2816 10
2032 2978 7
2436 370 1
1067 2139 6
2685 1888 9
650 2856 10
1274 769 7
2458 1550 3
2447 1547 6
2725 461 10
125 1043 10000
366 1757 5
515 2800 8
1811 2500 8
56 1343 1
2129 2345 4
1921 2202 10
1273 1157 6
1420 580 7
1447 570 10000
516 1151 1
2777 529 10000
2294 2590 10
635 1583 9
1199 1828 10
2532 2884 10000
248 2856 1
45 1908 3
2655 879 10
1543 463 10000
1762 566 4
394 1614 10000
2907 331 10
2902 1435 7
561 1934 1
1569 510 1
2 1709 10000
2098 2600 7
689 1761 2
1581 402 8
1661 1128 7
1999 2605 9
2068 1788 9
610 145 3
2396 598 10000
957 1200 1
212 1003 10
606 899 6
778 2671 8
978 1244 1
2066 960 8
1012 1328 2
2857 1888 4
1948 1135 5
2973 906 2
954 1314 10000
2916 2701 1
2583 2746 6
812 1354 6
2081 1793 10000
1705 2854 10000
2957 414 7
223 2690 2
1663 2993 2
275 2411 7
1145 997 5
2990 2209 1
1269 660 1
2257 2656 4
572 1544 8
760 484 5
1526 328 5
2383 2648 10
511 2457 9
1711 1294 5
2401 178 5
2145 602 1
1365 732 4
500 1704 1
1596 2693 7
2763 270 7
2757 912 6
2853 1413 3
730 49 3
2908 360 2
1921 2907 7
1014 152 2
368 785 7
55 2767 2
1098 1853 7
2421 2990 8
1345 1884 3
2811 2447 1
965 2499 4
393 1072 3
907 1336 10000
2932 816 1
1193 714 2
2127 1246 4
2665 1195 1
2480 427 10
230 2048 3
1852 2678 10000
1849 1936 10000
80 2186 10
1266 2997 10000
1774 2733 8
2408 158 1
713 1372 9
96 2032 2
545 1506 10
1795 1606 5
1515 857 6
127 2476 7
2222 581 7
438 2958 4
2591 1155 3
2600 1978 9
24 463 6
2004 2645 10000
1619 287 5
659 2226 1
615 2290 8
2488 662 4
782 1233 10000
924 190 3
2820 2554 2
1768 1742 5
1946 2288 2
186 2236 10000
1747 2060 10000
2316 2469 3
1191 1976 10000
1831 2402 10000
1998 2132 4
450 2626 4
2720 2893 10000
2290 1595 2
994 2606 9
1606 2200 1
1941 1918 1
2593 1042 10
2582 545 9
1271 1088 5
790 646 3
1959 2487 5
1624 1557 8
621 2365 6
471 1989 3
154 2873 9
111 413 1
683 2097 9
2378 1651 5
780 2867 4
2628 651 2
2261 919 7
2775 711 5
1767 148 10000
2712 7 10000
1687 2734 1
2623 852 2
246 1381 2
1620 1439 9
645 1083 7
1650 2078 10000
251 142 4
215 2686 10000
691 116 4
2354 1100 3
1648 1180 10000
2969 623 9
2731 1516 3
1966 1896 10000
1724 1576 8
2536 1363 1
922 90 10000
2880 607 10000
2266 1931 10000
2454 383 2
63 599 10000
680 2072 7
13 1578 2
550 1984 1
2602 2659 3
41 293 10
1020 1290 10
1503 2034 8
236 2082 9
2796 2648 8
1422 2758 8
112 2272 10000
2782 1955 10
2444 376 10000
1857 2342 9
1090 345 2
2647 2449 2
1492 1714 7
1421 2418 5
1202 1485 10000
1474 2210 6
1416 1638 10000
1813 1074 5
2098 2133 6
1721 932 7
2416 1867 6
664 1735 8
1832 1185 7
943 80 4
1523 859 10
2021 998 1
2820 2403 1
2977 291 9
2358 1906 5
1412 2425 5
93 2770 10000
2263 2760 10
273 980 10000
814 1026 9
2898 2140 9
67 2497 5
987 1522 10000
2216 2085 10000
2424 2857 1
1526 2322 3
1203 1758 10
1697 947 8
2637 2086 4
410 1258 7
113 2680 10000
2219 834 8
2701 1633 3
1401 641 6
1721 896 4
1428 1495 10
193 1980 4
2606 2938 4
333 829 5
1136 2755 2
872 2142 10000
1207 1168 10000
1087 1872 9
1830 1411 2
276 1493 8
2309 779 10
653 2026 9
2160 2123 1
1654 2812 10000
828 2181 3
128 981 10
2273 838 8
480 660 3
1286 1756 4
2375 2614 9
85 1892 1
68 1729 10000
1666 80 5
237 2996 3
468 267 2
387 1892 8
1990 2827 10000
395 429 10000
143 350 2
406 1900 10000
2148 196 10000
2010 493 5
2662 380 9
2373 903 5
1088 1226 8
2640 2420 10
934 1630 3
1038 578 1
460 2431 5
51 2278 2
2198 2187 8
1911 1616 5
2336 2321 8
2217 1582 10000
2177 1556 2
2903 905 3
341 76 8
1435 2669 10
2289 150 10
1819 1550 1
1518 369 8
1752 1877 8
1330 693 5
2188 598 2
1360 530 10000
47 2475 1
2118 2659 10
2976 918 10000
546 1083 10
1960 1708 8
1024 2433 9
253 1440 9
1953 979 9
1701 2790 10000
1695 2634 3
375 1075 8
1427 609 8
45 2251 10
765 1016 3
722 2247 4
1051 646 8
1765 1353 10
2287 1046 3
1806 1471 1
89 908 6
1252 1071 3
2990 2766 6
1205 705 3
2806 1068 2
4 143 5
2125 2963 5
2154 2440 7
27 17 4
1393 53 2
222 54 3
2740 291 4
2994 2011 1
367 613 10000
2739 1493 2
938 2169 1
1387 2982 1
1649 2860 4
2904 2725 9
600 611 9
1437 1752 7
2902 1533 1
2311 2684 9
1113 257 10000
2230 685 4
1983 889 10000
941 2003 6
991 852 5
973 2224 4
2351 1111 10000
1326 1218 9
2574 1909 4
2124 2768 9
2914 1434 10000
2399 910 2
1335 1602 8
1812 1151 9
606 2499 3
2539 2055 8
2501 2447 1
1299 2742 6
1879 374 10
1077 2545 7
1616 2201 5
1834 929 10
1002 1165 2
2432 587 4
2608 2013 8
50 77 1
