3000 1937 9146
2769 176 8735
2243 1754 9270
2016 791 8913
1381 2218 8882
1696 1582 9774
2906 81 8232
2578 1029 9751
2138 2073 8456
24 2166 9000
471 1258 8938
1710 2391 8857
2012 666 9343
2731 2352 9359
1863 1401 8850
2457 1413 9039
244 878 8024
670 2670 8316
96 164 8315
329 1047 9059
614 1790 9936
282 2885 9884
2163 1695 8831
1146 1897 9027
2615 1183 9931
941 2358 9490
392 1941 9250
364 48 9805
2788 2139 9052
1827 1467 8264
1868 998 8373
516 1849 9460
901 2472 9423
645 2190 8644
1925 2738 9789
2892 2594 8477
876 1267 8537
866 2370 9296
622 1102 8365
1837 1971 9049
1230 2081 8517
1398 1475 9173
981 2337 8959
1595 1188 8619
433 1387 8448
1277 1690 8085
386 2318 8054
947 277 9110
497 1190 9451
47 2451 8810
973 1334 8232
778 1400 8476
2285 2973 8974
1742 734 8036
2070 1458 8974
1485 571 9820
2888 2027 8444
1540 1333 8634
2689 2968 9544
2642 1474 9179
2635 2440 9804
1411 319 9496
1433 1733 9389
868 1200 8839
1050 857 9555
1512 1332 9152
1528 2210 9952
1903 2315 8293
37 985 8180
986 864 9838
1424 1539 9668
329 1359 8430
2725 1901 9280
658 2672 8986
1486 1491 9468
127 1095 8901
1210 1069 8422
1513 736 8056
1284 976 9914
1207 691 9693
75 2562 9800
2310 310 9878
774 1099 9182
332 808 8535
579 1765 9873
1098 2046 8908
2447 2537 9696
2632 924 8101
454 1823 8382
2404 959 8366
1976 540 8922
1084 2568 8954
2402 5 9218
2177 2648 8584
1852 2312 9553
151 2278 8666
1830 1222 8580
1795 246 9079
1822 604 9242
1902 1187 8177
2144 2674 8464
1989 599 8873
1981 1719 9303
1209 1333 9815
1111 2135 9629
2597 379 9291
2223 105 9986
1112 442 8076
2279 958 9568
449 2386 9809
52 222 9349
2741 141 9585
1892 1454 9464
2107 2375 9352
1562 917 8051
1445 94 9114
2305 1005 9205
1208 2470 8952
1464 827 9095
1437 2477 9515
316 1420 9676
908 1796 8432
280 2618 8500
192 1521 9376
1587 231 8429
2765 2906 9366
2475 1060 8740
1061 2045 8425
1478 1499 9585
1138 656 8350
2963 1649 8847
213 2229 9664
2589 1892 8753
1795 2809 9225
719 1578 9743
2723 2838 9815
1894 16 9272
2053 2412 8072
2080 1139 9659
661 2989 9609
766 2795 8158
1254 1258 8952
2214 2304 9306
1959 927 8862
2589 2610 9005
2540 1506 9186
1031 1397 8565
2492 2707 9594
2677 1952 8755
1282 188 8288
2300 1944 8770
2149 1375 8247
0 2754 8526
929 1950 9442
2600 2972 9073
2035 2451 8121
284 1315 8873
860 1182 8112
1385 2556 8170
2622 191 8207
1982 358 8288
1161 1260 9901
2929 2142 8474
1289 85 9110
92 423 9879
626 2747 8597
1675 7 8371
1552 2521 8936
2844 2723 9901
2156 2401 9821
1319 1434 8409
2881 368 8049
1106 2471 9178
1778 2825 9511
877 819 9341
494 2362 8237
2911 219 8439
824 2921 8235
371 1126 8585
319 1131 9304
2345 662 8413
2948 478 8637
2633 1234 8692
1560 2722 8416
1777 2443 8812
1645 746 9304
413 1115 9900
1616 2900 8841
1065 511 9673
2548 969 9549
2710 2059 9997
890 2603 9313
2439 514 8703
497 1244 9663
2443 1503 9359
690 2028 9107
324 1148 8013
1902 2613 8651
1917 80 8962
129 184 9996
926 2266 9465
1838 1252 9936
2476 990 9235
2648 2249 9977
2739 540 9156
454 2867 8338
930 83 9532
1628 649 8307
2481 2263 9111
217 1561 9076
2320 791 9292
2641 1049 8947
1135 1496 8986
977 1854 8594
1339 2653 9013
1870 2032 9928
1159 2267 8363
651 102 8495
2893 837 9929
134 2128 8672
1470 2937 9109
438 698 8901
1125 352 9259
1712 960 8807
1576 780 8425
714 844 8737
1670 2516 9354
2073 825 9796
2841 2598 9781
1965 1711 9157
1671 1293 8992
1356 1637 8693
1173 1051 9387
1274 172 8476
976 1612 8452
2643 256 8811
1869 2861 8396
1943 1905 9665
1252 934 9845
1610 716 8756
2550 742 8993
1330 1313 9268
321 1787 9262
1089 1369 8984
229 2996 9279
2111 1494 9633
1371 721 8828
2140 2545 9635
1737 2156 8488
1729 1543 8246
218 472 8923
2789 1321 8053
2827 1251 8536
1447 2700 9283
2803 2923 9084
968 525 8597
2262 186 8550
348 732 8672
2354 1301 9999
1559 2424 9462
1672 2303 9611
729 120 9541
1972 682 8061
444 2165 9618
655 2606 9136
1625 267 8903
1755 1176 9397
2518 2695 8883
1927 620 9686
254 339 8631
2063 1388 8939
1703 380 9911
2874 538 9483
934 2387 9901
496 1442 9788
2987 1459 8856
1859 1479 8337
561 56 8025
765 2877 8231
1285 2730 8180
2693 2918 9729
401 2649 9820
1494 2207 8720
1590 1005 8172
1358 1323 9182
199 776 8162
692 2481 9317
234 2583 8771
1694 1682 8458
1530 804 9419
1302 925 9910
2044 2160 9640
2836 1508 8335
2680 1929 8631
248 1684 9231
687 1379 9400
936 2336 9864
560 1325 8682
1295 1744 8250
474 84 8546
251 826 9746
1793 1619 9557
621 2104 9616
1253 2211 9788
1448 1996 9999
280 706 9851
2147 943 8127
1720 1232 8897
121 2763 8534
2896 1963 9699
2830 631 9602
699 2817 9349
1287 1073 9894
2544 823 8601
1528 623 8750
2465 2448 8299
182 952 9050
2072 2585 8816
2487 1432 8878
204 1377 9462
1179 849 9550
281 2924 8090
388 2774 9718
59 2632 9225
638 1422 8679
1080 1533 8598
466 2221 9516
1084 427 9604
793 1379 8134
2007 346 9453
612 1662 9161
1047 485 9731
1181 2179 9303
2837 472 8101
1200 2253 8947
1970 1046 9938
980 1717 8848
1421 1357 9691
2336 667 9737
43 761 8126
839 1882 9052
192 519 8451
771 916 9780
1109 333 8100
583 2071 8323
1404 236 9589
1721 2899 9228
2792 1136 8924
1934 2797 8908
1448 2840 8613
2824 2228 9206
894 2519 9039
2744 2468 9625
2375 2835 9977
1264 1299 8897
1565 2801 8120
1977 77 9385
606 716 9344
542 1433 8521
1451 2792 9962
825 2905 9126
1403 2400 8146
2837 1265 8049
1490 113 8675
2878 1373 8754
391 2546 9833
1140 2822 8667
585 2637 8721
1779 1984 8051
1226 2329 8993
2605 2771 9482
255 1383 8890
429 2647 8776
1363 1082 9315
1017 808 8316
502 1156 9086
1752 909 8596
1303 740 8091
1657 2592 9380
1006 648 8413
2092 203 9172
2243 1566 9946
1770 536 9412
1516 1763 8670
2377 1715 9673
430 2269 9133
1878 2624 8835
1458 202 8360
2474 2428 9204
672 2792 9886
513 1068 8974
2130 191 9795
2864 1174 9904
1314 2433 9109
2893 2669 9001
427 2956 8613
96 1408 8539
2737 2427 8819
1583 351 8260
820 1658 9366
852 1442 9130
2109 562 9243
2920 64 9025
2430 110 9799
873 400 8632
1866 971 9289
1152 432 9854
2056 961 9190
1747 2109 8614
1811 2782 8451
691 256 8712
403 787 8067
2721 86 8708
2657 568 9536
1798 2783 8403
1242 2604 9489
1580 2420 8360
167 270 9890
1973 1473 8886
182 2977 8533
2383 2023 8972
1817 1326 9427
1449 2942 9921
825 1097 8288
618 146 9518
1386 2814 9799
1182 1170 8297
1109 2717 9030
307 2327 9032
2761 149 8137
1553 1547 9868
1893 2583 8046
2487 1702 8877
1001 1265 8122
95 547 8046
2405 1345 9477
499 1888 9156
972 363 9492
2876 1837 9832
2268 2517 8276
2332 2800 8356
305 1759 8545
1817 1233 9883
862 1344 9341
465 2101 9792
2705 1384 8306
401 38 9525
1184 1527 9069
1040 2357 8011
2926 147 9473
616 1741 8072
431 1200 8506
1656 2386 9539
2346 832 9539
570 2651 9432
1523 2994 8212
2334 1313 8415
220 2187 8163
450 2374 9112
2670 2224 9839
1690 2413 9976
1661 2740 8767
1562 1143 8541
966 1214 9944
396 2639 8017
434 2031 8259
2668 2560 9052
2788 127 9340
2374 1242 9259
1141 1257 9080
2807 2341 9256
140 2535 9634
1206 1473 8203
673 1483 8416
435 2272 9203
607 2502 8476
2512 2033 9685
892 781 9735
1686 1120 9618
131 807 9065
2940 273 8186
2466 1589 9557
685 1768 8341
2703 1406 9745
2110 1471 9330
2767 1230 8378
1219 2135 9603
1236 143 8929
2232 187 9762
29 663 8580
1414 1096 8666
2626 1081 8424
2979 2414 8749
379 1144 9688
104 635 9938
2050 1349 9676
2779 36 9750
156 2353 9922
2828 512 8400
2146 589 8346
1980 1211 8459
491 383 9811
582 1438 8071
608 243 8411
2634 1604 9904
2059 1828 8471
644 2841 9978
2866 1422 9647
2758 1847 9833
1606 2058 8923
1546 2614 8028
1432 1776 9276
659 2863 9191
2904 1183 9011
2389 2763 9300
1118 1497 8141
2612 1874 9608
593 1211 8576
2678 1736 8446
2261 1146 9852
470 2229 9551
2749 17 9451
359 338 9421
2061 434 9319
2691 2412 8320
1972 1469 8146
595 1130 9493
1511 1958 9464
1156 674 8279
637 1871 9102
2189 2495 9700
390 2296 9886
1372 919 9777
93 1276 9401
2572 2609 9693
600 1758 9940
918 630 8407
2632 2919 9497
106 136 9383
2497 30 9775
1617 2235 8117
1000 128 9120
2232 2058 8753
214 2290 8354
842 2454 8262
1300 2911 8458
1103 1227 9889
2620 1394 8730
2289 2531 8605
618 1619 9934
1305 479 9576
243 293 8723
2085 2122 8365
2752 948 9711
2230 1916 9864
1320 726 8212
2772 1780 9293
2344 764 8405
944 2474 8117
2570 2155 8668
2988 1477 9831
2538 1634 9949
2591 391 9795
2614 1726 9981
2706 2599 9991
487 2583 9500
584 2804 8030
1194 152 9394
407 2813 9638
328 2577 9010
1114 834 8572
36 1997 9525
492 2620 9571
1278 300 8162
1821 598 9852
2662 271 8036
2336 2963 9565
710 98 8885
1901 2645 8704
178 2596 9494
250 2379 8072
2047 2358 8012
1240 458 9901
784 521 9315
605 79 8014
1428 1336 9381
2640 915 8490
2331 768 9202
1211 1404 8972
2153 1525 8355
639 2530 9555
2520 2247 9445
1152 2427 9101
2143 935 8523
2060 2798 8733
351 1950 8504
1825 420 8881
702 1426 9424
1321 2038 9099
531 953 9686
1927 88 9389
1783 1879 9191
985 2256 9772
819 2523 9514
232 2601 9162
2354 2551 9668
286 2959 9697
519 559 8196
1567 2151 9448
147 1213 9830
2759 1707 9049
2884 322 8043
1839 2577 9208
2276 1642 8847
479 831 8203
1975 2217 9365
2195 1299 9956
2681 2294 8157
457 2901 9345
893 2894 9188
1164 2456 9719
53 2842 9166
1763 2084 8043
2113 385 9291
2007 2498 9639
838 2965 9867
1501 520 8306
2186 674 9525
1850 1427 9045
2930 859 9518
1514 405 8351
2381 1212 8733
637 2188 8420
760 1215 9174
2350 2431 8118
1605 168 8623
1731 1665 9423
2123 2502 8216
2460 2062 8373
2980 1496 9320
2485 580 9932
887 475 8560
2766 1633 8947
2129 1555 9678
1522 384 9856
2854 1842 9907
2983 2664 9877
2099 369 8135
1850 197 8531
2470 1177 8499
195 773 8406
469 2075 8751
1171 784 9661
971 109 9087
732 2976 8659
331 2274 8153
1505 2438 8606
2540 1340 9376
736 1955 9491
71 2888 9251
461 2201 8189
609 2136 9705
1137 1225 8430
1407 1658 9918
104 1090 9514
1821 2209 9583
860 1687 8132
2851 2000 9989
2904 1212 9319
998 1038 9708
2103 2757 9145
984 1036 8161
259 555 8152
1346 2258 8472
2856 514 9060
2764 1588 8927
647 2251 9817
844 425 9628
2442 1040 9954
2125 2157 9720
2860 870 8961
1493 248 9562
2984 2654 9909
1712 51 8497
1894 1877 9396
1540 2655 8102
2933 2506 8564
2467 1218 8471
437 2903 8435
1848 2901 8575
696 2886 8731
2230 2566 8150
2513 1487 9421
2294 1488 9326
1792 1518 8943
755 2754 9456
1105 2036 9841
2339 2910 8440
2754 2432 8241
137 498 8426
478 711 9937
1585 368 8399
2533 2192 9340
2849 811 8971
720 12 8243
781 1598 9880
2861 2462 8345
611 166 8619
945 2311 8663
1205 71 8893
2919 1530 8557
1870 2101 8013
1652 933 9695
785 154 9369
449 1857 8614
1309 2148 8731
9 770 9982
2206 2564 9855
1989 2781 9222
730 1813 9187
1103 2568 9710
1122 2378 9995
1864 1389 8657
1341 2015 8427
403 1417 9143
646 1142 8340
391 1077 9959
1749 2472 8525
2463 387 8671
806 404 9617
514 2131 8838
967 1745 8343
299 2981 8997
1581 2354 9390
2872 61 9703
947 2051 9341
2356 1908 9340
2376 468 9632
981 1699 8013
2701 2458 8074
2117 1591 9110
778 1549 9261
354 1468 9173
2274 2517 8509
2329 2971 8126
1689 745 9850
2133 1028 9003
50 160 8147
2463 2239 9105
1085 1215 8081
1267 2272 8828
1741 1445 9289
2075 2009 8230
342 795 9814
2256 629 9634
2473 2952 8251
2236 2951 8696
2623 2509 9138
1258 2833 8072
552 545 8260
2083 2157 8413
2051 2850 9822
1756 1655 9940
1268 2607 8074
2887 1696 8251
270 1750 9666
1449 2822 9549
747 2799 9758
2458 23 8234
1683 1309 9619
1366 206 8576
2338 2022 9261
1246 1915 8322
1354 1956 9032
2673 2720 8260
2748 1263 9998
1079 2373 9891
2798 1577 9513
1772 2423 9861
1380 1406 9897
681 2518 9899
1775 678 8438
1030 2546 9835
60 1501 8444
2969 642 8175
1722 1370 8654
2004 2570 8247
267 1250 9007
817 1273 9427
1633 1294 9884
2252 1782 8620
271 2581 8658
2698 62 9607
1361 1101 9379
4 141 8275
2658 2827 9605
1541 2799 9457
1461 923 9709
1290 915 9538
107 1446 9042
1169 1564 9801
1874 1304 8214
1260 493 8332
549 1102 8631
344 2920 8157
2912 2995 8625
2627 11 9717
2453 2465 8048
1724 2169 8019
2154 2160 9419
2561 473 8044
1865 2135 8619
1128 1522 9987
797 1337 9762
2127 223 8076
1943 2162 8371
951 2143 8908
1747 180 9059
2193 2312 8316
1034 1674 9886
2392 759 9504
698 330 9608
2319 2102 8245
2658 688 9750
2197 225 8503
2768 1514 8068
2309 2194 9014
2648 1051 8796
2302 1720 9036
2525 115 9215
2471 1918 9178
2238 687 8414
773 2308 8967
1281 781 9178
1947 1424 8129
2286 1465 9579
1255 2234 9488
2558 1707 8858
2720 2001 9608
1914 107 9628
693 902 9396
1212 2996 8576
1381 1292 8565
494 1516 8391
551 1553 9731
2167 221 8822
1992 2066 8098
2478 1243 8140
2532 2391 8815
564 1707 9003
1108 1635 9389
2212 2333 9445
1266 1329 8014
2773 269 8929
1692 2871 8358
423 2852 9666
157 1962 9782
2433 1209 8660
1024 683 8554
2970 2753 8758
348 752 8849
2352 1439 8536
1737 1047 9246
1926 2455 9257
2501 2019 8928
1312 1241 8501
43 1396 8158
303 2201 8463
2508 308 8484
1946 2801 8814
1239 1875 9317
484 230 9112
791 1080 9950
228 2005 9501
254 1599 9727
245 1822 8438
2021 920 8262
2453 835 8275
703 2847 9195
1431 2045 9280
268 2794 8818
1441 1052 9867
1152 1042 8723
254 243 8843
219 708 8720
2 2966 9571
81 2694 8099
1041 1076 9959
603 2901 9831
1364 886 8971
1827 1491 8964
451 2758 8601
1050 1184 8905
301 2068 8467
2952 2394 9009
2555 2367 9024
786 190 9379
1421 661 8111
393 51 8556
153 1773 8969
2772 1430 8796
534 1091 8878
2169 2917 8877
296 2762 8508
381 758 9870
1864 641 9393
2640 1669 9886
1360 345 9054
2538 2690 8116
1228 1247 9659
1188 1663 8269
2015 664 8394
1175 1548 8720
429 2443 8946
2708 399 8020
2857 2608 8175
1806 1409 9610
1107 349 9432
1644 2137 8231
455 2740 9924
2864 2177 8384
1623 2129 8916
199 1423 8248
1402 1124 9187
2366 2011 9594
1521 2332 8119
2788 2753 8768
389 1058 9175
2223 1889 8284
572 193 9346
2287 1624 9303
1275 1399 8373
1315 611 8838
201 2340 9028
240 1612 8172
414 365 8610
2436 1779 8913
1890 2597 8191
2292 849 9036
803 439 9806
1084 545 9608
602 2792 8641
2178 1813 9353
2477 1912 9027
2871 343 8513
2908 1454 9045
1816 2189 9945
1609 2418 8696
904 738 9532
816 669 8626
1951 805 9072
2326 323 9170
1512 163 9740
1575 2034 9264
1297 2096 8483
650 2289 8647
233 2712 8358
423 2907 9552
1940 891 9414
2257 765 8904
2872 2954 9997
149 2501 9563
2800 2588 9233
1502 1805 8279
2640 1528 8433
1914 2314 8535
207 2017 8788
548 881 9373
178 159 8328
84 1476 9300
1694 1739 8930
1746 196 8364
1429 2246 9831
532 1487 9354
847 2060 9775
2416 1069 8808
2005 26 9472
2530 2820 9473
2110 372 9860
235 1392 9620
1178 2133 9040
1116 2607 8768
2445 2590 8502
2491 86 8786
717 2217 9979
1135 918 9494
1134 2454 8524
312 522 9400
176 2750 9855
1082 2183 9120
69 2525 9463
340 2602 9629
2765 2384 8487
709 1878 9975
411 1016 9515
1731 1872 9879
2253 1034 8472
178 1812 8452
2549 115 9549
15 2435 9219
2786 2682 9826
1028 1018 8482
253 1092 8214
2088 830 8309
63 1760 8115
1973 2301 9112
2364 508 8771
2853 148 9785
1679 440 9223
1810 2937 8266
1930 949 8924
2057 11 9686
2567 554 8977
27 2966 8018
1335 1161 8090
2046 1618 8470
347 1180 9406
1637 2660 9309
2182 35 8391
1223 1248 8838
2849 2793 8914
2055 18 8538
1185 247 9119
2208 2088 8741
179 1092 8301
1074 259 8895
2760 1316 8958
452 878 8859
1850 2714 9092
605 531 9436
2409 1049 9127
577 541 9378
2407 2098 8910
73 1812 8697
1963 812 8771
1538 2719 9807
386 675 9118
1781 2777 9314
473 532 8433
1748 1331 8298
798 662 9349
2012 1104 9377
1004 1659 9243
507 651 8948
2515 1900 8613
1573 2586 8936
1440 1829 9752
437 2385 9241
954 1162 9837
1814 1818 9078
2647 1919 8070
2330 1208 8953
2087 2958 9521
44 963 8787
265 858 9467
682 1121 9538
2191 42 9048
1660 1124 9767
1791 1170 9257
2897 1070 8137
658 1185 9014
2666 685 9923
2113 1119 8554
605 356 9863
640 2440 9221
1978 1727 9549
314 2575 8795
1790 2493 9013
1931 307 8580
579 1859 8949
2153 697 9476
145 2639 8135
1032 2691 8133
2307 1600 9171
1762 1697 8792
58 1720 9267
1700 1094 8631
699 1993 8915
2477 2993 9287
2322 2603 9528
2751 2149 9030
2454 984 8019
1709 850 8892
2237 101 8385
863 1846 8581
1571 1224 9269
2178 490 9553
994 932 9357
2559 1858 8779
2405 2759 9310
423 2459 9503
609 2939 8216
505 2832 8863
2935 2722 9008
605 1896 8908
1193 1240 8170
1456 782 8816
1895 81 8841
1715 1706 8189
920 503 8649
2129 725 8506
1348 2328 9404
892 556 9127
123 160 9836
2660 1128 9574
177 2726 8798
6 1639 9738
1953 388 9298
2612 517 9019
2471 2074 9741
2150 2891 9208
358 701 8994
275 2411 8314
670 214 8651
537 619 8798
1194 619 8053
2233 162 8087
2645 2255 9586
891 2052 9521
2014 227 9537
2343 533 8717
2172 370 9233
2125 2194 8693
1337 331 8321
2636 2095 8371
617 1726 9038
931 2003 8423
2421 2000 8786
2907 1470 9131
227 2974 8740
2775 208 9883
1250 1613 9121
605 150 8302
2396 1504 9191
2616 2351 8512
1751 1668 9766
118 462 8967
1579 2301 8267
2821 854 9750
2803 1165 9775
2084 2937 9597
1472 242 9094
44 1242 8150
1160 2054 8502
2422 928 8527
1620 2357 9090
800 2437 9092
2433 1123 8961
43 1542 8315
2635 1460 8107
999 2780 9010
2090 2311 9529
553 1113 8187
2264 2217 8144
2128 2102 8637
581 826 9751
2245 1167 9125
1957 964 8424
2261 417 9394
1489 1730 8111
501 2018 9208
2455 1820 8296
205 1002 8367
2251 985 9474
285 161 8657
569 2308 8269
2927 875 8373
1055 1052 9185
897 2976 9197
357 2846 9641
1789 927 9434
1653 1628 9151
1718 68 8336
771 2242 9223
1327 1855 9185
2554 443 8665
1668 1014 8900
2562 1233 9777
1272 2402 8119
899 994 8074
327 1761 9658
2281 1692 9510
596 1225 8278
2222 530 9772
1259 277 9759
565 687 8570
1549 2812 8024
2527 2805 9384
941 2468 8816
726 1110 9247
2508 1584 8699
2017 2534 8794
1729 211 8058
279 2499 8224
2280 2547 9122
297 528 8401
480 2359 9750
845 2961 8064
516 692 8435
1498 20 9566
1889 2605 8638
2793 989 9587
1192 1416 8161
2024 402 9133
328 2953 8270
1059 2584 9134
1009 1589 9011
1907 186 9105
1199 281 9290
1039 2702 8287
2297 2400 9340
1295 1601 9914
2631 93 8942
250 624 9008
1650 2145 8804
1131 2587 9612
636 2022 9501
2700 526 8552
2444 1502 9787
2817 1997 9616
2646 1322 8841
1633 2882 9230
2154 2189 8579
1288 380 9944
1851 1537 8786
1307 2376 8870
1895 1377 9755
949 737 9045
98 1693 8713
2202 332 8360
1622 777 8407
2482 2651 9697
2595 1643 9042
1764 739 8179
962 1593 8253
130 2834 8044
2164 663 9052
1019 3 9269
2521 2027 8640
306 2038 8137
205 2831 9570
2399 2287 9215
1462 1974 8489
2957 1531 8306
2631 1802 9840
1504 1827 9249
410 2706 9731
253 1978 8682
479 1850 8582
911 2868 9700
2450 693 9552
889 1698 9414
2560 238 9400
168 117 9070
2506 2713 8964
2563 15 9872
1390 785 9756
1691 483 9584
212 2819 8696
986 2175 9471
756 1680 9974
1830 1382 9358
2073 777 9432
1100 2117 9485
2687 1659 9159
1101 440 9513
1309 1384 8404
2145 2620 9290
950 1782 9930
2950 2305 9573
1119 2975 8675
376 132 8695
2708 386 9630
1015 72 9065
627 2677 8885
2423 224 9412
2181 2852 8961
2736 353 8159
1555 2079 8481
497 469 8160
1150 1605 9521
70 1012 9616
2043 1028 9672
744 2298 9556
515 567 9586
1529 1645 8174
2941 2275 9966
2554 2347 8847
220 2244 8543
1071 1536 8652
2270 568 9257
2746 1355 8140
1887 1941 9880
415 1011 9292
1039 1163 9589
2638 702 9971
1518 957 8284
1551 636 9046
1794 751 9077
2932 1556 9629
1652 1819 8904
2307 1094 8706
2483 1935 9181
1755 1538 9090
118 47 8564
1398 2651 8064
1942 2814 8623
2866 461 9923
1235 628 8256
1607 790 9332
2370 588 9806
846 1741 9220
2544 112 8848
888 794 9279
2859 2982 8077
809 1716 9148
1450 288 9692
2208 2511 8045
2983 1544 8079
2589 2543 8187
1898 382 9841
181 1048 8751
289 481 8988
983 510 9482
1496 138 9301
477 1568 9928
2899 879 9937
1316 2541 8579
2397 1231 8335
1169 1966 9227
2681 409 8693
1699 2736 8195
2981 1990 9153
1968 2331 9806
2340 139 9483
2135 223 9281
2324 815 8054
120 680 9718
394 2030 8937
741 2788 8530
601 448 8142
2144 1 8122
155 2268 8455
1133 2174 9375
2134 1075 9662
1282 1405 9734
1317 583 9744
1261 1808 9007
1074 522 8523
87 2041 8602
1621 1913 9201
2661 1490 9610
2368 1725 9804
993 1168 9600
1492 183 8993
2577 395 8981
2364 2185 9142
620 318 9057
1269 1149 9005
2284 1456 9013
2002 2404 9354
1721 2741 9152
2683 1569 8113
237 1198 8645
1426 2501 8074
1700 1629 8912
2313 2875 8235
273 1407 9333
1053 1628 9942
1780 2286 9115
818 677 9050
76 2808 8682
2828 1393 8273
2702 1293 8958
645 2492 8935
302 1029 8555
1357 695 8969
886 441 9288
1434 1342 9705
1979 1680 8982
2570 2651 9154
574 1937 8164
1245 169 9551
712 1653 9527
1418 707 9993
1437 2240 9775
2563 1862 8919
421 1431 8030
1960 1334 8074
2602 17 8151
426 902 9177
813 1521 9417
1477 1272 9333
1361 241 9121
2011 28 9478
64 1385 8709
2902 2247 9497
1375 1436 9196
1030 2510 9555
418 2825 8755
1831 929 9325
2646 2711 8494
1101 2796 8526
374 2837 8527
1238 157 8243
593 148 9891
2368 276 9611
1443 704 8292
62 677 8099
2548 1116 8145
2505 1071 8711
1495 2182 8743
2685 831 9216
762 2692 9798
1789 1054 9378
1728 2736 8799
1987 920 9637
749 2356 8077
2743 2546 9572
682 1312 8047
162 1025 9915
1086 1225 8933
1047 478 8607
2922 1621 9049
1137 1982 9783
2013 272 8276
2029 2115 8754
1836 2735 8838
495 2438 9933
604 591 8404
2124 2108 8976
2380 298 9587
2857 1815 9841
1059 1804 8032
336 1969 9419
1586 821 9917
2656 2535 9138
2802 2168 8268
54 936 9425
1030 1936 8127
1643 1708 8135
102 2028 8731
1800 1455 9340
2464 824 9153
2966 1459 8420
434 1926 9623
2415 730 9540
2611 2165 9335
2494 2956 8296
202 2537 8385
2569 386 8045
833 2259 9096
2042 1524 9464
419 1406 9288
1965 311 8878
913 2499 8229
1338 91 8334
2126 721 9771
2601 988 8788
2601 1592 9847
2964 1016 8373
2322 39 8743
63 32 9924
2076 1275 9507
2944 2076 9107
1767 21 9369
10 1664 9224
1914 1801 9812
2064 2958 8865
2220 457 9666
900 912 8299
992 143 8220
2858 880 9250
2347 275 9474
653 8 9498
1112 2555 8572
2816 68 8499
851 865 9703
287 1933 8708
1132 82 8453
2789 2136 8925
2693 796 8168
1898 2552 9549
1220 2890 8235
1716 1433 8543
1270 530 9437
2654 2854 8646
2740 2825 8120
2275 978 8569
2371 660 9143
2483 1495 8202
2980 1388 8583
1557 97 9342
594 396 8634
1582 271 9369
344 49 8960
1359 174 8447
55 2756 9680
633 524 9679
184 909 9138
878 2403 8202
270 639 9841
2266 114 9118
2161 2949 9065
2870 2938 8195
2669 1155 8892
1143 177 9170
413 1567 9308
194 961 8113
29 294 8660
292 1191 8621
527 1151 9927
2388 1129 9639
826 1050 9633
922 789 9798
1547 2539 8860
1559 895 8610
781 2895 9128
2152 2308 9460
2857 456 8411
770 2070 8894
830 1262 8680
801 266 8681
836 1037 8822
2218 2456 9396
885 2250 9810
1743 847 9281
1512 2461 9774
447 1758 8556
2386 1452 8641
757 377 9941
843 779 8091
2894 956 8483
1840 527 8160
2196 171 8128
2756 978 9039
582 2621 8166
987 1593 9764
991 1093 8060
656 252 8540
1197 2223 8990
2089 1481 8369
1087 898 9832
301 2001 8649
1957 518 8944
1286 2083 9887
209 2562 8657
567 469 8632
52 144 9895
653 1280 9021
839 1065 8299
1845 2014 9597
93 1545 8816
266 1824 9404
2705 2113 8601
1037 1524 9912
2254 334 8978
2984 252 9357
1045 1988 8483
2018 414 8274
1445 1511 8774
2619 153 8543
2625 297 9099
1355 2400 8860
2555 642 9139
47 2840 8185
2298 1668 8181
1907 546 8843
82 20 9137
2780 1289 8985
2227 1966 9797
157 2274 9947
282 2246 9641
2392 1044 8755
336 610 9199
1373 2082 9652
1937 2555 9130
535 1937 9222
1498 1368 8304
2426 1757 9682
325 977 8176
2676 525 9113
463 553 8464
1928 2434 9946
1901 2392 8741
2528 2474 8563
2732 575 8136
2576 1651 9411
1373 26 9585
2773 2650 9421
1412 2799 9274
1906 1956 9744
970 2235 9647
1066 1364 8637
1450 387 9075
67 1924 8401
1367 1493 8866
2218 2523 8111
686 2427 8615
2203 2671 9403
201 1482 9098
2497 2107 8199
980 357 9829
2792 1308 9147
295 2407 9238
2486 2422 9981
940 2962 9375
1348 1202 8545
1427 606 9685
1060 1991 9288
1062 304 8134
2578 25 8575
2858 283 8044
1533 347 9394
1463 611 8651
1519 2513 9895
2170 2859 8399
1241 1697 8123
1859 1920 9502
470 1875 9572
2159 216 8787
2454 944 9136
955 652 8137
301 89 9792
1021 1249 8994
310 802 8915
46 2216 8699
2449 689 9427
2827 751 8838
1143 237 9359
1945 1514 9547
1266 795 8432
2081 2886 9584
1767 2713 9526
2283 2040 9829
2500 2499 8437
1771 2488 8343
2163 2627 9910
2300 1796 9736
658 505 8035
2251 518 9053
361 200 8796
1343 1193 8818
2106 375 8889
272 2892 9436
349 2418 8199
1506 2782 9607
2237 2219 9871
1586 1370 9770
743 669 9786
1991 1922 9735
1349 834 9461
1769 719 8106
626 1291 9203
207 2834 8630
1732 1201 8986
745 914 9028
727 1456 9748
452 2094 8210
2881 1667 9253
2992 575 9054
2986 1967 9197
1148 1595 8231
1956 297 9687
1881 2718 8717
1576 613 8628
1909 1123 9734
451 429 9969
1079 2216 8914
1420 702 8019
1439 1299 9530
874 1057 9194
2134 1749 9800
1059 1094 8423
1129 2883 8027
2369 2898 9196
1826 2951 8323
1929 268 8529
707 2839 9107
33 1702 9556
2689 913 9850
1991 1635 8242
2851 1961 8568
1928 1768 9745
1929 2259 9122
1785 1837 9690
260 2923 8653
2748 2229 9362
9 1535 9156
591 1589 9591
2425 2090 8976
1026 2994 8179
126 2534 8010
378 1803 9862
1569 550 9581
1452 2199 8741
2010 97 9297
634 1082 8037
70 855 8726
290 753 8641
2786 921 8221
2225 2039 8224
808 265 9539
1374 1415 9665
317 890 8227
56 1129 9735
1097 216 8094
2335 1647 8911
2868 2782 8776
1073 1615 8509
1419 656 9094
1708 468 8099
1053 291 8765
1665 2161 9998
601 1158 8841
2592 1310 8799
272 2147 9188
2608 1888 8153
2173 1792 8177
546 2323 8891
1723 158 8201
2355 1143 9259
1480 1995 8902
460 1702 9917
2978 2545 8762
341 955 8888
1068 2696 9506
2547 1456 8078
978 2609 9947
728 135 9615
1508 2231 8696
1474 1295 8595
783 2429 9366
1727 235 8759
2808 2384 8442
2699 996 8218
2529 2260 9280
1128 1655 9099
173 694 8846
1313 2802 9475
1753 262 9850
2764 2721 9132
2428 445 9027
1949 1786 9028
1619 261 8756
2909 557 9955
2684 436 9939
597 2601 9447
1099 837 9404
871 34 9612
1544 1224 8912
1368 2775 9511
2799 988 8115
1393 2945 9595
2573 1622 8168
2153 439 8623
2704 291 9212
1376 1783 9017
2287 119 9541
2628 390 8715
2787 550 8339
1596 375 8069
2303 2697 8855
488 607 8910
789 2564 9430
463 668 9701
1603 1552 9348
2370 525 9390
2650 1795 8285
265 448 9487
2102 1083 8767
2395 2573 9538
1507 1057 8416
1568 750 8616
2529 2306 8973
1809 2985 8916
1948 263 9475
111 1043 8600
1540 1932 8479
362 657 8268
1035 2394 9829
1413 1576 8253
551 2241 8992
871 2176 9559
738 2380 9230
2441 2162 8807
2521 1704 9236
657 633 8319
1526 632 8822
763 891 9876
907 1677 8552
2158 443 9918
1876 1050 9540
614 681 8948
2915 491 8874
406 863 8770
1868 1485 9628
504 2042 8026
1120 337 9100
1400 621 8460
872 1964 9378
326 50 8708
1976 1891 8957
1234 2205 9820
637 2991 9607
484 2845 8831
320 1654 8286
1115 946 9602
2431 2614 8711
1147 1685 8637
2110 100 8769
1831 1714 8832
1035 414 8027
1860 1161 9249
2576 2025 8788
13 1425 8357
2890 1971 9659
335 378 8742
2378 352 9115
1884 1531 8732
2204 2469 9450
2138 1041 9884
1084 2214 9410
2120 2344 9669
2198 2046 9997
1672 2240 8291
170 2480 8409
1427 1472 8779
2417 536 8641
2351 2934 8155
1815 2722 8274
2829 851 8976
2953 2544 9319
1902 2189 9616
125 517 8939
2823 1237 8003
2096 2701 8730
2291 2204 8496
486 1071 9525
1469 991 8113
2467 536 8350
684 1142 8325
1977 1537 9142
592 1754 9927
1856 424 8206
2522 2167 8764
2059 2815 9637
1010 2561 8758
1246 1746 8134
2880 319 8071
2542 2051 8949
876 749 8050
558 952 8462
1352 2097 9117
125 2810 9977
767 1054 9970
2060 566 9239
1050 339 8143
2961 193 8736
2927 1999 8788
540 1954 9304
1736 2527 8737
2093 2998 8744
2824 2985 8736
2639 2020 9913
2977 2490 9948
1234 1983 8428
2688 1243 9261
225 2629 9288
2006 2947 9471
799 784 9909
1023 2675 8955
2894 723 8419
659 1886 9386
2818 975 9163
719 1927 8239
1120 2346 8532
1214 2069 9531
2248 312 8696
1854 1737 8379
573 2250 9682
2330 2965 9090
796 1484 9646
64 453 8760
842 1351 9024
2444 1780 8610
2882 733 9266
2686 500 9826
1044 543 9929
1877 1253 8341
1194 611 9279
2876 2621 8757
1818 2200 8661
1981 1729 9139
924 1517 8966
446 2979 8013
313 1889 8346
1193 1869 8842
524 1584 8992
940 2373 9459
553 2979 9423
1008 2261 8196
1130 2790 9013
2903 2877 9820
408 205 8350
1378 2117 8560
1160 2813 8850
1432 1910 8133
236 1734 9395
1905 2626 8622
2065 2978 8489
2517 2995 9947
290 2085 8187
1089 1709 8462
2077 198 9136
1186 951 9546
1411 1324 9257
1764 1886 8333
2679 2652 9368
1038 1884 8594
2644 1147 8889
2121 1682 8075
779 1497 9141
1069 2187 9151
2037 718 8513
2585 1062 9561
615 2776 8390
2162 1732 9761
2406 781 8950
2430 1925 9707
2029 335 8411
1117 1061 8912
2026 2706 8029
1078 2981 9364
1249 561 9561
381 1736 8994
1346 1510 9607
226 2630 8196
