3000 2740 10000
0 264 2090
2999 1137 6354
2998 2154 9525
2997 2869 9579
2996 1107 5471
2995 1652 8135
2994 1693 3658
2993 2245 8675
2992 2789 6777
2991 1086 9259
2990 1981 7567
2989 182 4901
2988 193 2320
474 910 7547
2987 947 4713
2985 773 546
1290 853 4209
2984 2126 1976
2982 2979 5481
2981 2215 201
2287 2433 5481
2980 2065 8083
2978 1514 6921
2977 1504 2240
2976 2873 1667
2975 826 1670
2974 1947 8893
291 100 8446
2973 2798 8187
2971 2543 8972
2970 2916 7034
2506 1735 845
2969 2696 4810
2967 1219 8617
2966 1017 80
2965 39 7689
2964 214 4467
2963 1021 3824
2962 474 3707
2556 2277 6726
2961 2064 1574
2959 671 8473
2958 1119 7038
2957 199 8795
559 2336 8151
2956 1718 8480
2954 383 2411
2953 332 9721
1770 2266 8454
2952 1438 2460
2950 2991 9166
2949 2553 6803
1194 622 5732
2948 512 2481
2946 423 8811
301 156 8853
2945 17 2199
2943 672 8821
2942 813 6545
2941 2816 9841
2940 350 5153
2939 1062 679
2215 1053 2376
2938 19 9442
2936 1420 8903
2935 127 9376
2934 1705 7846
2933 1956 6879
2932 664 9939
1643 2615 6825
2931 210 4492
2929 930 6367
2928 130 5653
2839 259 3831
2927 1430 2274
2925 640 8952
2924 1033 628
2923 430 996
2922 203 4099
2921 1178 7657
981 852 2880
2920 2885 8186
2918 2712 9495
46 1234 8292
2917 790 2969
2915 1421 1192
2914 137 6650
2913 1056 7110
2912 1487 5266
2911 2899 546
2910 2 2910
2909 529 6856
2908 717 4515
2907 297 4102
2906 1165 5341
2905 653 7826
275 421 9627
2904 565 1682
1363 1926 2701
1278 1664 9805
1731 2424 8287
2902 2533 7212
2898 2314 1559
2897 152 6566
2896 182 6581
2895 1960 8673
2894 58 5466
2893 271 9532
2892 2026 8127
2891 2143 7289
2373 696 1113
2890 1080 6151
2888 126 3380
2887 2419 5249
2886 1632 7436
2885 2623 8393
2537 145 7028
2885 721 366
656 368 2314
2623 2383 4481
2383 2946 9493
2383 2611 5005
2885 1528 8168
2946 41 3799
729 154 1110
721 674 5714
2169 1049 2195
2623 2780 2974
2780 647 3420
2611 413 5980
674 251 2798
2780 1171 5038
41 2297 4014
2946 558 8719
2435 323 2771
41 1284 3752
2684 2321 5261
1171 1158 4714
85 2353 2888
2920 1005 3480
2383 859 7837
497 2587 6537
2885 433 6130
859 1861 1600
1008 781 9850
2780 2866 5385
433 1651 2986
1528 815 5076
413 2800 7933
674 2638 4433
815 1275 9894
1019 1893 5337
41 1950 2364
2612 377 8994
413 131 2558
433 1502 3612
413 2690 3121
777 2653 4277
413 1329 5767
1861 2503 9282
1158 612 9195
41 2442 7435
1230 1858 23
1158 2285 7170
2297 2665 7251
2766 518 2310
2460 1726 7039
612 2350 7353
2420 230 6187
2920 2057 4696
1950 2306 2457
2285 1346 5139
558 2093 150
423 2163 6293
815 682 7672
2800 1555 8007
647 1801 5369
2885 2771 6810
2442 183 1590
2058 836 8919
612 187 4697
1346 1703 2213
1528 1509 115
2611 1829 5518
1005 2880 851
433 1281 1329
1861 1180 1480
131 29 2431
187 2046 2866
2046 587 8675
1950 1314 7142
1181 1795 4051
647 97 5116
2442 1569 329
1153 1971 8820
433 989 7742
558 1543 1003
721 2972 4863
413 1717 2018
2765 2797 9839
674 1626 2834
1736 2423 6862
2920 2372 1632
962 847 2003
815 1828 3384
1509 1541 4800
2665 1979 9405
2327 1721 3207
1829 686 5839
433 995 8132
2289 2363 3076
677 2117 6538
2800 2900 400
870 2634 6641
1329 2988 4350
2946 1147 7509
13 1719 925
2988 466 8359
1308 2360 8181
819 2355 4311
1950 590 1699
586 2288 2874
2297 1883 3476
682 2427 3290
1950 249 7578
2503 209 1412
2690 1322 5987
915 959 4869
131 1779 3861
29 483 4866
946 614 9086
859 1929 2207
1528 2247 8900
2988 2539 9646
2866 20 8331
686 810 4863
1528 2293 2424
183 2835 9721
1727 411 4419
1322 1792 818
1883 1676 4025
1147 1633 7637
2885 1727 2134
647 2890 8163
587 817 7088
2372 2693 4293
1569 1614 5727
558 2509 3408
1603 442 6817
2046 1921 3187
2539 1294 8328
2503 942 7864
29 2421 2714
2866 2710 8847
2306 2636 5613
433 897 2843
97 2851 8990
2690 1142 897
2771 1103 7719
2690 841 3106
1676 2805 4456
1829 2461 4501
97 1575 8815
466 2436 4065
1142 393 9383
817 946 2340
1633 324 3487
113 168 1708
1142 1715 1678
209 978 3358
2427 2719 8982
2442 847 4665
1000 1984 7788
2504 1266 2707
1322 1394 3927
614 2038 1087
2690 1338 6244
1727 2379 9687
1779 2226 4308
978 1531 5731
2719 2391 5706
956 1 2375
233 2089 9879
2421 1417 5102
2442 139 5416
2306 2392 5540
2800 2228 8609
1284 2830 896
2835 1459 8060
614 1386 4956
393 760 1951
413 2683 5094
897 1800 3885
1614 1102 837
2306 996 2354
121 2449 2657
478 2897 1389
590 60 4502
1481 1099 1212
517 42 4050
814 727 4561
209 2404 9879
1717 407 8140
1717 2661 3099
393 1279 5070
2093 2068 8379
433 1578 7352
1459 2474 5138
1459 2034 5220
251 2322 5165
2306 631 7976
29 291 2751
1727 1617 7435
647 2020 9097
1861 2960 1288
702 2380 7910
1080 1046 5518
1921 742 4396
423 76 129
1899 2814 9491
1007 1215 8489
362 1600 566
974 1791 1973
1043 1358 8278
2862 2448 4042
1541 261 2533
2404 210 3231
1508 2335 8337
2093 2594 131
261 242 8445
1417 1761 1438
1883 223 6222
558 2892 1559
423 2464 8307
587 1310 7814
2068 1860 185
1794 2480 4826
996 1630 5943
158 1993 7339
2240 319 4177
1531 1104 181
847 287 3061
587 157 5585
2379 2261 2269
2379 354 5424
1346 2235 1259
1575 1065 1836
1080 2211 4391
1509 1636 3355
2503 671 3260
2693 1767 4910
29 224 6899
2594 551 7732
1857 806 8861
131 793 7843
2404 1525 5650
2293 1403 5920
733 1109 2527
1171 2576 6981
1779 1048 4416
2020 1524 8841
1573 2162 882
30 1937 1199
612 2351 3606
2359 2345 6448
2414 1873 9506
1636 1092 8405
1080 2112 5709
2038 2451 3136
2959 2515 8987
1525 2495 809
1229 500 9763
1801 1970 3959
551 2526 4050
267 2620 6015
1395 2054 57
1651 2393 6613
817 2200 2268
2771 1337 5818
445 1581 8429
2350 752 2914
1329 1584 7341
2297 395 9914
2503 461 6706
558 1302 5326
2503 951 4898
2034 1277 2223
1294 254 1275
2474 2019 5335
242 1064 1679
1633 2689 2416
2800 119 800
1329 1269 928
2851 2619 7922
2576 706 5582
2344 364 9339
682 1762 889
2093 2681 3519
209 2439 578
2681 2767 6445
1281 1944 1988
2163 1185 4201
131 2386 6829
2228 203 863
926 2159 9788
1322 1773 8557
2293 1309 9714
1703 2850 8973
251 2699 5335
1800 691 9084
2046 2818 4151
119 893 7099
209 504 3189
1294 503 9453
2647 84 2157
1970 1089 801
2451 654 8234
433 1738 519
2946 2243 3999
100 1273 7566
2474 938 6777
2404 2255 1934
1528 1540 4082
1779 675 5627
2260 1639 1559
1309 486 5532
2379 124 5186
1738 2989 6336
393 2575 7731
2960 1586 2073
1459 2122 3508
1294 2079 3478
2850 676 4121
2068 1138 9954
1044 444 4354
897 68 6129
2629 906 4712
311 2802 1842
804 2775 4507
60 279 3836
847 1039 4851
995 128 1118
1509 1187 3200
504 1841 4157
407 495 9487
893 347 7861
675 2065 1456
1506 832 1236
2001 1235 6906
139 1451 2090
859 2221 5266
2372 1862 7513
682 1662 2472
1848 2120 7379
2092 1420 848
1005 2389 7954
209 2300 3693
1277 1591 9400
1404 1796 4214
224 2208 9078
2885 2652 6240
306 1756 6807
612 2666 8351
1206 2826 7655
2299 2458 2992
2505 802 5273
1717 2655 5454
2515 2921 6690
183 2196 4451
407 740 7665
2221 2432 865
2079 1182 7060
1525 1254 8578
1142 1013 4970
675 1730 2907
2228 555 6099
2221 1149 3919
223 2018 5240
1703 929 2550
2046 170 5957
612 2559 1987
631 2344 3394
2526 945 7606
223 2199 7188
2421 1819 3743
40 2445 8961
2972 196 9599
1614 550 2324
2920 2005 2030
466 2917 9775
1142 1090 7857
929 1653 2810
2611 1097 7353
1685 2639 2441
157 1218 6142
2306 417 9640
483 1499 9244
946 2462 1554
1104 517 252
874 1202 8589
2767 643 3155
183 932 1201
2922 1095 5334
682 2856 729
1762 967 3290
2285 685 7423
2539 1892 993
565 77 9721
1394 1007 6151
1315 2374 455
1970 2197 365
946 2727 7520
1147 1020 2422
2389 2269 3441
1491 2523 6230
2710 73 3585
73 1922 282
891 2279 7366
2655 2726 9569
2306 899 5046
2323 1369 606
612 1962 2499
2337 1753 7455
1267 620 2600
1636 1638 7249
2865 539 6903
1039 1590 3410
1891 595 2867
41 784 4573
2880 420 9762
1039 1402 5650
1715 1438 6770
157 1222 6699
1314 2267 2689
691 2069 49
2689 1941 2316
1730 1733 2958
760 281 110
2629 56 3803
671 638 6742
1147 730 8410
411 2157 3399
1475 1871 9604
1987 2715 5544
2322 608 3878
2293 2328 683
2780 2187 4978
261 9 8833
2463 135 7987
1806 1037 1671
2383 370 9875
1773 1251 5902
2122 1031 3559
347 1358 2717
1185 1940 3629
2151 1900 3102
2350 2010 1298
503 1301 3995
1727 1072 8868
196 782 2387
1346 326 4946
1097 175 3831
2038 2680 7895
1676 292 4045
2611 2232 7266
2980 2140 6335
2297 746 7582
1080 441 1456
1080 1087 8532
2019 2105 3765
390 306 3927
2885 1234 3987
2103 47 101
558 1666 2741
2421 2721 6763
2065 1355 5326
2667 1427 6182
2931 2522 6567
261 1923 4567
1090 2761 1406
671 796 6607
1346 212 8730
942 2000 3762
2306 1049 8443
2787 1132 3990
1039 2155 769
1651 722 9585
2721 694 724
1215 1527 5987
2972 2371 2098
2917 1431 3462
2831 2889 5506
324 1379 7475
2386 1392 7115
2810 2056 3620
119 1100 1603
1584 1863 7536
1402 277 2529
1337 603 8318
1499 134 7852
395 1461 7667
1297 1535 2395
2464 218 999
2462 2320 7390
546 548 1569
375 2606 8862
1007 2059 8562
2275 346 3622
1294 2246 283
551 34 6892
938 1685 8571
1158 1332 1930
1923 731 9022
1089 380 6975
682 1344 6194
2322 958 9242
2200 1568 5463
1653 1965 6607
2169 662 4360
1451 473 7808
2972 577 3760
1103 1457 9643
196 1244 7095
2989 1573 7295
395 2901 8190
370 2711 8953
380 2444 4293
2105 2978 7980
2261 474 4587
2442 1191 2298
326 2769 9572
1715 2073 2480
504 1796 7584
1269 371 2351
2228 1740 8285
1590 1176 3215
1922 1646 195
354 873 2209
1144 527 1798
1582 1026 9417
1331 2838 3883
1338 592 8327
1717 127 7826
724 65 703
2931 2770 6344
1102 2574 3066
2350 1144 2556
671 2148 5022
692 93 6589
1531 122 5755
2169 2928 5305
1660 1833 8009
587 1003 3920
2935 573 1066
500 619 1274
2391 1384 1538
2522 2478 3645
2163 939 6190
1575 152 6745
2057 2516 4648
2328 2849 133
1618 644 5340
2928 1298 2353
2386 2801 5321
740 2121 8521
1046 195 7100
1309 1911 7863
1251 971 9866
152 1233 1221
1354 2745 886
42 1723 2228
2114 1126 8926
2187 2692 2016
1080 469 9259
152 637 2557
2267 400 9165
713 1567 4321
2382 1481 1743
1970 496 8896
2972 968 8435
1527 1359 1068
2018 908 8229
2495 1766 933
209 327 9657
2169 1739 1488
2478 2025 7574
1614 950 8943
254 1608 2453
587 2 5044
1180 1272 4140
124 822 7509
929 1413 591
2189 1050 1200
73 1345 4046
1344 1303 9432
2155 2500 3180
400 594 1022
100 947 2296
2770 2517 3118
401 2756 2679
2204 2061 1701
1431 1352 9632
1048 1729 155
2792 895 284
2093 1291 7198
1142 1952 1003
1883 1607 5126
2683 425 9480
2526 358 8177
1368 630 2994
695 2846 6257
2665 98 4930
97 2553 5021
2322 375 3266
287 2275 6466
550 1557 8435
1244 386 1897
2427 1998 6389
590 2607 911
1144 1349 8971
558 2290 5189
2738 2180 8546
682 1933 170
2639 424 428
2079 2364 2042
929 2662 9921
2 2103 5657
195 2795 8796
2690 1145 1150
1217 1865 2701
41 1869 6524
674 2965 6717
2290 530 8274
209 667 3855
643 2146 7102
2960 315 3553
1349 1850 7679
989 1205 4761
1767 1751 9917
2211 833 6598
2350 1367 9508
1531 2254 4255
212 189 539
2246 385 411
1586 2501 4659
2935 2797 7912
2610 525 7305
1379 734 9650
2795 1576 4474
385 1887 7417
2495 1121 8316
1952 1520 1002
2243 1155 8736
1869 82 2051
1118 735 4203
2341 871 3331
204 723 6684
1519 27 1122
1046 795 8747
1543 2361 2729
2427 1490 6860
971 2338 6368
2351 1081 1150
1180 1953 1441
182 1581 7130
2018 918 9098
152 1473 4069
1104 2017 3080
504 913 5673
180 2844 5642
1301 1016 6351
1403 293 2490
2859 521 6532
1586 1168 3889
590 415 8936
951 1135 3033
2330 457 9581
395 1179 7217
1302 1815 9822
587 2053 997
2059 1437 8121
2150 1126 1815
1309 2779 8191
1473 2679 7424
1046 2937 4546
1205 1127 2628
2805 53 4394
1222 765 9014
978 974 6108
897 1704 6998
2680 533 6600
2290 215 9722
1157 2718 8465
2690 2764 2651
1842 1208 6525
2105 2086 6205
2389 2724 8214
2638 202 4078
721 2475 768
1861 2595 1251
2162 1785 1613
152 2117 6727
2038 799 4892
2606 1596 7497
1064 923 2540
1490 812 2931
945 1961 8115
473 2895 9474
1638 1736 2501
1892 455 8312
722 2115 2389
2665 1323 2361
2449 2058 212
1215 2231 4870
947 12 409
1730 1226 1669
34 1992 6577
2652 597 72
1960 2096 5241
1385 1724 9509
2921 827 1037
2225 2333 4563
1158 1014 1826
847 5 6127
157 2752 3668
968 1934 7965
2801 1247 6139
1723 1718 7226
2462 1458 4421
1791 1290 2427
1629 1868 1173
2900 2686 9380
1384 1202 1688
347 2598 5065
2576 2599 4106
1933 228 6364
654 2030 9395
2293 2119 8061
1144 1835 622
533 952 1040
60 2663 1291
2000 1628 4675
2455 1612 5463
2956 1714 3281
643 565 4368
2598 1661 8553
2904 632 6473
1092 2660 3703
1773 2929 2079
1961 1690 8362
1338 79 8456
105 1877 2407
1614 1325 1956
2211 1564 5047
34 37 1130
2442 388 7155
2765 969 3741
958 2763 9128
1704 32 5932
374 198 5868
2256 2396 3735
1581 78 6044
873 1711 8681
2689 508 7692
2187 1913 4531
2196 2536 4435
2681 657 5752
908 2428 6054
1762 1901 5256
601 1784 2837
2761 2668 6382
671 540 9629
1121 2367 4938
2795 648 4153
691 1732 5743
2571 1811 1366
202 645 5940
2901 2627 6224
2115 519 6925
2351 2309 2302
1048 998 2440
2875 1259 5417
507 2265 1003
2946 491 2643
2692 1082 8183
1138 586 1980
2894 2106 5590
2386 1170 1622
29 2107 5887
2937 320 2246
1607 1765 7718
2652 1820 2174
734 1133 9621
676 2986 1777
1358 2650 1363
922 2234 5920
254 361 5067
2103 732 3839
2251 2207 7385
916 927 8873
2005 2824 402
2322 2095 8706
554 2782 480
447 436 9987
1911 1554 9088
54 858 8944
2226 2786 5423
1715 1613 6924
2835 982 2318
2361 1123 4340
2567 1442 7317
1711 2098 7306
1476 2488 4315
2764 2447 1591
2689 1032 9276
2465 774 2009
2030 1377 2681
910 2881 8435
2155 1945 4149
1182 1488 8205
964 2061 1699
799 405 6434
490 2177 5843
2830 6 1808
1269 2015 3704
2262 434 4511
47 567 5006
2404 909 675
1861 2589 2320
1945 2547 7375
2096 258 618
962 2700 6749
1016 2667 7256
2 2579 3891
2050 2858 8537
483 714 3603
2647 376 2428
1087 743 2015
2068 2378 3620
76 2376 6967
1884 1246 9250
1394 2412 1216
859 2865 8544
2721 875 7194
2641 1076 7878
2093 2403 5247
1273 931 5962
158 546 7762
983 2479 6432
946 898 5430
2200 1047 4869
393 301 3868
594 2342 1382
638 1237 6376
762 811 1761
1628 2802 9525
597 1728 7716
469 1396 756
291 163 3331
2960 2558 2525
2226 1063 4325
1762 160 688
998 849 5658
2317 1120 5288
1751 1055 1779
1887 1706 4913
856 1964 1725
31 2485 2518
469 823 9125
2389 2644 5578
1706 246 6669
2173 2588 9581
157 797 671
1302 1056 7677
739 1784 9723
79 2974 4709
885 2349 9027
1145 2172 6452
1703 1781 8369
2427 2715 7424
1273 1096 6826
1824 2528 116
224 902 6647
1815 1604 4338
2492 339 5617
2726 360 7299
969 142 6507
152 1305 6270
108 2120 1620
405 2540 7037
654 975 7793
2406 538 3990
1607 99 3975
527 1101 3628
425 2545 8129
380 2947 8867
432 1286 6802
1434 2397 2005
1196 2004 4588
1345 2070 3948
2475 2508 7156
2666 1826 5248
818 2762 5355
874 18 3132
1187 1926 695
1188 2696 3563
567 1383 3250
1384 1741 6662
1074 1587 1060
1014 698 7060
110 2384 2685
5 1904 3233
2123 439 7407
1281 2033 3267
1568 295 4988
2851 652 5899
1245 1930 1516
77 1701 6483
60 276 9219
1865 2674 4049
947 1605 5770
974 462 5269
614 2352 2816
1773 1505 920
212 1342 9405
2726 1401 3071
2639 1915 7861
208 1592 6095
2495 2976 911
2352 1033 5599
1644 389 5110
2000 16 1667
2540 2394 8808
2351 2497 1028
2866 2416 6684
337 1768 4450
2539 1516 6553
691 2406 9823
1482 267 5418
2611 453 2531
565 2263 506
1999 1152 9431
1962 101 7116
2574 2984 3426
1417 1529 7971
2849 153 6982
1952 1629 3935
2976 2336 598
1525 1216 7900
2937 1264 6064
407 2315 7036
77 1764 4498
2880 835 4876
2700 1759 5636
1642 1665 2630
1727 399 2421
914 1326 5351
2462 1648 3991
594 2490 6972
1727 2533 6926
2026 2858 1672
2704 2354 9461
2670 2333 3377
2644 1208 1965
732 2113 3867
1104 582 1053
1557 598 6961
215 986 3267
1588 1798 6443
2987 718 1175
608 2871 9895
2261 601 1948
371 2135 3142
2320 140 4290
1049 892 8526
550 1059 3354
2461 1735 7849
2790 2861 6292
612 770 7155
2371 1469 7383
1765 1239 1932
648 207 1345
2038 2546 1424
291 1470 6625
1646 2659 3881
1646 2118 4345
2516 1632 5936
2305 21 136
1706 467 8350
2960 2751 312
2127 2109 7913
1857 829 6030
2826 1341 5130
958 2325 1721
2683 1249 8086
2271 2431 579
795 813 3693
346 1755 6193
64 2789 4219
875 783 5824
1072 384 4067
2000 221 8713
2901 1566 8271
385 2278 5606
853 1214 7722
1727 2794 3171
1323 1682 7409
706 2622 7729
2553 1161 8831
221 2845 6117
2378 1812 6308
1301 1927 8195
236 1640 5388
1179 1696 3219
1459 1990 7262
385 2022 136
2198 2387 9164
909 367 7839
1344 670 1167
1009 2465 5428
654 1296 6453
1404 1846 6289
224 492 737
1342 116 9564
1821 412 5117
1634 219 4864
1301 2101 8311
632 2380 8744
1291 2781 6467
893 238 414
793 2560 5013
790 1925 503
2447 1125 4413
645 2688 1848
2928 581 101
2522 747 7423
2118 1471 7178
2786 59 120
1130 2316 4172
140 309 4211
875 546 9928
1350 1477 847
2280 1955 3407
202 143 2870
1403 331 707
492 460 807
2448 2480 929
755 11 9265
295 454 2824
2922 2746 1831
2522 1075 3480
1303 463 9382
2231 1683 7021
504 617 5104
899 239 3294
1970 1153 6531
982 2908 5338
2896 1501 1863
1446 2741 3959
2365 1339 4181
1101 745 4555
2428 2082 4811
249 2971 1966
2920 1996 2165
2264 45 8875
1339 2249 9851
765 2056 6568
1047 2355 1848
2920 2811 1570
1927 2733 7235
2462 2843 718
1019 719 9313
1728 785 5104
1614 381 7892
2103 1822 7117
548 1978 4165
1046 1810 3554
1531 43 6997
2802 440 8121
202 2839 8025
797 159 3264
2871 2561 9553
2942 1227 4444
455 838 7800
1249 2210 1113
752 1151 4770
486 2876 7008
621 848 8160
2328 2356 610
785 1536 2553
2113 452 5716
73 1622 959
152 1521 4050
2791 2753 9143
5 807 2065
2012 509 3842
1574 319 5292
573 2828 3335
503 1028 2076
666 2277 7664
603 2399 5730
2886 2597 7816
158 120 20
140 889 6663
2516 2742 4315
29 991 1980
119 26 5269
2546 1986 375
1123 888 6345
380 919 6971
2113 680 7268
2550 2292 8833
1751 858 1907
643 1480 4920
2336 470 7545
2199 144 4670
1998 2230 467
402 1533 9604
50 2326 666
279 1042 1059
2344 439 1819
144 1763 7193
2726 173 7958
415 1159 3449
2383 1067 4219
540 1894 5499
1014 62 7446
730 940 592
2811 2489 6692
1033 1972 6786
469 2203 4088
1882 2704 4169
41 488 4818
2805 269 4601
215 245 587
1402 2716 6515
2368 650 6505
2952 91 134
1367 114 4470
941 1018 4343
1275 1085 2537
558 544 7369
2412 626 7135
1202 294 9398
881 1671 6989
1007 2016 7172
1379 2819 8706
173 2241 8282
2020 1699 4772
1441 2051 835
2761 493 7193
1619 418 4699
2797 1867 1833
2650 2349 4822
742 17 5845
160 2440 514
54 2923 186
1490 132 7238
871 818 7104
2169 353 5266
2746 1199 8023
1215 1603 7927
2865 883 5044
212 2586 8314
54 262 103
2172 299 6004
2440 1465 4453
1555 1134 2986
1256 2195 4140
345 58 566
329 556 3915
950 265 1254
1996 1816 1544
1067 1721 9510
1929 2864 2198
299 2415 5228
2107 2997 4158
1785 933 3353
2508 2067 9861
295 769 5384
1650 264 6537
1784 2324 1727
1329 2525 1750
1569 2481 1209
1655 1942 9176
967 2860 4722
2829 1351 7150
835 2773 5388
2196 1368 393
463 1963 8875
363 1780 5471
405 505 6574
662 2072 100
779 576 2664
2356 2649 5343
2890 912 5186
1359 1120 1170
1443 529 306
878 2239 307
2692 1771 5462
989 724 2679
2828 1580 5528
1275 74 2595
349 1678 5270
2642 8 279
2118 2729 3323
2980 684 5168
657 2642 5244
978 2047 786
1944 511 8583
2534 737 8053
606 2035 8118
2834 2084 6236
1491 961 6714
1978 1162 7344
2026 872 7951
551 855 4316
1791 2654 4537
2005 1463 5657
1596 921 3402
2068 1899 1928
658 2158 1102
1128 24 5471
47 619 3767
946 232 5303
354 595 5327
2679 1775 879
2255 935 8512
1766 2460 1645
1796 348 5555
2721 1192 3298
446 2209 6711
2951 1467 8988
1337 2003 9407
785 112 4887
2082 103 9248
1214 1905 4315
182 475 2487
686 2722 6212
633 106 3379
1216 1677 7685
1242 828 7098
296 2609 5331
1841 236 7682
1986 1423 9948
2026 284 6338
2005 842 450
2908 2701 8708
2025 1073 4519
2103 365 7672
1555 404 3573
1158 1495 8792
2719 973 1620
1764 33 7904
481 2857 4489
1653 1813 3754
2579 1838 1648
1179 2879 3405
2300 876 1506
311 2032 4750
116 1197 4585
1781 2450 2837
567 1889 9979
859 2220 8006
2424 23 5910
2521 1753 3910
1244 237 5065
293 2004 9106
2243 1695 3231
301 1645 5524
1100 808 3195
2117 1611 9962
594 1410 1080
2832 373 2219
2119 1610 937
471 1631 8171
982 2532 3745
1352 1004 9079
940 1274 5776
2779 174 3072
236 761 6039
1945 2566 135
1349 1481 4726
2671 1888 5931
1033 369 5749
445 2743 9735
730 296 3526
2900 2039 9298
196 2358 2655
2105 1242 8388
2630 1983 3952
9 1818 1029
1178 1035 1168
909 621 6510
1427 1289 5753
454 1647 5661
223 1318 7786
1841 772 1190
1199 2738 4567
2799 1321 2199
1712 379 6753
2305 846 5755
2152 944 1988
430 536 4273
1433 1664 3559
555 1361 9087
1335 2565 7543
221 1494 3495
2150 2457 101
1454 216 7828
2659 2825 1343
2551 172 7907
98 1399 3316
1099 1641 4155
1604 2321 5310
1696 2479 682
119 2042 4708
2404 1793 548
2997 2944 5911
1135 1045 1785
1154 23 2882
1221 1659 3360
1399 2740 2863
430 2957 9173
889 1757 1214
2003 1157 9258
60 699 5721
1179 104 1800
99 1132 1747
29 1980 8836
1033 2171 476
1296 1667 9073
1707 831 374
1591 2628 907
1379 1221 669
1810 1261 3666
2811 2268 453
1714 1268 1840
2439 2735 4616
2654 2224 1731
1892 1797 9585
1730 2405 5068
1913 2487 8944
2372 957 2513
2378 1928 943
994 837 6726
1367 378 1687
2546 1737 4796
482 2840 6004
888 2544 3233
823 2817 4689
810 1258 3997
203 1609 9389
2880 1066 571
2503 549 1938
128 542 5465
1607 2875 9157
2689 943 9528
1345 1959 3593
430 323 5919
2160 588 8714
815 659 8138
1256 2554 366
2444 2472 4132
2927 80 6725
743 591 1370
1575 2276 7169
196 1698 1377
1993 2878 7732
2758 2329 1680
349 2898 2137
1833 1956 3295
294 1964 6615
1859 905 5430
1390 1362 693
1274 1228 1492
462 314 5453
281 1935 8447
1666 1466 8196
587 613 9767
827 2002 3506
1830 1019 76
1542 569 997
1171 2608 8819
2332 1532 8303
2700 2739 2440
1801 1602 9769
1239 1851 5621
1472 1435 5467
1846 123 8354
1190 2807 4527
1550 2759 6777
411 2165 9904
2845 1395 4254
1481 886 9049
1717 2772 4679
656 86 6383
320 88 6466
1123 23 7419
5 2219 1304
229 2484 57
1658 1025 9470
1114 1900 6957
1929 2593 5321
1536 2556 3466
2981 1907 9597
702 44 4465
281 2244 205
101 1018 4851
2719 623 604
556 896 5615
1470 727 1136
1471 2282 9779
613 2484 2219
522 2541 8728
240 2939 2554
386 213 8376
1400 1920 867
1185 520 3172
2509 758 3444
2083 2133 9298
1860 233 9337
2144 1909 5770
2351 406 6867
2456 451 5527
2902 2409 7135
201 636 1589
44 257 8925
630 563 3459
306 428 8432
354 561 67
189 744 8445
1919 2899 8216
2282 166 4755
81 2852 6477
1028 141 5887
782 1207 6683
2478 2377 9086
1611 1778 9833
2735 1406 8893
296 1547 3694
2775 780 2889
2802 1975 2821
395 1621 7156
233 1983 6108
2161 179 5545
2783 843 3393
2016 1167 6414
369 241 8729
2562 917 5671
2210 2708 2172
2015 2314 8892
2575 2829 2623
2834 2476 3784
469 456 9237
2380 1186 5610
876 2190 7591
495 1635 6056
130 1692 3139
52 2499 3211
245 1510 1889
1800 2656 3654
2372 1534 467
2754 1278 9866
2378 2064 4264
2479 1788 3185
893 2418 3752
520 1910 4500
1666 1914 6735
1123 510 1372
1137 270 3871
630 526 1236
2649 38 1782
1161 628 1074
1161 342 668
73 2792 8294
1532 1262 5358
2461 879 454
1248 2838 617
2254 1772 6559
2261 2725 3413
1120 787 8734
2407 1106 942
1725 427 1480
1218 690 6448
2231 627 413
1590 877 3511
1591 410 1567
960 825 7101
2976 1845 2041
1039 1388 6631
2509 115 8391
2742 447 5153
430 2227 7757
983 976 823
1351 273 2971
2474 611 5482
1881 2469 690
1607 1989 10000
1107 791 8740
1536 2854 8733
2267 1619 9370
1568 63 3648
1511 2853 8705
296 1444 117
1714 451 1257
68 57 312
1366 948 6548
2050 2530 320
2770 1550 9972
546 1903 3512
1516 1002 2812
1628 576 2272
2405 2151 9148
642 2613 2275
440 1537 1435
2760 449 1541
1962 713 1446
245 359 7431
974 763 8994
540 2457 2678
1820 1297 4639
2829 2446 7798
542 1491 3678
218 482 2156
2059 1497 2501
978 1734 8208
2150 1348 5666
2148 1705 6239
175 764 2222
430 1747 4726
1395 356 1301
430 2024 8576
1355 2918 29
1241 80 1782
1242 1542 7962
1292 28 6946
65 2369 7008
1295 809 2918
2511 689 3536
707 1924 4052
33 373 1731
2381 2178 9992
2543 216 6910
1337 2629 4074
1009 2511 3840
1470 2041 9883
2711 2175 5584
1682 1021 4244
461 190 8212
587 1324 2621
1850 2145 7296
2735 860 3126
2768 884 7319
492 48 1490
2416 2138 2966
2944 2179 9400
483 1299 2783
1636 1599 1209
675 340 6577
1926 1743 1449
771 2189 5006
1701 723 9327
34 1598 6691
1975 1217 9100
610 1311 8878
159 988 84
986 2037 7926
2508 49 3919
251 355 8118
827 1236 3214
1632 1681 3403
1515 1409 8834
578 2531 1968
2765 2006 249
2089 1994 4846
1367 851 2135
1234 985 7795
2019 1657 1328
2735 2142 843
296 2799 5031
2678 1823 1759
701 2549 9921
1444 3 159
1645 701 9063
761 864 5739
1512 524 1649
1400 333 8581
6 1837 6602
559 716 1514
1349 477 1270
2986 2677 1324
320 1173 5483
1698 191 3408
486 2353 5293
5 2504 6482
1386 1306 5828
1367 2590 4738
2475 1546 8981
1983 288 6920
445 1834 5141
1471 845 5285
842 534 6228
2241 600 7758
608 1615 4326
2377 2862 8523
2351 2648 2265
626 934 4800
2157 625 8219
1454 1968 2567
651 562 2876
1635 1672 7628
453 735 5387
1296 2218 4746
2459 1712 4318
1923 14 2356
1872 2184 89
1471 1128 4103
1609 552 3779
2277 1748 1418
175 1316 142
1244 1094 6804
282 2158 3498
817 2852 8244
2018 1015 2695
1296 1038 1663
357 51 5441
76 1378 1231
141 1183 9123
265 618 2792
1383 1439 3750
265 2467 7087
2068 165 6129
365 794 2535
970 1041 6980
1016 992 8606
2860 1462 9147
1314 1276 7498
1312 2626 7804
1503 1898 7795
1351 2340 3985
809 1195 6865
164 1493 2196
1638 250 1062
2668 2872 519
2792 2744 6458
2453 1675 6382
2864 1054 2166
1962 96 6202
1947 1353 6004
2606 2939 8450
2684 1930 619
2106 2514 9835
1145 568 1571
211 2702 2804
2208 52 245
897 408 6279
1015 2081 7536
2577 609 6707
1142 2682 2930
1425 391 7107
1690 2168 9245
967 307 7830
2291 834 9625
2003 2310 2174
2619 541 8871
359 2844 6019
200 374 970
2628 2815 7681
34 133 6835
284 1932 2409
2919 226 8988
2716 2307 760
2530 1824 9976
1187 36 3218
1588 1300 330
1004 2236 8003
496 2097 2190
1692 2507 1783
2278 2001 9979
2849 1285 4893
2165 1873 4934
1218 304 6929
1234 861 4692
2974 1376 7039
584 1091 7456
1102 726 4564
2675 2808 8258
1054 2803 2735
1721 2993 1354
2314 1181 6642
2435 1238 5477
1867 585 5867
1880 2304 3731
1932 2538 4397
1971 464 6294
2579 1577 5974
163 2841 5566
787 344 3676
764 2809 2102
23 2052 4128
1764 83 7309
1894 1644 2764
2350 2728 6643
1944 2441 7124
1269 984 9433
1944 1373 7493
930 655 9741
1740 2468 4912
1575 1902 3222
1998 1340 6531
2976 1422 3091
1232 642 7669
1812 111 414
2895 1172 4096
1147 1117 7487
2630 171 6347
1543 1811 1957
1277 319 1214
1862 188 3204
1257 2085 2515
1263 1985 7077
95 1478 6836
122 150 3120
2952 2125 9012
215 471 1858
2896 2417 7686
1546 2758 2767
2162 322 4666
1463 2909 3502
2828 1380 2699
1548 480 6433
2879 2031 8489
1944 2870 3024
747 2723 3691
1153 2102 461
1604 649 8980
2759 1665 5983
2412 1878 2457
2314 2311 9753
2672 1708 8843
2035 2512 8522
640 2141 3281
2153 1955 251
1615 268 5194
36 679 2807
190 363 9240
1590 2185 6167
252 1293 1273
533 1885 1694
72 2932 4033
551 1136 404
490 1843 7384
503 2212 6435
2049 629 3126
1653 1769 4735
684 949 4614
364 2284 2130
62 624 3621
1692 831 3543
1489 1331 8558
1323 2755 455
439 2110 8406
2361 1518 6257
1499 2581 1794
2273 1787 8382
149 2601 7896
1576 278 8954
491 1560 4893
2015 382 8738
1301 2455 257
2026 336 9693
2567 2673 2022
182 2313 1720
2370 2443 2753
2034 1908 50
221 1122 1303
1013 1787 122
2502 1552 8835
847 683 9881
1054 1263 3462
2079 2632 897
2869 2796 4217
1257 2366 1200
2306 2555 7987
2557 403 4805
1321 588 8631
576 2943 6872
2773 1847 4633
2657 1807 7354
1836 589 9284
1100 147 4061
1932 2732 2886
527 2396 1131
2559 960 6213
2103 102 3551
1573 607 2706
2636 673 37
1322 129 2369
1445 2385 5688
2549 431 501
1645 485 5892
248 543 8983
107 2994 491
1251 2578 8441
2881 1967 9532
1775 2192 4231
1056 4 2061
230 1896 9178
844 1496 8046
2784 1789 5007
1732 1074 3468
342 135 9189
171 2717 6136
2179 2562 7105
1092 1946 9247
2017 1419 260
1285 574 8905
2739 1689 2594
2228 2524 6941
1743 92 136
1383 1307 3326
671 2821 1008
1562 345 3363
2457 351 1644
1147 1143 6424
1505 285 9388
1851 391 4819
1120 2161 2047
1178 2191 4
386 1802 8877
691 310 1514
452 419 6178
2004 161 8812
321 1476 9392
2411 1691 8637
1026 2437 2543
2107 2510 8322
2145 1164 446
1714 2216 9209
1075 2217 802
281 944 4526
928 498 8433
1576 749 7680
1554 920 323
2564 2816 5714
2038 290 1366
744 2868 2209
1946 2045 5220
1993 1879 2811
2560 1212 5946
1263 1356 2523
1291 341 7652
1892 2100 608
1187 1477 9592
1305 1976 665
2508 884 8939
2455 2331 5239
1930 1839 3211
2193 2252 1588
1316 1280 7223
2575 2319 481
77 1336 7605
694 2485 505
1161 1371 241
1837 2777 4569
1725 2756 7282
2031 911 4666
1862 605 1942
248 863 3299
732 1974 3765
489 738 5128
1309 2529 3235
819 514 7041
1345 1973 4063
1993 1522 4470
1263 1942 3040
1301 1304 4963
1439 1240 7640
912 2363 824
2495 711 7901
597 2060 3673
1622 1382 2164
2006 1364 7152
735 55 8235
1285 2011 2919
1013 1210 1264
1376 547 5188
1646 1570 3541
2086 887 513
733 644 2795
1184 1328 5381
193 1313 21
705 2775 3740
2935 2419 2312
1001 2748 9915
1535 2111 4929
980 2362 2197
2490 1866 6280
1644 2624 8779
983 328 9563
858 2916 7530
1002 186 2278
996 1188 2267
1539 1982 2937
1323 1831 2498
2928 2482 9599
340 297 3930
2412 2941 9587
354 2658 2213
386 2400 7172
284 379 9998
2415 93 8518
877 1553 2980
2929 2147 3265
2639 688 619
1410 1131 688
1444 2975 7269
2014 2384 8376
1575 2600 972
1800 997 5105
750 2143 9230
1605 2634 1785
417 1663 5567
1574 869 2655
1899 2698 4880
1176 194 5202
1905 537 2830
2751 448 9243
2739 602 3908
2491 609 9052
1682 267 4216
147 1742 5149
1340 472 479
1192 2390 7595
152 1430 1571
2615 866 4760
1087 2842 8376
2717 1589 400
1138 1243 6443
2007 2687 5023
46 2071 5667
551 1083 2047
2934 1511 575
209 1169 5292
1670 1009 7500
1960 306 1900
1521 2132 80
2797 2625 4359
1205 1193 7719
666 2149 785
949 457 9192
1175 1091 9755
2304 1750 9754
2795 2573 3009
53 780 287
498 1750 667
866 178 3645
1850 2009 2782
808 1333 5904
2406 937 9750
2917 1600 2658
1123 1086 2680
2161 2301 8426
860 507 4658
943 1256 6527
30 2214 2087
1142 2705 4073
324 1068 1102
457 443 5132
1677 525 2438
2588 1601 7153
1102 1446 6919
1699 231 5216
2 955 934
390 2762 1736
1720 2174 8146
1443 661 4783
1054 1111 7763
2289 1937 6374
1704 1479 3655
1718 695 2793
2542 2023 8034
1247 1287 7281
1623 2591 3953
2595 1141 9649
1855 1912 4518
780 2012 6590
2340 1146 3673
849 1856 7431
1995 2983 6393
876 1563 3327
1304 272 5468
1140 2882 2975
594 1597 2472
2389 2788 4513
1074 2429 3196
1505 2339 4055
2726 227 7850
1145 1620 9898
2452 755 3434
2250 2804 5085
1011 2714 5206
309 10 3496
2568 1450 1015
1087 2697 2516
2206 2281 583
2232 1551 9733
2162 303 6412
1223 2925 7171
547 2633 9376
1285 2979 6444
1557 1549 2333
2084 398 8312
1423 2749 4818
1177 1029 9921
2717 1174 277
856 75 5294
795 1022 1151
1469 639 2524
1894 2426 1531
879 2587 8528
2489 1746 8096
2601 2670 4765
2211 589 2005
565 255 598
1078 1694 1269
470 394 1943
2667 2565 4651
2462 313 9167
1811 803 6264
157 1558 6893
2856 2194 1980
1862 506 7066
652 1440 5583
441 298 4518
2195 1969 5872
973 1319 5829
910 164 5607
2057 697 8978
884 2078 7811
1335 22 5380
436 2222 7396
2769 2013 3951
1336 125 3155
2342 830 3005
2768 1637 7687
119 2557 2454
2442 2951 2003
1301 792 1656
1215 987 6398
2889 1426 3682
1208 2433 7032
2969 839 6474
1531 2333 6374
2019 1999 4187
2009 305 274
1867 2798 4281
2487 1370 3505
2038 1030 4402
2246 1593 4458
669 518 3459
2214 1265 5751
1319 1456 3142
2343 225 8047
1983 113 5816
2683 1343 9940
2101 27 1526
2358 118 463
760 1832 3467
1165 2691 5946
1492 2164 9714
2263 1955 688
1584 1897 4616
1192 2176 97
743 2614 3686
2495 1559 4930
2922 178 5597
1980 2295 1693
413 480 404
2195 2531 8244
1945 338 6257
851 865 8270
409 1334 937
848 710 8807
437 2323 7122
2096 2443 8757
366 2496 3391
1920 789 5489
1951 1498 8500
485 2992 8515
1372 994 6192
311 2092 6061
391 545 1597
2208 184 2255
718 2156 6019
2400 2486 2024
167 1506 4489
470 759 1706
1250 786 8381
1264 2253 7561
1007 990 6934
157 768 5890
186 2494 478
877 1116 5620
2145 2075 334
2157 773 7141
823 712 835
2770 2044 8469
2102 2201 4566
671 266 4760
2573 2080 8038
2794 2291 3161
2125 766 9599
2742 2334 4819
2146 1616 8052
2208 891 6610
2724 1231 1328
1632 1381 6348
1937 2808 4608
2639 801 9117
1338 2790 7203
2917 751 2451
2104 1571 3921
2564 1895 2186
1249 1357 6454
693 1924 9775
2493 1023 9931
2160 2905 7794
1731 580 6779
2077 1777 9852
779 2449 3669
645 1112 1438
1831 2036 5765
2778 720 929
292 256 6628
874 521 3684
2742 2395 3530
1322 181 8134
423 2563 1077
1839 1110 8310
978 681 1950
2403 1061 773
2606 2994 996
2828 1538 3749
2698 325 99
1110 2167 680
1748 1939 7259
154 2422 2308
2717 2099 6328
2212 956 7749
1105 409 8204
2241 2182 6220
1321 557 4417
2394 2774 5880
2842 1424 5485
1844 1213 4461
112 1190 9935
2693 1071 7667
533 1253 8350
573 2375 1876
1590 1070 8069
2030 1687 3637
327 1890 862
949 2847 7827
1711 2720 1412
1323 2640 8537
1119 312 1141
765 1936 8986
1913 494 1428
2404 1916 3741
107 1108 4417
387 2833 2354
325 2206 5636
1089 1036 8035
245 1770 6088
1131 1230 2029
760 225 4844
2508 2604 5717
1224 1436 6268
1265 2233 2059
2664 2387 9374
1558 1079 9003
2463 198 3459
2595 570 8550
348 263 7272
1403 1225 5744
1228 2473 355
481 564 2965
932 146 4972
2053 1954 9114
498 206 8158
1080 2580 3788
1574 728 208
1809 2521 7528
477 138 9964
2863 1012 6624
2724 1203 5252
2171 634 8903
2350 2181 6428
578 2251 7321
692 1656 8291
2486 435 7522
2982 2028 3906
273 915 3621
1102 1483 256
1511 1447 8459
1654 1669 9712
93 2618 6283
1704 1211 8093
1866 593 3211
2187 1051 7375
1511 2930 4466
2503 0 2277
360 2303 2106
2670 1391 5994
2942 2205 9936
420 2676 1881
395 1752 9859
511 2915 2317
1890 753 2308
2557 663 3392
403 1023 3749
1423 1010 7922
1154 1057 3304
2973 2570 488
1330 1163 7625
156 2359 137
1227 2877 7610
1204 1058 7955
2471 1405 2506
2619 531 2335
2275 1418 295
136 2348 6736
2013 1758 6014
2701 707 5923
2661 1776 7445
1503 87 3016
2054 2408 4771
2937 1513 2336
2760 1857 5531
1266 2294 2751
2151 2884 4249
457 715 6791
1479 2357 4031
1125 800 1054
1439 1523 995
2858 438 15
222 479 547
95 560 5384
336 2139 8826
1301 2812 3252
1815 704 9013
1100 2669 9657
1263 2537 2087
2364 1844 5894
598 1184 4920
2211 2605 6182
1543 554 3011
2148 1189 5071
1482 2304 7078
861 1713 511
1544 2074 1841
2052 2518 9744
1176 1572 7049
2322 2346 2859
2414 2977 6147
170 282 1681
1368 604 8168
1353 720 3215
281 137 4129
14 596 2081
679 1209 5367
2409 900 7289
968 2283 4268
2003 515 9965
1612 964 9548
1887 2514 1252
571 1027 474
1678 1220 6514
1650 2981 5581
1290 372 4013
1061 2374 215
2890 1984 9089
2770 1400 1319
389 1317 4574
1880 2362 2212
1428 1450 4372
804 635 5503
2288 1754 4240
330 1115 9857
2063 217 2139
2404 1709 3466
66 754 9085
2277 2569 9481
2510 2592 6580
2378 2438 6625
2379 963 3378
2934 1374 6689
1696 528 2189
1383 334 3096
2069 172 3643
238 687 9098
360 1088 6166
1306 890 3047
496 2603 8647
2437 2170 2420
559 2635 9411
2227 427 6335
947 2647 9010
648 2076 9950
1838 840 3710
683 757 163
380 2085 5274
870 2407 1706
1062 824 1645
392 2402 8411
118 1389 470
2218 1326 7214
1156 2183 7321
1985 562 5494
619 1474 9426
819 1312 1732
932 243 39
229 615 7477
694 854 6894
2433 1673 6400
2966 1366 8182
450 1680 6400
1243 2130 1242
1349 979 6497
2791 1160 9709
2165 2731 8525
183 1958 9300
546 1508 2718
2248 61 1838
1441 1405 8063
1501 738 9601
1831 2541 6906
2365 756 7061
1039 136 7979
1713 222 5546
2827 857 703
2905 412 1795
426 1624 5191
1970 755 4784
739 230 7344
105 2141 2307
1383 1957 6603
334 927 9958
2710 1798 2364
70 308 5467
453 2520 8131
2940 2926 922
577 523 4635
2390 620 3536
1576 1804 8693
355 678 318
2475 1412 2655
2936 339 9178
470 302 8059
1096 1977 8103
364 1040 3251
1143 1803 7124
2961 1341 7317
1303 2585 2015
1520 1069 2908
2040 1139 6160
296 1708 1647
1600 465 3039
1985 820 7409
2765 2088 4744
1838 1886 4176
1218 1571 8372
415 2186 7625
2494 954 8330
1132 2737 4221
61 965 8343
177 2272 2873
578 2855 7826
311 1882 6474
1830 2637 5867
422 2398 5382
1751 397 5874
418 616 6433
1889 1702 7502
2645 965 105
1614 2471 504
1553 1271 4875
356 1385 970
2071 1093 1638
1266 2584 2499
2743 330 6733
927 650 6840
206 2542 9563
576 2040 7725
1008 2548 6489
1993 1166 3922
1056 1625 5333
1713 2237 4230
1305 1790 8348
116 1951 9569
187 2413 245
1697 1365 844
1502 2401 9295
661 1293 4407
1990 2613 7891
180 2806 6803
1083 2470 4885
1190 1282 5275
253 2754 868
2023 778 5975
2537 2823 9853
554 560 1812
1135 868 3200
586 584 3119
1953 1864 2685
278 665 3708
1438 2621 5177
2596 1544 1246
2273 1041 8809
2290 2760 2389
2049 556 7432
2501 1224 5815
1384 2189 273
190 1129 6784
2703 512 3940
166 553 5051
1178 1671 1676
2366 2272 105
681 2938 875
2085 1943 8772
1044 1354 5600
2633 862 5849
2040 1782 517
408 1058 3247
1683 999 3720
710 2337 2626
1984 700 5222
2726 1006 3746
708 1449 5521
926 1250 9055
1254 1579 8475
67 1680 8068
318 499 6944
1347 2617 6208
1421 1624 8074
1218 1270 7693
1769 2996 3745
1000 1150 9455
1494 208 1668
197 286 5162
2221 1833 7112
1962 2077 1144
525 1442 58
2992 2488 7826
867 1165 3905
2662 1594 374
731 1684 4850
414 2430 7951
2856 502 6448
2959 1722 7019
57 1507 4991
26 1148 1562
2826 1260 3005
1762 1034 2497
215 487 2096
1314 668 3273
800 2766 787
1243 476 5826
1256 2008 6245
2405 1744 4393
1133 1320 8525
819 936 8288
1123 1854 3021
2872 1416 4824
2943 513 3528
2041 1912 7042
1099 1623 7036
2855 368 7268
2971 572 4872
1400 94 3946
2379 1248 9210
1554 51 1167
2904 468 1407
1588 1814 3075
1107 260 9158
1833 636 3282
1888 1876 1426
677 2657 3954
2290 1468 1841
1273 220 6191
1046 1997 1496
722 1526 9333
7 2029 5225
1909 2292 6651
2947 192 6582
881 2055 2100
2822 1435 1
1895 2612 8448
1600 2734 4894
711 1688 3843
1053 1668 1174
1201 644 3762
1571 1288 350
1118 234 8382
2718 696 7393
60 89 1722
1632 2477 8900
197 1414 8062
1438 2027 6434
523 2213 8775
1083 629 4649
1559 2063 8315
2533 2318 4812
113 2602 3378
68 2116 4682
1345 2326 6485
772 609 6032
2920 1848 2716
2351 805 5462
2218 274 5929
591 2129 9492
215 332 3789
2100 2274 3704
82 2286 5206
2018 1339 2357
2852 1991 1466
2200 2083 9927
2276 2188 5117
1285 343 8061
2427 837 8875
2919 35 5659
579 2238 8500
2646 1506 5092
2130 2631 9705
2930 110 7221
1576 1859 7777
620 1397 3795
860 1710 9902
662 1783 1045
2178 1817 7896
1327 2445 6803
2050 2793 866
545 2124 4010
2090 904 9271
2643 2465 2872
344 244 6710
1543 2257 1218
2210 1981 6139
249 2535 5908
630 2458 9971
2154 211 7329
1281 1852 6452
2238 416 8550
790 106 5467
1537 2757 2163
2416 1252 9967
2786 2091 2223
702 1700 1353
2304 459 375
2094 2736 3922
1646 1649 80
535 2385 8349
2466 703 8644
2065 2695 6164
1905 1398 2693
1962 15 6531
2220 1194 8039
2500 1360 9026
1178 1876 4353
406 2820 2479
2750 148 1742
2076 484 7017
1755 966 874
742 882 1293
384 2166 6419
2936 383 4155
232 1450 3748
2867 214 5010
923 1037 9022
2814 1691 2924
1890 821 7657
1604 2784 9954
1972 575 4227
859 289 3090
1349 880 5524
2397 610 9036
762 2641 2821
2160 1198 4513
541 1156 2195
306 335 3882
2233 2512 6338
128 1679 2606
31 977 220
1011 2713 8126
1587 1366 6575
2963 2483 4301
2405 867 3707
2949 788 6784
2607 25 2387
1484 2137 9147
2157 566 8044
1254 1909 6687
2310 1411 6392
533 71 5027
2816 1375 4574
1722 1195 5344
128 1917 7105
389 1390 2337
2682 2748 9638
907 1817 8697
2968 1585 1442
302 429 9959
869 1606 766
2720 21 2896
322 2298 4841
2218 1455 5372
2264 1530 5082
2027 2804 7528
998 2312 6703
2581 1255 931
2357 2087 5150
588 741 4393
2410 1432 2201
2338 1561 9369
2366 2730 4505
1925 2264 7047
1404 1906 1315
400 2143 5843
1678 2258 8417
1380 1163 8254
2041 2747 945
1906 1464 6620
812 2502 5876
1143 1884 6077
310 579 375
1609 2127 2392
1596 162 5966
109 2422 2100
