3000 1806 1000
382 2424 5
233 335 916
603 308 951
1437 1105 562
1208 106 871
1315 1490 870
1120 1237 954
2036 579 270
2677 2067 176
933 976 545
235 84 306
517 2836 925
1793 932 602
31 1570 289
218 1119 196
2150 1135 348
1762 228 287
2878 2253 810
323 278 973
2901 1129 241
2450 946 777
2983 1663 946
2161 997 58
2493 2284 46
950 1014 408
2312 2818 167
2618 1327 26
822 2576 396
1123 753 382
1522 58 618
58 1432 156
1572 2443 121
293 2235 223
1448 2877 103
734 7 492
2255 2048 312
2056 1633 956
462 477 443
2300 2066 900
1336 170 18
337 319 813
2020 2684 122
52 846 359
1471 2969 134
2501 2778 452
782 767 18
2938 2192 335
1047 1998 261
2127 2391 843
1318 1232 924
2228 2758 692
739 790 546
2240 221 614
321 811 567
256 161 351
2854 2030 612
2147 1143 217
2807 2785 597
2323 1455 907
369 1144 696
1236 1800 214
2389 1436 874
2452 897 954
2481 1843 94
2207 691 423
1516 790 434
1313 1293 579
1228 966 121
2088 1470 585
289 1499 133
1366 361 776
2286 1020 553
2832 2933 225
797 2340 635
2456 1634 107
2475 226 854
2913 1456 949
775 888 195
1593 1579 432
419 142 430
978 1454 688
816 1242 54
2632 2819 312
1244 1509 242
888 2864 888
2171 2231 176
1828 330 252
2641 2005 483
1206 1029 481
2942 1252 273
1338 2277 147
712 1895 478
2808 1066 119
2863 1906 556
175 2977 8
794 1354 882
2130 2373 532
1710 1085 776
1037 1689 963
2976 1156 367
786 1806 641
103 1331 294
2402 1726 553
2679 2023 896
1986 1526 1000
995 2570 404
1807 479 242
1285 2304 420
2164 2766 224
1100 596 883
1314 2986 339
1693 435 21
987 1063 383
993 2362 357
1195 2689 118
1168 601 101
943 2604 750
478 1079 437
2923 1871 243
563 2952 597
631 1897 690
968 42 635
604 1539 785
1446 2865 831
2663 1099 769
1096 2156 223
844 2191 941
1234 881 40
1736 2871 254
727 1185 446
1705 2419 1000
1573 2516 374
126 884 983
1400 1942 567
614 701 130
1503 2437 527
2474 553 873
378 2281 756
2046 1559 30
2729 2791 982
267 2520 733
2866 1639 706
2386 786 695
1646 519 528
2750 1820 889
519 2158 173
1774 386 916
2715 996 262
2895 1672 612
277 2888 502
932 2667 384
1148 1921 136
12 2275 869
1910 82 367
2478 1250 331
358 1839 990
1212 593 381
1211 1510 150
1397 2812 398
456 1324 775
1768 958 503
1363 1313 350
1155 1247 560
1655 1967 280
1584 1951 710
1944 740 600
432 1340 346
728 2778 1
1460 500 65
749 171 776
781 1883 996
2818 2181 298
2775 2226 832
2498 1488 758
6 1624 949
2246 2081 929
113 14 425
2953 568 816
229 2474 151
299 2614 416
1067 630 378
2674 446 335
649 898 358
338 2085 974
451 2687 75
2070 1501 33
2279 492 662
1778 738 467
2031 2937 875
2757 116 188
345 1837 406
253 744 382
2875 1199 918
2583 2363 255
2539 831 461
767 381 227
537 1400 481
845 2006 299
506 6 245
972 2200 218
2547 29 122
2906 1220 313
1518 2828 721
1201 1366 243
1442 1679 271
989 1198 123
1553 2714 315
2676 1303 897
688 351 841
493 248 246
1009 2877 838
2499 1529 462
2284 2106 756
1044 2389 413
2183 2850 943
263 2172 384
2341 2521 839
1122 798 6
2879 203 731
1178 45 767
746 2127 521
354 2058 487
513 921 396
700 2324 190
1864 967 320
1861 2953 816
2074 2419 439
951 1111 404
2877 696 39
2529 2256 279
651 82 835
2826 2996 801
1791 2224 1000
1921 1041 265
491 1309 315
635 868 586
1817 1691 647
1161 940 450
605 1756 412
811 2859 3
2546 64 199
1914 2050 374
162 2326 492
2559 315 405
395 825 835
2479 1772 487
1956 373 909
758 1904 251
2564 1797 674
837 488 395
1711 2592 176
1730 621 562
361 1575 427
1223 2240 879
2277 329 725
2705 350 55
222 272 914
1978 2950 183
2297 412 999
685 2856 277
1954 570 834
223 1848 300
2482 605 636
1558 51 5
1665 468 899
204 2776 795
1270 2987 83
2661 572 733
2819 293 604
1350 1836 484
1912 2619 498
637 1586 713
2327 1311 325
967 1074 153
38 2774 584
1241 1392 488
2765 744 849
1634 1297 698
1949 227 188
1279 1036 597
1124 1691 351
1291 211 547
535 1963 458
1783 2225 143
1540 798 377
101 2900 499
2234 2382 26
1812 2026 73
2167 2351 688
2931 1779 849
1946 2905 684
2890 837 912
2275 2237 535
1296 15 144
526 1933 210
2306 1307 624
278 2110 567
890 2506 370
2027 355 617
2497 1364 416
2887 1430 82
766 2444 718
2612 2110 788
1038 566 326
1965 1271 470
1698 2840 679
2404 2130 320
48 1370 860
2483 2687 266
2350 896 261
488 1982 208
1767 528 906
2190 555 313
2822 1818 553
403 522 484
1561 1795 689
1358 1677 253
1194 1776 413
168 2170 259
2704 1333 184
259 1538 981
2307 78 86
2622 1244 321
264 238 931
898 2719 634
590 2561 292
1292 2536 325
1233 1267 91
2581 225 55
2813 2731 587
1370 1195 956
1628 2409 650
2124 251 164
2977 2640 347
387 1204 988
147 1386 342
819 1052 1
1272 1111 47
520 803 935
2492 140 603
1953 923 130
1921 1926 731
1509 565 964
1144 597 663
40 389 940
2849 381 136
270 141 557
1743 1716 205
639 2221 222
2516 2836 585
2372 303 524
2215 55 846
2959 218 122
2575 1305 965
1417 470 934
738 2656 217
2039 2295 353
1624 1335 163
2948 1615 575
2023 1664 853
203 2882 331
1919 2846 428
798 2596 160
2503 2671 192
195 2146 534
2236 1822 537
2204 2749 977
748 592 845
1109 1780 243
1134 56 182
2417 1406 783
1860 2195 193
1845 2293 138
1781 325 794
902 1938 70
2805 134 151
2301 2981 905
1171 2246 366
626 459 220
883 693 169
706 1829 197
1520 2944 50
1172 2421 258
1779 1913 692
1083 1413 13
2869 2815 45
568 939 289
2305 2592 291
88 2566 244
1634 1824 515
601 271 362
1939 459 935
1430 2152 779
1461 858 336
1970 1556 171
2660 952 194
44 2446 434
2083 1248 409
1439 1127 892
817 2259 788
1420 1930 47
1048 1784 450
2353 1376 384
2761 1546 803
1688 2735 534
697 2274 568
934 2922 734
209 2927 439
2355 1198 428
2116 1121 916
2068 648 281
416 2384 914
1934 2653 3
1396 319 616
2021 541 886
1547 1870 743
1200 2680 322
1483 620 400
2584 2898 979
2041 1304 89
2035 2602 869
472 2380 531
227 2688 966
1551 421 659
1652 2393 758
2720 498 834
1114 237 493
1071 1618 915
931 1387 999
2502 2736 746
1623 2193 183
2280 1808 701
2867 2624 231
2712 2633 907
47 2690 435
2064 2253 555
887 2829 150
1523 1170 196
231 924 427
50 2507 580
2447 2381 764
1407 843 33
640 1886 926
1823 159 944
1702 2006 701
1368 2144 568
291 2095 265
2772 921 589
1837 2757 556
274 2999 441
618 995 669
2902 577 836
213 1798 844
1129 1580 581
1797 2285 117
469 866 126
1733 1807 96
1351 143 285
1487 542 355
37 2957 912
1435 403 590
1821 1771 815
1176 1949 934
268 1532 936
1117 732 45
439 2404 416
882 753 278
1682 96 99
1716 1989 818
926 2586 368
851 1243 343
2868 2643 343
1676 1762 289
566 634 843
633 2397 729
589 1810 51
10 1601 478
2448 1741 879
2414 485 967
2747 2607 831
1181 1057 486
245 2265 274
1636 573 905
580 2635 313
2416 2837 682
1922 1757 254
1669 1167 527
2915 2188 994
1599 878 608
672 2209 253
2505 1465 324
1792 317 784
1678 2180 342
1627 87 849
2762 1286 585
1257 762 461
2930 1378 137
711 800 498
1541 2831 627
198 197 330
376 1609 296
2755 1576 805
250 647 493
1322 1251 198
2703 22 489
2178 2542 992
717 2885 641
2961 1152 603
1032 1407 409
2209 1089 436
579 947 118
1057 1983 1
1323 2279 937
59 208 982
91 1229 861
2511 343 61
1146 1067 231
1490 1587 365
2515 1642 302
1504 453 254
2212 2550 694
1049 2565 192
2468 742 818
81 1463 732
2038 2230 124
1765 2946 421
1581 385 709
2997 801 827
671 2587 534
1079 2977 679
443 1160 221
5 1614 104
956 470 946
1648 2043 169
1189 2667 893
1811 148 510
940 2893 513
1585 2603 641
1544 581 829
2118 325 272
1852 2338 78
1307 1192 7
1848 842 758
247 117 376
2076 305 354
975 2089 259
1364 66 962
2463 1941 30
2194 1511 839
448 2407 826
1282 787 152
2536 674 809
1379 2689 534
1275 2642 296
718 2595 299
695 10 257
199 2104 183
1634 70 823
2384 72 29
2524 1957 471
2727 2788 269
1303 2523 554
2782 1838 376
2121 962 852
795 1078 717
32 1581 576
1697 2973 162
1594 2078 360
2358 1452 335
2995 152 579
334 1791 997
262 100 612
227 2172 355
916 924 385
820 2835 79
406 1280 912
115 2571 863
2220 1649 562
2425 2667 754
353 527 837
1801 2690 264
328 2100 603
1306 2077 175
2797 1258 638
1488 480 704
2513 1039 431
2708 17 847
1016 123 259
2610 1239 19
2071 2713 47
1413 234 284
139 1328 878
310 447 849
7 960 385
227 371 125
800 1614 2
2650 2718 378
731 2826 346
2665 1953 490
2182 2362 822
1097 1885 527
683 2495 524
276 974 351
1555 1960 315
2657 1984 658
219 983 328
1515 2520 13
2636 1988 517
1405 1231 153
1707 2820 566
932 766 283
1496 2644 893
2763 2463 157
1552 2698 837
1685 36 216
2692 788 673
984 1625 72
1482 1981 134
2543 1863 239
2154 2184 122
1094 1048 512
2151 1126 733
22 2054 749
2917 2436 297
492 657 193
1608 76 221
339 2620 48
1999 209 667
2820 2004 995
2802 2009 123
477 1027 32
2746 2531 620
750 179 163
824 1873 873
2833 2226 155
2337 855 879
2385 678 611
116 1486 436
1894 151 600
1754 592 630
663 2553 671
340 1829 489
2266 1495 886
545 2743 965
524 2529 487
1421 1737 324
586 1401 619
949 2490 129
7 1283 643
1525 1656 282
2104 171 767
415 2049 452
1583 1827 119
2701 206 422
1719 597 243
941 1287 729
153 2029 962
2678 1082 278
476 2398 298
1576 1880 506
114 2717 522
836 266 575
474 888 238
1359 1560 511
1264 2243 78
2435 958 141
518 525 25
1288 1553 238
2588 1572 481
1136 2531 955
1170 1281 397
1344 670 120
2585 1149 263
1975 2136 914
1689 1724 793
1629 954 604
2193 2859 603
1963 1607 307
349 2343 312
1305 1224 883
2683 679 169
541 2713 8
2903 1117 163
2741 2821 504
41 718 824
1348 431 210
2025 2348 199
1329 800 307
1704 2113 959
192 1974 474
51 2730 565
1756 1759 650
197 2791 687
1611 1253 597
1638 590 717
2949 980 236
1112 1607 306
1873 2767 901
1345 455 590
1459 2523 491
2201 1345 910
1870 1853 828
1070 1714 184
521 875 792
1064 2597 312
351 2050 338
2793 1644 706
974 1746 624
2556 2694 430
1867 1942 106
1931 629 382
2248 302 977
1369 2129 755
508 2811 926
1905 2731 8
2062 575 28
2731 2911 137
1787 2170 728
300 761 807
908 1706 265
1564 821 422
93 913 702
1008 2803 925
411 487 159
2458 1514 64
132 90 63
2907 1676 808
1606 232 460
2662 1821 14
755 200 972
398 2843 451
1319 472 344
2384 2088 921
2509 2681 245
2706 1965 556
1779 500 209
1073 2313 991
1128 593 68
2419 2880 722
808 2180 85
284 1087 939
1026 937 329
1659 1368 341
2535 30 110
1941 1453 889
2520 540 816
1072 1982 323
2709 2629 212
1242 269 243
780 2780 472
1186 2143 873
1327 449 448
1796 2311 641
2635 2768 952
486 2467 637
2014 242 908
2052 2308 575
2884 2489 991
2299 1706 66
1941 1222 135
2313 428 182
2723 1142 210
1053 2090 316
2050 2368 833
94 917 38
2693 1898 513
236 1668 872
2348 854 984
2835 1426 386
246 2534 193
2195 899 633
2986 27 163
2742 2796 462
568 402 830
1966 2702 185
2967 2492 402
2926 631 817
708 924 750
325 265 890
2745 140 561
2457 2816 661
1174 598 270
2871 1428 538
1126 2174 180
2991 1667 637
841 2795 851
122 2135 449
945 297 108
1043 34 529
967 502 434
1086 185 365
2682 1531 706
1856 1296 638
2093 1103 782
607 1940 447
170 866 276
2105 62 638
2635 2594 60
296 2126 963
384 2948 815
2491 1772 236
681 2134 923
1216 2618 137
1869 2649 625
1354 2157 512
572 2868 167
157 2327 33
165 366 975
1891 1923 760
2263 1382 700
445 490 790
1403 877 907
1312 2433 26
1196 1520 997
1888 638 727
2269 138 851
2579 1500 924
120 1693 945
35 935 597
2184 2548 514
2192 727 764
2711 1857 374
1502 2552 18
1906 1879 232
1139 2084 671
849 1811 423
15 561 401
200 809 203
1643 749 82
661 1268 794
434 295 944
877 1981 541
937 1632 693
2209 2614 155
2409 1095 242
1763 445 662
1492 958 91
2397 2401 137
183 2947 643
2293 1709 181
1641 1999 538
2209 1440 515
1167 2540 638
2081 456 458
1260 861 905
2545 2179 796
872 138 25
1474 1238 497
1739 2793 635
2314 754 190
735 2432 36
46 156 683
1301 2883 331
399 1160 239
2449 2665 595
1246 610 625
658 2447 473
2659 181 609
2840 981 381
2256 544 579
2459 2182 194
773 2680 406
1991 2000 335
2186 2629 319
2440 1044 83
1441 485 764
360 1928 673
1524 2452 841
737 548 954
1419 1635 744
573 438 585
2268 2780 239
1586 463 283
312 2325 402
1992 1230 341
1149 341 205
1752 1961 329
365 2951 879
2002 2700 289
2149 2708 289
2496 268 516
2994 969 912
2603 2694 759
2550 404 927
1666 1595 287
18 2346 161
759 1132 248
260 430 597
2019 1868 76
562 2972 420
1780 1476 24
1023 2735 37
1933 2699 366
2098 2222 481
2533 905 452
2554 528 70
948 1361 668
2484 2899 925
740 1005 726
921 1708 498
2310 1203 118
1738 1699 801
884 1537 113
961 2483 947
1994 2720 928
827 1638 874
331 2927 277
283 2264 388
2455 742 868
1574 2273 142
1287 2219 716
2591 705 884
2648 2875 871
2860 894 392
2856 348 248
2951 2872 78
1974 2599 970
2847 1047 509
1399 2405 530
1872 684 216
2630 2301 177
911 1229 789
1077 150 601
627 1862 668
1782 2480 696
2979 1968 536
19 2337 876
2430 600 703
2716 1076 944
181 297 896
1851 2267 97
2221 706 923
2403 1990 88
1235 1650 194
1389 1443 302
1346 498 866
1777 1975 63
2568 166 172
955 1169 906
665 2318 892
666 1591 246
1798 1846 899
560 1299 506
2542 16 525
2308 2737 505
1472 982 548
1734 2744 773
67 2711 345
301 1104 863
1550 1868 365
1416 1097 808
2069 639 435
2904 1961 567
2112 2153 613
211 625 462
740 2539 907
2140 2729 43
940 1256 363
1125 886 846
281 910 598
1269 232 727
2143 196 579
2828 160 5
178 1653 204
2974 2879 53
608 497 567
2604 2422 732
1221 1560 290
2437 23 988
2253 1858 479
1239 233 375
1592 1945 112
435 578 460
2743 1597 455
164 287 194
881 2487 423
2978 603 968
732 2393 26
2099 1217 307
1159 1909 837
2645 2423 164
1066 1700 902
1209 850 670
49 1992 696
333 2799 312
2421 2125 589
2082 2696 576
1217 2302 892
1985 2123 736
1831 1382 633
1726 2347 703
446 194 152
2577 2540 133
2184 2166 831
891 2939 239
701 768 654
662 322 998
1706 2475 388
2015 1357 389
2330 2253 33
1339 2932 117
584 2934 372
2590 483 369
832 1505 873
61 1062 608
2177 2123 841
2842 1592 474
30 2027 869
2045 2631 878
1984 2143 688
2011 542 267
798 495 369
390 1813 263
582 1911 300
2877 571 93
215 326 200
2050 923 606
2008 2182 199
1927 2835 349
611 2832 226
1364 1800 125
1715 324 75
2881 2324 221
1897 224 661
1066 2227 204
1143 1040 453
632 741 697
2507 546 76
75 2494 993
1570 1710 89
733 1934 943
2429 2130 69
900 2899 794
1175 2644 807
1467 2804 817
1185 2289 231
992 2261 857
1937 232 218
1105 2628 222
847 2946 813
743 1504 350
532 1447 523
2388 173 328
715 1449 726
2113 2684 347
363 1527 524
973 550 968
309 1112 244
225 818 143
1859 241 806
161 516 750
433 1630 587
1779 2810 740
1240 1489 758
200 169 305
2398 1773 398
2375 1369 146
1149 2664 125
687 2079 553
1875 2257 700
2395 1696 992
2749 964 970
1163 2634 58
2532 2558 171
2743 826 90
793 1974 171
2587 1452 500
33 2148 519
1613 2061 205
904 2001 501
596 2141 490
367 1869 280
2936 2127 540
1019 1060 25
325 2742 963
1327 1100 223
1271 2400 395
62 535 576
1873 1054 816
566 2779 114
741 1406 864
2188 1278 887
1108 1466 852
163 2761 31
1045 2770 980
2415 2572 592
1635 1263 877
834 1821 251
2510 195 114
252 2254 714
1493 2094 217
322 2249 468
1533 69 204
2132 1219 368
116 2189 762
2980 804 90
1815 1590 317
2339 738 920
2788 1055 305
69 458 374
2187 1131 285
4 2935 500
150 2873 84
1987 2465 421
225 1825 845
2788 2848 696
2040 2854 85
2001 1893 337
2357 1632 109
332 240 972
599 1402 498
691 676 508
1488 2714 156
2600 2646 474
1121 2431 133
2096 2912 190
684 1320 982
1144 2981 443
1514 2617 467
2252 903 444
2085 2356 955
208 367 645
776 1375 802
1972 2582 976
22 2799 802
241 73 903
1242 2640 27
2958 1646 185
1731 2356 79
2044 2298 455
1408 1097 843
962 2366 217
1546 482 498
189 580 187
2566 442 325
397 570 163
553 391 46
551 1304 543
1630 2537 611
925 2094 522
453 243 204
2910 2494 820
63 2405 459
65 2285 500
1810 622 605
959 2127 709
1834 863 691
2267 415 84
187 599 565
2090 2916 570
2418 2260 380
2786 1017 193
1325 2155 42
319 2916 508
1022 2350 422
2232 2569 303
2809 543 353
638 2638 531
2785 2038 318
738 2280 564
1185 560 441
314 67 13
1065 584 393
1809 142 224
1003 559 92
1756 261 627
1908 361 268
74 592 766
325 1475 70
1577 1896 124
21 1280 839
1489 1936 8
2940 9 166
564 2335 482
440 2759 351
893 2870 6
2061 2007 147
1068 28 902
791 2988 826
466 37 631
829 2947 587
2287 973 426
2170 1557 188
1105 1674 473
1687 1151 468
1683 131 141
1780 2051 501
185 2584 541
1839 2218 473
2037 222 295
130 2139 778
2520 2584 730
2888 1237 784
2303 1819 44
1960 297 300
2296 137 604
2214 2547 472
1780 1468 9
2856 2708 975
2043 853 763
1121 1776 566
2837 707 710
1681 2453 109
1816 124 601
2244 2901 749
64 568 127
155 2235 137
1378 53 711
1130 280 274
2517 1835 255
587 1116 306
364 1559 542
1742 1574 816
863 1742 158
43 475 759
1498 1088 91
344 952 400
1716 1348 606
2026 745 410
2670 2210 562
2613 849 615
2929 1911 812
2343 1381 80
1129 112 729
2079 333 299
1274 1372 134
2558 673 684
2133 1605 778
1046 304 43
2530 2852 45
579 392 354
1463 2082 710
2619 2812 853
1173 1946 451
105 648 198
2089 2908 335
1928 1061 14
1729 2886 914
117 2681 68
2210 2806 380
408 507 547
2870 1535 353
652 2141 262
2999 1674 407
84 1421 363
2072 1626 486
538 2780 650
193 901 353
1568 891 549
2754 1696 605
1996 889 10
1098 368 649
459 927 379
835 1125 988
1333 2442 279
917 2424 108
421 825 373
2836 670 264
2313 2626 219
1513 879 241
2734 252 802
494 552 35
150 941 628
1519 815 194
1169 2361 530
118 2963 653
1485 2946 539
1052 2376 5
2381 399 370
636 1193 334
2713 145 924
2184 585 71
1374 2237 879
840 2370 804
1839 1735 974
307 2340 931
28 1388 450
2217 1276 502
1075 1141 76
944 879 592
1892 2055 213
2788 2237 990
1141 1114 802
566 2216 102
2623 2892 754
2034 1915 536
1748 1248 990
2639 1202 666
1466 409 284
2673 1796 853
2144 250 250
1412 1179 783
2032 1477 299
221 713 78
2937 2200 30
994 1376 294
725 1935 707
2494 2966 121
529 379 958
1375 170 416
555 2241 226
2332 450 236
2606 654 141
1745 1050 363
2592 2669 430
2853 1899 742
1327 1158 302
1410 1184 412
356 2606 790
1132 26 154
1959 1836 632
1151 2989 504
420 2339 411
2783 691 908
1309 2204 259
1056 1591 896
1671 134 65
1600 2822 171
453 2704 976
1104 2792 309
1118 1524 712
1101 578 559
655 179 22
2896 2823 499
2443 2969 531
1116 1516 792
2975 1021 55
954 290 511
151 678 662
1586 2181 178
1539 2646 121
1928 105 929
2635 987 383
1512 1493 442
1219 1849 343
373 1010 897
937 2820 926
102 1571 644
767 1304 125
1232 1721 906
237 807 817
2681 2776 536
2504 2245 773
669 2197 150
507 25 514
2290 856 714
997 2124 145
2469 948 449
1841 521 915
2340 2887 933
1076 2397 370
1353 2672 692
1434 2199 444
2108 2980 866
689 2203 68
2126 1723 671
2955 2851 278
417 772 365
2055 2457 561
205 1442 750
2129 1774 318
2230 576 327
499 2309 825
1014 2709 841
2436 588 702
548 644 81
2738 1948 950
2876 1658 955
952 2911 247
207 273 513
2865 2534 334
2317 1335 81
609 761 826
141 750 438
457 2010 104
1357 2353 852
426 83 198
744 691 415
255 508 666
2180 1554 380
777 699 693
20 354 584
2345 2554 123
2816 2349 364
124 2511 766
1149 338 315
383 1650 663
2000 965 435
1302 2473 263
111 730 618
1884 916 799
2438 1087 3
2180 1517 149
377 1917 938
1340 1918 643
1247 1341 177
1829 1343 719
1549 624 161
2453 2616 464
1290 870 560
1621 838 387
511 1718 574
2128 2097 344
2597 2874 879
1430 2940 42
2702 1360 405
2326 2173 242
90 2622 657
2960 2839 746
1036 518 413
2549 1978 792
2553 1217 446
668 129 165
1964 2384 514
1511 936 522
1106 1679 926
380 1464 30
2441 2363 277
742 564 47
465 1430 75
1423 2307 793
764 2658 700
1850 2675 707
2243 2083 992
848 1411 508
2886 486 619
1078 2607 709
2769 1830 198
2952 1502 7
2735 1769 665
2985 1090 640
1538 839 546
503 1977 713
1088 1008 177
2489 2359 735
1085 1621 574
108 2822 81
2460 1133 4
1085 2426 106
447 1903 807
1104 372 675
1140 629 189
174 1584 378
610 2454 745
2033 2272 495
2313 1749 589
1378 602 398
2239 976 290
901 2970 406
148 106 204
2001 2741 592
239 714 739
2672 1741 720
581 1652 96
2527 2525 810
2188 549 626
1716 557 351
1598 2856 624
2351 1684 722
2731 2336 840
2652 476 123
1528 1671 971
2700 2751 428
373 617 50
2680 988 573
875 1549 716
216 1225 154
1414 2973 355
1300 1878 426
865 2022 327
357 1450 289
910 1507 280
171 39 325
1542 586 915
1510 1799 987
2465 86 194
313 2164 210
2344 2600 846
802 752 760
78 2755 269
2964 347 815
1392 1536 362
555 1150 508
1151 924 107
2115 365 867
2552 2857 163
2525 595 13
2486 1192 275
1979 1571 259
2572 118 489
1179 1184 66
2211 628 568
977 1667 123
96 2895 787
2081 2716 491
327 1561 890
1254 1092 798
1251 496 159
2195 1427 280
2016 2662 45
1530 1943 879
200 1970 578
1873 2006 698
909 1510 472
1814 2108 49
612 2787 771
2525 1744 701
1981 2086 197
1590 1382 757
148 1746 412
1506 2727 190
1469 1096 425
1401 2555 967
1977 249 210
413 479 556
2135 1617 603
2653 979 921
935 1673 487
368 2518 965
146 2210 374
1295 942 82
1923 876 69
1968 2176 390
1025 1932 440
396 427 973
1925 2560 543
1484 2147 674
435 2442 269
1308 928 124
1169 2428 826
2153 2337 117
1028 2481 805
1757 1701 971
490 1362 13
2531 1916 343
1156 311 869
2100 384 558
1042 2599 493
388 1138 204
2471 830 262
1622 862 139
2804 1394 659
1455 577 752
1406 1740 874
2921 1862 204
2508 919 813
308 1912 589
774 1202 786
2271 2569 806
2091 494 395
2928 680 957
1531 1190 517
720 110 23
1855 2519 571
1373 1706 325
1258 926 267
1033 1585 387
1576 330 579
682 2258 203
874 2053 256
2407 1145 152
2092 406 380
110 2206 911
1144 1135 950
1995 2252 401
326 2408 250
1310 2462 191
2771 623 988
2199 452 395
1406 930 829
1307 57 79
1689 653 984
2367 1262 552
1494 1319 509
1347 1919 778
324 1152 712
158 207 691
770 765 770
2338 1326 42
2611 569 518
1162 1876 91
1780 2845 664
1215 2175 815
736 257 623
963 332 527
303 257 724
128 500 319
306 625 454
423 2223 295
1974 2965 337
134 286 228
915 18 423
471 339 8
2410 2493 358
2944 339 836
2748 2282 2
2024 46 781
702 366 802
641 2322 459
796 2470 25
2155 799 390
1406 1707 114
1728 310 291
2413 2954 866
1154 267 393
985 336 456
464 1214 290
690 2589 683
2304 180 914
1204 1770 402
2283 509 328
553 186 269
227 500 188
1915 49 863
2898 2208 922
2986 608 595
80 1760 437
1911 684 905
437 1519 710
2850 422 830
1284 2378 707
2222 938 908
2542 1263 128
76 2507 528
1882 886 627
1340 1973 101
1755 2943 772
2717 1846 982
654 126 534
104 2655 332
2732 1503 896
1649 950 520
1271 1543 890
2558 2574 524
2247 1603 176
2094 2191 745
1436 65 208
1445 318 999
410 2291 789
1758 2866 489
2627 1051 933
704 622 6
1104 450 382
2142 1551 919
519 2454 156
570 1925 927
1429 940 559
1349 1129 783
441 2659 417
1615 907 234
1677 1681 124
2972 2122 348
679 1501 414
1527 2654 500
2932 85 29
2756 2971 2
13 1479 317
240 822 227
2137 1457 708
2550 981 261
172 193 128
1131 1008 760
1289 1727 674
940 1473 870
895 1636 709
2144 358 280
2053 1952 600
645 2734 474
206 912 602
1509 1596 620
1974 99 1000
2889 1631 190
2328 1285 994
202 2031 115
1569 2800 775
136 2894 613
470 1532 665
1750 1633 778
1184 2145 502
825 623 389
107 941 665
664 1676 790
1243 2264 902
2789 433 346
2384 2911 94
716 1787 80
2265 677 973
2144 258 201
221 394 228
1571 810 86
2698 1656 748
1385 990 488
2835 1319 111
2561 1132 533
1725 2332 712
2827 1501 901
2169 523 872
1906 1266 63
1760 2599 420
1904 167 394
2862 802 850
1165 1497 383
1166 1330 864
803 2858 887
498 1224 238
1548 1674 219
1499 2801 207
418 1802 384
2764 1202 979
1277 1516 455
646 2420 217
2812 1418 988
29 1438 806
1943 1318 862
738 1483 792
2909 1747 311
1479 2390 878
2951 2892 556
2365 1735 754
1938 1009 466
1881 2753 393
2894 2949 580
2026 2824 323
1786 1622 952
2346 1625 910
374 2575 143
509 1051 962
1900 2563 176
273 2490 115
2690 530 840
2758 1821 115
2230 2187 610
2316 111 781
2184 2819 338
1387 2625 131
2541 567 617
1863 1910 418
1018 686 492
772 1220 341
1976 854 624
1521 868 161
1604 1657 524
407 2883 704
1615 1694 633
2631 845 185
2165 2777 18
2412 1363 46
2022 2013 956
2951 2225 560
643 601 574
489 2659 436
1647 1867 439
1376 986 426
1538 1722 407
2778 241 496
400 60 922
1712 591 290
1218 461 392
1840 467 736
2825 1273 474
583 192 269
2003 121 794
210 1259 101
2633 459 657
149 230 901
2205 2392 952
1092 1481 240
2250 2655 85
894 493 917
1579 2682 268
1847 304 482
1935 2138 635
1699 860 852
570 1067 57
864 726 962
1382 1420 919
2609 1769 214
621 2018 170
710 1093 756
326 2668 778
2129 664 923
1871 46 322
389 914 294
888 2646 354
1835 2308 17
2680 1510 98
1012 1249 396
2078 2460 976
2655 156 74
1957 1895 841
1466 723 340
1514 552 1
1231 1262 379
2075 1843 847
613 1588 494
2470 730 414
2175 433 955
2534 965 282
1103 135 990
425 698 283
1307 1059 670
1785 2269 790
2443 510 611
2899 1713 897
97 453 953
1392 1897 278
