3000 2804 32
620 1871 3001
1400 279 3000
891 2613 3000
1186 2861 3002
2470 2538 3001
1299 1891 3001
1650 2237 3002
1455 2256 3000
620 2674 3002
1548 2131 3000
601 2539 3001
856 1485 3000
471 2270 3001
2454 1760 3002
2587 1242 3001
1610 231 3002
527 2054 3001
2552 2729 3002
2194 2967 3002
112 23 3002
1688 1517 3002
2271 2930 3000
2714 2761 3000
1769 2791 3000
2142 540 3001
1423 279 3000
322 2572 3002
460 393 3002
101 2188 3002
624 1687 3001
146 501 3002
2029 1286 3001
2273 1538 3001
1926 1315 3001
879 1336 3002
2488 127 3000
979 1510 3002
1046 802 3001
1507 693 3000
982 1851 3001
1077 2410 3000
2138 2126 3001
1825 285 3002
1157 2979 3002
1864 215 3002
1466 179 3001
261 1606 3001
1884 1288 3002
2661 2819 3002
2045 2868 3000
1045 1025 3001
607 985 3001
1787 2684 3000
2254 694 3000
2689 2497 3001
2956 532 3001
1073 1584 3002
1662 1777 3000
1187 683 3002
1959 2509 3001
1863 1670 3001
2694 2300 3002
38 2292 3001
2159 119 3002
319 2438 3002
2620 1775 3001
1425 2333 3002
1206 1715 3001
2576 2733 3002
2615 2587 3002
896 1659 3001
2013 1818 3000
2222 454 3000
729 368 3002
790 1789 3002
558 402 3002
523 906 3000
2066 1733 3000
2230 2502 3001
1346 1536 3002
1555 2802 3001
436 2666 3000
294 2614 3002
752 1987 3001
773 862 3000
2841 1352 3000
2130 1970 3002
416 4 3001
2752 1444 3002
10 86 3001
2922 1759 3001
1507 1796 3001
550 137 3002
2335 2820 3001
2429 2374 3001
1892 857 3002
1638 1189 3002
1894 1829 3002
804 1823 3000
2983 1247 3000
1241 557 3001
118 18 3001
483 2588 3000
917 2397 3002
1808 1016 3001
278 400 3002
2070 1945 3002
2393 2842 3001
1614 2809 3002
363 2158 3001
2859 1437 3002
1019 1957 3000
550 2722 3001
1307 1600 3000
1477 2764 3002
101 2593 3001
1311 1692 3002
50 2464 3000
236 303 3000
1843 1093 3000
794 2788 3001
451 2035 3000
2900 2257 3000
989 1183 3001
636 325 3000
1425 1497 3001
2113 2963 3001
543 662 3001
336 1902 3000
796 678 3002
2084 1084 3001
183 2947 3002
2097 1956 3001
1841 301 3000
2935 392 3002
117 2871 3000
2852 2054 3000
1732 2189 3000
1761 2263 3002
1940 1151 3000
354 929 3001
339 1191 3000
898 610 3002
224 813 3000
1520 2059 3000
1756 1483 3001
2952 1708 3002
996 313 3000
1004 1699 3002
2545 1452 3001
2164 1955 3001
949 776 3001
1580 1686 3002
2277 1301 3002
1468 2746 3002
2906 2475 3001
2191 779 3000
392 2276 3001
980 2460 3001
131 2519 3002
47 248 3000
258 5 3001
2554 111 3002
97 964 3000
2369 1609 3001
1520 2154 3000
2959 768 3000
2129 1170 3002
2981 2069 3002
1743 1478 3002
990 935 3002
709 1381 3002
1694 2450 3002
2810 1182 3001
525 2597 3002
1906 1447 3000
856 941 3002
2083 1588 3002
2229 2357 3001
2039 2398 3000
1981 2456 3002
2339 1220 3002
203 2071 3002
838 845 3002
1930 1876 3000
1863 2284 3002
1118 871 3000
1076 413 3002
1671 2340 3002
1332 2883 3001
496 2441 3001
2517 837 3000
2007 2884 3002
1206 1284 3000
2704 320 3002
154 885 3001
1717 2526 3001
98 1177 3001
640 1117 3001
707 2208 3002
1498 1003 3001
474 995 3001
958 574 3000
2888 290 3002
816 2933 3001
106 211 3002
1962 2896 3002
1123 161 3001
2046 429 3001
1217 1268 3002
2308 1886 3001
2680 2770 3000
299 1533 3001
2768 1494 3001
1028 516 3001
879 1416 3001
833 174 3001
792 2181 3002
615 1024 3001
823 654 3000
954 2000 3000
1650 737 3000
2997 1604 3001
433 2112 3002
297 58 3001
1579 739 3001
1571 2798 3000
2573 28 3000
1150 1108 3002
1175 1345 3001
2878 546 3001
1788 2260 3000
1408 1414 3000
2597 943 3001
1632 377 3000
1334 446 3002
419 2596 3001
718 2306 3002
1608 2730 3000
1806 188 3000
379 2668 3001
2812 2927 3000
2939 2937 3001
2743 1193 3002
2029 1781 3002
1415 680 3000
2415 1943 3002
1663 260 3002
1339 948 3000
1201 2522 3001
2934 2422 3001
1847 1944 3002
2468 176 3001
2493 1514 3000
1317 742 3002
1704 1799 3000
2086 938 3000
2133 1756 3001
2409 1176 3002
1054 2028 3000
760 757 3001
561 609 3000
226 2330 3001
1564 2278 3002
2076 531 3001
516 437 3001
2429 606 3000
2787 2743 3001
1036 132 3002
232 2774 3001
497 2469 3001
2871 2533 3000
105 2500 3001
990 2391 3001
1643 1617 3002
1490 559 3001
1302 844 3002
423 1621 3002
1368 593 3002
1081 336 3002
2964 1845 3002
2173 783 3000
1996 2165 3000
1619 208 3001
2387 950 3002
147 288 3002
353 56 3000
1952 975 3000
1500 1952 3000
584 250 3001
258 2923 3002
227 1493 3002
1977 407 3002
1273 2839 3000
43 992 3000
2565 321 3001
53 1378 3002
2003 412 3000
1257 1931 3001
2328 1311 3000
51 1789 3000
1790 1319 3001
1693 2821 3002
444 202 3002
2769 579 3001
2832 608 3002
2042 1254 3000
355 649 3000
1527 1676 3001
2749 2306 3000
2525 1535 3000
87 2763 3002
2486 909 3000
2734 2916 3000
2957 2247 3001
2781 1937 3000
822 2300 3000
1656 1080 3002
2889 1764 3002
1980 2120 3000
830 588 3001
163 2350 3000
2551 102 3001
2412 2895 3001
1105 2113 3002
2266 2345 3000
230 2479 3002
370 1970 3000
2260 1101 3002
1034 300 3001
442 331 3000
1002 483 3001
2887 2513 3001
922 757 3002
326 1137 3002
454 424 3000
2118 490 3001
100 2432 3000
478 372 3000
2459 1402 3001
330 139 3002
1430 2046 3000
848 188 3002
671 364 3000
2419 160 3000
622 1786 3000
1577 2778 3000
2700 2044 3001
1757 625 3002
1531 2968 3000
2758 2392 3000
1020 2489 3002
1500 558 3002
291 1179 3002
83 604 3000
201 2427 3000
1924 2272 3001
27 464 3001
2099 2608 3001
2808 2839 3000
458 2407 3001
359 1142 3000
2824 2605 3000
2877 1914 3000
1745 381 3001
2087 998 3002
2211 1757 3000
1418 1083 3001
966 2725 3001
1124 1805 3002
2348 27 3002
2150 1127 3000
2988 1947 3002
1556 1158 3002
1190 284 3001
2077 528 3001
1596 2630 3002
2962 2495 3001
1735 1631 3000
633 2987 3001
1821 247 3000
16 2494 3002
2629 2227 3001
634 1460 3000
1427 348 3001
2937 2573 3000
575 2392 3000
611 1918 3002
497 1126 3002
1011 1259 3002
1755 2176 3001
2455 2571 3002
2210 2570 3001
432 1022 3002
1548 170 3002
890 1847 3000
2756 2718 3000
1822 901 3002
1229 1816 3001
842 1356 3002
1244 433 3000
1235 2789 3002
992 1210 3002
1262 1127 3000
302 1657 3000
2497 2483 3001
2872 1844 3002
871 288 3000
2699 2680 3002
2274 135 3001
2317 1060 3001
1877 215 3002
1657 2507 3002
1328 200 3001
2528 2617 3001
1216 252 3001
72 1684 3000
1602 1896 3001
1314 1467 3002
1791 2626 3000
2669 1306 3001
766 318 3002
2082 2091 3001
2965 1024 3002
150 1942 3000
470 2699 3000
2789 281 3000
996 12 3002
2758 2918 3001
330 1791 3001
1658 370 3002
161 613 3001
2269 2785 3001
1783 2836 3000
2246 2618 3001
2431 1569 3001
2479 1456 3000
2426 1277 3000
2404 2283 3002
1901 2851 3001
328 2750 3002
2368 124 3000
953 1632 3000
213 364 3000
2759 1348 3001
919 673 3001
502 26 3000
1981 863 3001
1355 2184 3002
968 626 3001
593 2690 3001
1823 382 3000
498 836 3000
2250 1382 3001
482 2929 3001
2089 1836 3000
1399 138 3001
8 2766 3002
1354 166 3000
1689 699 3002
1675 720 3002
1097 1668 3002
1636 2621 3001
2745 1035 3001
2616 1045 3000
1540 1373 3000
638 715 3002
2486 646 3000
292 65 3001
2505 2684 3000
274 1692 3001
1659 903 3001
1849 2936 3002
2356 116 3001
1271 1108 3002
1784 2074 3000
1670 2387 3000
476 1807 3002
544 414 3002
1731 631 3002
1177 158 3001
2179 2536 3001
1189 827 3002
2137 2805 3002
1824 2019 3002
2105 2205 3002
1492 11 3001
670 265 3000
2881 1639 3000
488 2341 3002
2765 656 3001
2514 2928 3000
1232 2705 3000
215 1662 3002
2575 2821 3002
199 1626 3002
2349 1299 3002
1255 700 3000
1082 873 3000
408 1874 3001
156 2776 3001
1986 450 3001
2795 2270 3000
1422 2318 3001
127 364 3001
1645 2568 3000
2864 1367 3001
66 2647 3000
2123 2086 3002
2613 2401 3001
2973 776 3001
589 747 3001
2812 1860 3002
1988 2116 3000
849 2762 3001
1521 948 3001
510 926 3001
2330 1050 3001
2591 1639 3000
1404 1759 3002
2627 865 3001
30 2269 3002
2147 1419 3002
180 1489 3002
1960 172 3001
1272 325 3002
1516 605 3001
2666 1990 3002
2084 601 3002
704 2381 3000
1818 2102 3000
2173 445 3000
1027 2168 3001
1948 2597 3001
404 277 3001
1789 333 3000
1593 2472 3002
2915 1992 3001
1763 228 3000
452 562 3000
3 371 3000
2958 1854 3002
1429 766 3001
2024 1132 3001
1474 2734 3000
431 2737 3001
1050 2018 3002
829 1253 3001
669 528 3002
1511 332 3002
346 1539 3001
1116 1668 3002
2714 2869 3002
77 711 3002
2901 44 3002
730 2073 3000
2228 2034 3002
214 342 3000
113 1707 3001
515 587 3001
816 2189 3002
1513 431 3001
1561 1047 3001
676 1923 3001
1350 348 3002
853 1086 3001
2829 505 3002
2010 2490 3002
1376 1728 3002
1227 1825 3002
87 2247 3000
1896 1711 3000
1515 340 3000
747 2834 3002
475 1313 3001
1048 2145 3000
2109 2177 3002
1085 1198 3001
769 2670 3000
897 2600 3001
1014 794 3000
930 2332 3000
1553 708 3000
933 2830 3002
2402 2285 3002
1874 867 3001
2994 1054 3001
554 718 3001
2308 365 3001
131 445 3000
2523 875 3002
1145 1111 3001
34 1008 3001
1385 1295 3002
1186 1387 3001
1224 678 3001
684 1774 3002
319 2609 3002
1770 282 3001
2623 1004 3001
2002 1017 3001
716 1318 3002
21 2380 3002
1322 243 3001
1984 599 3000
2003 1971 3002
2659 2902 3000
417 304 3002
1271 1406 3000
2946 1165 3002
727 2964 3000
1927 2314 3002
2177 2612 3002
2250 1005 3001
965 422 3001
1776 563 3002
2198 2546 3000
956 749 3002
266 1973 3001
440 2032 3002
384 2047 3000
80 1742 3001
2152 1285 3001
2659 2604 3001
1974 2996 3000
401 755 3001
128 2665 3002
179 1438 3002
434 2155 3000
2096 909 3000
1291 1175 3001
367 2346 3000
1278 1882 3001
1472 897 3001
1463 1888 3000
1900 2911 3000
2087 585 3002
627 2755 3002
2695 2390 3001
174 1878 3001
210 150 3002
1528 2114 3000
76 1013 3001
1040 241 3001
1827 1263 3002
140 2751 3001
196 677 3001
2757 1678 3001
2705 581 3000
2779 1231 3000
223 2981 3001
877 383 3000
2920 2561 3000
1265 651 3001
2538 1985 3002
1875 2183 3001
141 1817 3001
771 2361 3001
2171 654 3002
921 1138 3002
743 1246 3000
1505 731 3001
76 872 3002
678 2909 3000
2217 1655 3000
1612 99 3001
1364 140 3000
2457 1572 3001
2121 679 3002
676 549 3002
1250 2719 3002
384 1669 3000
1695 973 3000
372 279 3001
2473 2711 3002
1304 2100 3000
2546 1756 3000
1984 2195 3002
1664 2512 3000
1103 1803 3000
1347 2520 3002
1374 1827 3000
1253 14 3001
2578 123 3002
1735 1476 3002
2250 2079 3002
496 1839 3001
1040 2108 3002
1978 526 3001
2499 1726 3000
1652 2876 3001
535 1878 3000
1305 2215 3000
991 1290 3002
19 668 3000
1989 2477 3000
1526 2849 3000
689 2199 3001
703 302 3001
1181 741 3002
1218 2858 3000
2062 2398 3002
936 1975 3001
849 734 3001
2207 2093 3002
1929 1113 3001
1565 2948 3001
88 1989 3001
2734 864 3000
2912 1854 3000
1826 2337 3002
218 1767 3002
461 763 3001
1699 2863 3001
1589 1143 3002
396 439 3000
1524 1254 3000
338 1677 3001
1071 59 3002
1314 2830 3000
1383 157 3001
997 2256 3000
2288 1251 3001
911 148 3001
583 2486 3001
2566 2949 3001
650 1800 3000
294 138 3000
2068 1051 3000
1506 2548 3001
1373 2898 3001
2956 1666 3000
2538 1246 3000
962 2293 3002
1322 1742 3002
2438 656 3002
2943 2878 3002
1092 648 3001
2632 449 3000
519 1731 3001
2020 345 3001
1912 567 3000
1832 818 3002
1635 2678 3000
2726 706 3000
458 1229 3002
2307 1225 3002
329 2723 3000
1358 2098 3002
2422 65 3000
2332 864 3001
427 2882 3001
602 135 3000
2366 735 3002
983 1146 3002
2078 2409 3000
1134 496 3001
1794 2250 3000
882 964 3000
793 1026 3002
2446 2890 3002
1719 23 3002
1675 2775 3000
133 497 3002
2931 1729 3001
2104 62 3001
801 2336 3002
2255 1738 3000
2599 667 3002
2149 789 3000
2493 1279 3000
1458 669 3002
1053 458 3001
1578 2290 3000
1746 899 3000
2020 357 3001
2884 824 3001
608 335 3000
723 1010 3002
2831 2110 3001
2305 740 3002
2553 977 3001
1613 316 3002
2155 2374 3000
2883 681 3002
1512 1024 3002
595 560 3000
1031 1523 3002
746 1865 3002
2384 103 3000
2021 1169 3001
1819 1565 3002
2314 1528 3002
1240 2614 3001
348 332 3002
833 1335 3002
2796 786 3001
914 672 3001
2442 2955 3002
2224 946 3000
2482 155 3000
1326 1583 3000
2411 2921 3001
1208 881 3002
1152 2430 3000
1478 421 3002
2116 1836 3002
1961 846 3001
2957 993 3002
1526 60 3001
2377 1503 3000
2554 2517 3000
1682 2365 3001
932 323 3002
1179 2907 3000
1954 1050 3001
1838 690 3001
1491 2804 3001
1827 2696 3002
2111 2325 3001
1569 2180 3000
1711 2320 3002
1111 151 3000
2400 1440 3002
275 254 3002
1377 696 3002
2795 2784 3002
1913 2092 3001
2449 1209 3000
1695 420 3001
1007 2922 3001
40 2967 3000
1564 765 3001
1936 628 3001
2796 622 3000
237 2360 3001
1109 1866 3002
924 2440 3001
456 2186 3001
686 289 3000
1723 2403 3000
2512 2351 3001
2698 140 3001
1743 271 3000
1795 814 3000
1811 637 3000
24 2030 3000
2938 129 3001
1973 1509 3000
2977 1041 3001
1141 1348 3001
418 2322 3000
2279 1734 3001
970 1919 3002
488 1909 3001
1828 1674 3000
2161 2552 3001
2628 1525 3002
1737 807 3001
33 1592 3000
438 1728 3001
2383 2917 3001
1552 166 3000
509 1033 3001
2476 2852 3001
1648 1809 3000
1701 1551 3000
499 512 3002
2063 2326 3002
1852 257 3000
2636 188 3000
2862 704 3000
2373 158 3001
1362 191 3001
56 2248 3000
2521 2219 3002
2815 2632 3002
1166 756 3000
67 88 3002
1709 932 3000
1178 2993 3000
1838 2560 3001
1059 849 3000
17 770 3000
314 2210 3002
1331 1866 3000
659 831 3001
1563 1830 3002
466 1018 3002
2400 2354 3001
394 2088 3002
1636 2066 3002
418 458 3000
68 1235 3002
847 1567 3001
307 771 3002
2236 1395 3001
1182 2950 3001
775 2094 3001
1764 936 3000
2141 2728 3002
1454 389 3002
1674 1119 3001
688 229 3001
1627 72 3000
763 2553 3001
301 566 3001
1673 1706 3001
2563 160 3000
464 947 3001
1676 667 3000
2140 957 3001
63 2357 3001
234 93 3002
2783 1588 3000
144 870 3001
96 2574 3002
1427 1892 3000
1252 2175 3001
1192 1581 3002
962 91 3001
351 1943 3000
1125 756 3001
840 2977 3000
2151 1218 3000
1393 2928 3002
2969 953 3000
2211 1465 3001
1093 779 3001
2235 2013 3001
2674 1950 3000
2165 1095 3000
564 1345 3000
1139 2447 3002
879 1371 3000
1740 1850 3001
1993 334 3000
952 1307 3000
522 2216 3001
913 1461 3002
2267 548 3002
1848 1179 3001
190 2697 3001
1907 1815 3000
942 302 3000
2254 737 3002
1969 2794 3002
2984 2903 3001
273 298 3001
1547 36 3002
2466 1544 3002
2022 1233 3001
2011 1059 3001
821 1008 3000
2650 1251 3002
189 2701 3000
1655 1005 3000
2880 2999 3000
175 269 3001
2945 536 3002
2343 254 3002
1071 876 3001
605 2060 3001
1898 2128 3000
1837 2737 3000
193 2076 3002
2188 2313 3000
1601 2636 3001
643 347 3001
1405 1255 3001
2656 2973 3002
1883 1683 3002
2433 2645 3002
473 79 3001
2213 1708 3001
665 1832 3000
713 472 3001
2381 1481 3002
2040 1038 3002
2986 481 3002
1904 1259 3001
2508 1615 3002
1802 2637 3001
1379 2376 3000
1596 565 3000
1972 1664 3002
1203 2031 3001
1337 780 3000
1886 115 3002
761 2196 3001
1012 207 3000
1901 1502 3000
2966 895 3002
1453 1096 3002
1736 2291 3002
2160 2048 3001
78 2012 3000
375 642 3000
2643 590 3002
1955 2382 3001
2468 2004 3002
165 1473 3002
2634 2682 3001
2531 2241 3001
1820 2190 3001
114 2541 3002
1515 2958 3000
1782 195 3000
1394 2874 3002
1026 489 3000
717 2050 3001
2164 173 3001
1194 256 3001
2771 2048 3002
2446 2668 3000
2081 79 3000
2080 187 3001
2962 2897 3000
2400 883 3001
592 276 3001
1033 2627 3000
2837 2424 3000
129 2105 3000
652 348 3000
1457 2103 3002
373 349 3001
1866 2091 3001
1003 1760 3000
280 214 3001
2583 1006 3002
1135 2845 3001
2840 1616 3002
1063 2666 3001
1508 2679 3001
2516 2657 3001
223 1801 3000
209 1045 3000
1457 309 3002
2962 2938 3002
1099 405 3002
1140 1068 3000
2692 1406 3000
2319 1887 3000
2633 1542 3000
1234 2453 3002
1797 1534 3000
1234 1522 3000
2378 2364 3002
657 1461 3001
912 2425 3001
128 1236 3001
1534 2170 3002
1090 2366 3000
1550 1344 3001
2947 1120 3000
448 2163 3001
19 1492 3001
435 611 3002
927 1342 3002
2664 725 3002
1545 1215 3001
2336 927 3002
1347 211 3001
1116 1995 3002
2389 2310 3001
1761 372 3002
1663 881 3001
1658 814 3001
1172 484 3001
1379 2197 3000
1089 2556 3001
1169 556 3001
1043 1331 3002
1409 253 3002
1171 326 3002
1993 1014 3001
1140 203 3001
1293 1939 3000
2924 1324 3000
1576 2713 3000
1625 2117 3001
2741 1700 3001
2602 574 3000
1580 1623 3002
2363 1148 3002
1323 2867 3001
632 275 3000
1679 1518 3002
2414 2005 3002
633 1582 3002
721 2974 3002
130 1039 3000
486 2649 3002
1646 576 3001
807 2232 3001
2421 1875 3000
1879 1094 3002
1238 192 3002
2721 1889 3000
915 2657 3000
1573 1396 3001
2249 1388 3000
905 2309 3000
1207 2998 3002
1391 1155 3000
2196 1115 3002
1949 979 3000
2872 2684 3002
1195 1870 3001
602 2512 3002
482 50 3002
2567 1326 3001
1899 1457 3000
851 2549 3001
1479 2578 3000
2622 1049 3001
61 1532 3002
1720 223 3001
151 2973 3002
2564 1432 3002
2452 1230 3000
712 1016 3002
1453 2679 3000
174 784 3000
1645 1306 3002
2954 2052 3002
2518 900 3002
1098 1546 3001
1026 1082 3001
2312 1112 3002
2663 798 3001
479 1598 3001
2441 2902 3000
538 963 3001
2589 1296 3000
2267 649 3002
2352 2315 3002
1768 1488 3000
1077 100 3002
1683 327 3000
1309 1389 3001
838 1312 3002
1246 601 3000
889 286 3000
1462 1098 3000
1181 2489 3001
775 758 3001
1905 1834 3000
71 166 3000
569 1471 3000
2334 2826 3001
34 199 3000
2535 2122 3000
2555 1360 3002
2715 63 3000
1759 2978 3000
296 2781 3001
2258 407 3000
981 2325 3001
584 1091 3002
1880 2093 3002
1031 1005 3000
929 2180 3001
1152 2051 3001
1424 530 3000
1717 197 3000
1248 1398 3001
1436 374 3001
1160 2170 3002
2885 481 3000
1945 2854 3000
1168 2959 3001
805 45 3002
2683 1755 3001
2276 1917 3000
2221 177 3000
1170 253 3002
1867 1073 3002
1334 1007 3001
2240 2353 3002
2334 329 3002
2451 1855 3001
520 1067 3001
1748 2824 3000
2961 495 3001
493 2608 3000
972 506 3002
2039 1549 3002
2227 2064 3001
596 2926 3000
2703 1051 3001
1476 1645 3002
2495 1029 3000
945 2675 3001
2978 2495 3000
1990 2484 3001
860 2446 3000
1501 1136 3000
2511 2735 3000
1652 1385 3002
1396 1813 3002
1558 463 3002
744 1375 3001
2238 1075 3000
2437 2261 3000
1451 548 3001
1395 352 3000
2664 921 3002
2860 469 3002
2290 1194 3000
2303 2227 3002
809 503 3000
2397 1072 3002
1226 545 3001
1943 2138 3000
343 2907 3002
110 994 3001
2930 1361 3001
2639 182 3000
25 2420 3002
1051 1686 3002
1719 538 3000
1754 2038 3002
1967 2192 3002
2049 1198 3001
459 751 3001
2336 1200 3000
2094 696 3000
920 2598 3001
2917 1392 3002
2458 1517 3001
1298 2271 3002
2131 2913 3002
362 557 3000
2035 2617 3001
1344 850 3000
2877 1530 3002
685 2297 3002
109 898 3001
36 557 3001
928 591 3000
2148 1475 3002
1219 960 3001
404 1783 3000
2178 2541 3001
169 1410 3002
706 200 3002
2135 2439 3002
1840 650 3001
2838 1100 3000
992 2852 3001
57 2736 3001
961 1982 3001
2182 900 3000
1925 1922 3002
219 2001 3000
635 20 3001
1357 2124 3002
1859 2000 3000
912 204 3002
145 666 3001
2717 487 3000
2483 2905 3001
1903 1390 3002
499 52 3000
2299 2025 3001
961 2820 3000
2625 2123 3000
1156 164 3000
1857 453 3000
1680 2253 3001
1566 1687 3001
1280 1497 3001
988 39 3002
1611 1071 3000
29 592 3001
1009 378 3000
966 2818 3002
899 2980 3000
1114 2779 3002
1139 1826 3001
570 387 3000
341 2240 3002
586 2942 3002
1495 866 3001
672 1154 3002
2141 1498 3000
305 2455 3000
2016 2498 3000
2426 2750 3001
2953 1997 3000
2811 2813 3001
1693 2595 3000
450 884 3000
2041 1023 3002
2701 723 3000
2174 2027 3001
1723 2559 3001
2311 2125 3001
268 2641 3001
13 201 3002
1074 1650 3002
925 2565 3001
2370 2338 3000
465 2941 3000
1128 1762 3000
539 406 3002
256 2642 3002
198 1340 3001
1442 1390 3002
1237 637 3001
2358 1994 3000
210 740 3002
2910 2128 3000
224 53 3002
691 2856 3000
2643 2251 3000
836 2149 3000
114 2530 3002
2303 738 3001
2702 1242 3000
2786 22 3000
1022 2681 3000
521 81 3001
1319 2638 3002
1894 951 3002
177 2285 3002
587 231 3000
2327 1887 3000
2555 94 3001
2301 1634 3000
820 2454 3002
96 1946 3002
1882 1015 3000
986 1978 3002
1276 1798 3001
316 250 3000
2730 2716 3001
1226 839 3000
1484 1274 3002
1590 2384 3000
1212 717 3000
529 1436 3001
240 246 3001
1499 2643 3002
511 1185 3001
2467 1062 3002
184 272 3000
2202 1178 3000
1648 2277 3001
714 638 3000
1974 1561 3001
2671 216 3000
2435 2453 3001
785 1793 3000
969 1659 3000
2137 1911 3002
415 2417 3001
2672 2204 3001
493 1600 3002
506 1414 3000
1264 2393 3002
1872 1999 3001
1425 1222 3000
661 1336 3002
2891 395 3001
930 2547 3000
1699 2869 3002
822 1562 3002
1482 2323 3001
424 2611 3002
2566 907 3002
1365 1590 3000
2914 1614 3000
1141 2173 3001
2979 2727 3002
2056 807 3001
2289 578 3000
553 1980 3001
1023 1558 3000
1542 2813 3001
2430 477 3002
1725 153 3001
1733 1707 3001
26 663 3002
869 2340 3002
653 208 3001
795 2946 3001
229 1464 3002
1929 772 3002
2935 620 3001
888 85 3000
2106 283 3001
1622 1106 3002
1087 1483 3000
282 186 3001
1668 2510 3000
1859 310 3001
2646 2473 3002
216 1441 3000
397 563 3000
655 1680 3002
2887 2029 3001
998 2874 3001
1208 2624 3001
1753 2712 3001
280 2881 3000
2190 931 3001
2133 2350 3001
1260 1303 3002
1159 1957 3002
1687 479 3002
2678 1991 3000
108 887 3001
701 1959 3002
2590 90 3001
2132 136 3001
2596 2649 3000
297 2287 3000
1469 2929 3000
469 1253 3000
308 268 3000
1558 31 3002
1131 877 3002
1665 1424 3001
1557 2418 3001
1329 1126 3002
2545 1987 3002
2534 390 3002
1897 157 3002
1449 2932 3000
350 2893 3002
2975 716 3001
2874 2839 3002
201 353 3000
7 2026 3001
2509 2467 3002
1349 2530 3000
74 2410 3000
1252 2748 3002
2475 689 3000
1698 1373 3000
1538 1042 3002
453 1243 3000
2651 168 3001
2053 2790 3000
17 1131 3001
1382 1272 3001
702 1697 3001
2339 2193 3001
456 87 3002
2393 1804 3001
614 1968 3001
1219 1069 3000
28 790 3002
461 1881 3000
2103 1283 3000
815 1961 3002
2670 8 3001
1278 1058 3001
2052 1745 3001
1965 295 3001
1366 1894 3001
2944 2873 3001
2904 1429 3002
931 1295 3000
2742 697 3002
978 2634 3002
2254 358 3000
851 217 3001
2145 1216 3000
2654 1653 3001
425 1935 3002
1871 2617 3001
1197 1426 3000
65 767 3002
2083 940 3002
2503 399 3001
2562 2300 3002
2108 919 3001
2381 2915 3002
1753 2185 3001
2895 75 3001
375 304 3001
2825 2805 3000
810 1462 3002
2480 2853 3002
2649 1034 3001
1861 2727 3000
2103 1734 3000
459 2886 3001
683 2359 3001
2241 1633 3001
2167 2106 3002
715 2803 3001
263 1186 3001
2002 1407 3000
1161 959 3000
530 2494 3001
1174 616 3002
2565 1961 3000
2286 2772 3001
855 1169 3001
1249 2375 3000
1908 729 3002
2870 215 3001
2589 2693 3002
1411 67 3002
2136 2940 3001
46 1173 3002
847 2313 3002
1870 2186 3002
2893 2275 3000
1167 150 3002
159 1044 3000
2095 2181 3001
1900 2036 3002
2729 1979 3001
1185 1452 3000
2776 1428 3002
660 545 3000
2490 766 3002
582 842 3001
1011 1461 3000
2451 824 3002
804 1993 3001
749 1075 3000
1767 132 3002
1384 1071 3000
2668 2252 3000
2314 1262 3002
1746 1594 3000
2262 2775 3002
1744 1413 3000
1088 2296 3002
162 333 3000
165 2146 3000
721 1997 3002
118 1288 3002
1343 2417 3001
2732 1523 3002
2621 860 3001
2686 1207 3000
1391 1305 3000
1585 1793 3001
2211 1100 3000
1075 1963 3000
108 2773 3000
2448 2563 3001
1076 1338 3000
1325 107 3002
583 2184 3001
817 1928 3002
270 35 3001
2796 2791 3000
2478 628 3000
2037 352 3000
89 1389 3000
2674 1682 3001
248 2641 3002
2700 876 3000
1997 2898 3001
2144 361 3000
868 1710 3001
15 1205 3001
305 1347 3001
2315 1258 3000
2527 366 3000
152 775 3002
1379 2651 3001
2329 2526 3000
2356 104 3000
244 1211 3000
777 240 3001
959 882 3001
1066 423 3001
89 306 3002
233 2855 3000
674 2428 3002
2848 2386 3000
1924 1798 3001
1318 2506 3002
834 1370 3001
2414 1645 3000
1921 2701 3001
1604 1448 3000
754 167 3001
2359 886 3000
120 782 3002
870 271 3002
1294 1615 3000
1846 598 3002
196 204 3002
1443 2388 3002
453 2670 3002
2027 2862 3001
1637 600 3000
884 2519 3002
2100 81 3001
1386 2438 3002
2394 2268 3001
1530 2794 3001
956 570 3000
2660 2569 3002
1196 969 3000
555 2074 3001
2111 1721 3002
1592 1057 3001
1045 2472 3000
852 682 3002
2989 1060 3002
1517 2460 3001
2152 2763 3001
2015 1178 3001
2281 1505 3002
2444 1859 3000
513 2385 3002
2009 1037 3000
2707 547 3002
612 2977 3002
1553 901 3002
1089 689 3001
1667 2057 3000
894 2706 3000
2109 692 3001
234 2844 3000
2708 630 3000
134 1380 3000
2845 2586 3000
900 586 3002
2914 550 3002
2169 1129 3000
1543 403 3001
426 1843 3002
2991 1128 3002
2065 238 3001
1596 2320 3000
2624 2255 3002
258 1147 3002
791 512 3001
561 1628 3002
761 2399 3001
291 1367 3002
1153 1677 3002
1237 1266 3000
1318 143 3002
1158 2782 3000
803 1842 3000
1400 2025 3002
969 2848 3002
571 400 3001
614 741 3002
285 1547 3001
697 2558 3000
2311 1526 3001
1275 1310 3000
140 1812 3000
2179 2658 3002
1846 874 3000
1875 1070 3001
518 390 3001
2693 2450 3001
2791 1941 3002
2992 577 3001
1315 1847 3002
1559 2323 3001
2094 616 3002
311 1495 3001
95 2750 3000
1963 324 3001
724 1591 3001
484 2582 3002
1026 2298 3000
435 383 3001
2609 2345 3001
2873 1670 3000
93 1771 3002
1022 1550 3001
1792 1052 3000
2257 2622 3001
1460 703 3002
1504 1844 3001
126 2033 3001
127 26 3002
1099 2294 3001
797 2055 3000
649 152 3002
2816 744 3001
504 2516 3001
2702 874 3000
630 1290 3002
1778 2405 3000
880 2118 3002
679 171 3002
2828 408 3002
2104 764 3002
1736 2061 3000
2218 1577 3000
1747 549 3001
1299 2587 3002
10 1774 3002
429 1873 3002
691 524 3001
2951 2332 3002
2025 1751 3001
1436 1065 3001
393 2850 3000
1229 1574 3002
1360 249 3000
1473 1461 3001
2718 155 3002
2399 2153 3001
2421 2201 3000
425 2925 3002
1339 1640 3001
447 2757 3002
1808 1200 3002
2115 861 3000
1081 2166 3000
396 1435 3002
778 192 3000
1958 1597 3001
1925 2859 3000
576 1617 3002
1152 1471 3002
2774 1319 3001
1702 1002 3000
2569 1133 3000
1390 380 3001
2712 264 3001
1142 799 3000
2352 121 3000
1971 1651 3002
1293 1772 3000
1107 2112 3002
1987 2510 3000
452 1608 3001
2107 349 3001
1387 1292 3002
2641 1149 3000
2355 1531 3000
1624 1279 3001
2466 327 3002
2840 1892 3001
1441 2085 3002
1018 198 3002
2347 1916 3002
2735 1998 3002
503 1907 3001
2231 859 3002
118 1308 3000
635 2778 3002
974 1078 3002
1885 2740 3002
2076 410 3002
2034 1827 3001
517 1632 3000
976 2691 3002
1931 1480 3000
2321 2128 3002
1372 979 3001
1073 1650 3000
1235 588 3002
276 2313 3000
1202 1955 3002
1025 685 3002
1250 2585 3001
2704 920 3000
2603 411 3002
932 1289 3001
1486 1874 3001
1654 2857 3002
508 136 3002
728 1440 3000
2273 2245 3002
2312 2893 3001
817 2823 3001
1092 1562 3001
148 2162 3000
273 1367 3001
1647 2777 3001
2127 1543 3001
1595 1142 3000
785 384 3000
745 2507 3002
9 1269 3002
1184 1926 3002
1259 1158 3001
1575 902 3002
1644 1753 3002
568 2851 3002
1685 1285 3002
1565 1173 3000
2708 1245 3002
2341 1912 3000
1064 2516 3001
115 2041 3002
1252 92 3000
754 2162 3002
778 1014 3001
1223 1083 3002
1300 2236 3000
2140 205 3001
2677 719 3001
1831 2265 3002
2406 2679 3002
1407 452 3001
2216 1351 3001
1056 639 3002
1183 914 3001
243 924 3001
2680 388 3000
640 153 3000
57 2610 3001
1956 531 3001
13 398 3000
312 443 3000
1358 2290 3000
315 2720 3001
607 1094 3001
2236 594 3001
905 2131 3002
1291 2047 3000
13 1599 3002
245 1920 3002
2772 953 3002
849 491 3002
1199 108 3001
2797 2171 3002
996 2875 3000
1060 1620 3000
940 2725 3001
441 788 3002
2760 1836 3002
2414 2537 3002
669 1675 3000
907 2984 3001
1205 932 3001
2652 610 3000
1197 1701 3002
605 2755 3000
675 514 3001
395 580 3002
1485 1279 3000
378 664 3000
2231 35 3001
658 514 3000
1348 1918 3002
2335 185 3001
999 2743 3001
2156 2605 3002
1230 572 3001
1568 2133 3000
2740 149 3001
1518 644 3001
1961 2344 3000
14 2955 3000
1576 618 3001
1622 492 3002
2076 286 3001
830 2721 3000
2319 1455 3002
2578 2561 3001
905 667 3001
344 1812 3001
1490 1369 3000
216 713 3002
207 1359 3001
782 1842 3002
2316 170 3001
2463 1353 3000
2358 512 3001
307 753 3002
2117 70 3000
1831 41 3000
349 1201 3001
2813 1694 3002
2743 73 3000
2879 1247 3001
395 583 3001
748 2838 3002
2988 2202 3002
2817 1180 3002
1833 670 3001
225 1080 3002
1529 1856 3001
40 263 3001
2955 1555 3000
592 2644 3001
1387 1262 3001
2122 1538 3000
2210 92 3001
2525 107 3002
2503 969 3002
488 413 3002
597 78 3002
1454 1330 3000
2301 591 3000
2037 2619 3001
2243 193 3002
45 76 3002
2501 855 3001
2496 1656 3002
671 32 3001
2628 2584 3002
2767 2590 3002
2090 1119 3001
568 2491 3001
2378 2985 3000
2233 887 3001
425 1476 3002
2465 2647 3001
581 1727 3000
2793 1050 3002
250 315 3000
1006 1577 3000
2445 638 3002
2558 25 3000
2822 447 3002
1120 1889 3002
533 1838 3000
633 2982 3001
1814 1365 3000
2847 2371 3002
690 972 3002
926 1154 3001
722 1430 3002
1552 1931 3000
2868 1967 3002
1703 2926 3000
2515 1032 3000
2003 357 3001
1207 2473 3001
738 2739 3002
1502 1287 3002
1162 2365 3002
2560 1325 3002
2487 1920 3001
2169 1403 3002
2226 1239 3001
2040 695 3000
2345 1097 3002
448 686 3002
2990 709 3001
1106 1844 3002
1750 22 3001
1410 2550 3001
2226 2663 3000
2213 2052 3002
2997 1618 3000
608 2318 3000
2119 1684 3000
325 1221 3001
393 1006 3001
2724 1281 3002
2338 2104 3000
1256 845 3002
2241 906 3000
1015 1413 3001
2856 2931 3000
675 333 3000
2620 9 3002
1202 2307 3000
2379 2822 3002
705 2140 3000
149 1605 3000
2462 2295 3002
2244 2138 3000
1598 485 3002
2552 2241 3000
2915 360 3001
962 733 3002
841 1163 3001
504 415 3002
0 746 3000
1524 2661 3000
1958 1421 3000
2143 2099 3000
2793 2738 3000
1432 367 3002
676 927 3000
1338 1226 3001
2481 249 3001
2544 2635 3001
242 1448 3002
2807 1133 3001
2803 1660 3002
2948 1637 3001
680 2468 3000
1475 2526 3002
848 2494 3000
1466 2635 3001
2142 2409 3001
212 1661 3002
2780 689 3001
2792 1728 3001
2000 955 3002
2176 2372 3001
1696 832 3002
2364 1248 3000
2462 1055 3001
1372 1749 3002
765 1463 3002
1691 209 3000
725 2866 3001
2995 339 3001
239 2038 3000
1228 1282 3002
2174 1464 3002
537 2353 3000
2169 2532 3000
1518 1712 3001
2718 2877 3000
2860 1445 3000
1915 2546 3000
2928 659 3000
697 1385 3002
957 630 3000
228 2555 3002
1762 2536 3001
1723 203 3002
710 2220 3002
39 1236 3001
1214 868 3000
128 1996 3002
1934 2829 3000
977 78 3002
1353 2160 3002
1739 2331 3001
2901 64 3002
246 2055 3000
1570 1637 3001
1391 852 3000
169 2710 3001
1773 2382 3000
742 2934 3002
303 891 3001
2259 2949 3000
564 781 3001
979 2471 3001
1653 1834 3002
1869 2801 3000
1529 42 3000
546 1156 3002
1381 1565 3000
761 494 3001
2924 490 3001
2387 1785 3001
825 2543 3001
2348 1889 3001
1830 1302 3000
2214 2833 3001
2108 1766 3002
2823 641 3001
1834 2375 3002
2594 1688 3002
150 272 3001
1557 1852 3002
21 878 3000
1000 750 3002
1672 1135 3000
125 2949 3000
803 1860 3000
397 1492 3000
904 1178 3001
0 780 3002
2070 2936 3001
2395 2579 3001
1953 1634 3001
64 812 3000
1250 2500 3001
596 356 3001
2000 541 3000
169 1491 3002
2172 180 3001
2748 1144 3001
2649 2855 3002
1560 200 3001
2662 1209 3000
987 2856 3001
2540 2428 3000
443 1333 3002
1303 596 3001
2156 1685 3001
1964 2577 3002
329 1604 3002
2481 2865 3001
2797 1330 3001
811 394 3001
373 1412 3000
2239 879 3001
2521 2367 3002
564 349 3000
578 234 3002
629 467 3000
2888 1953 3001
1001 996 3002
1862 1081 3000
141 2386 3000
913 1061 3001
2853 2014 3000
793 269 3000
1250 1983 3000
1681 1869 3002
1619 2258 3000
908 1795 3001
2401 2112 3000
1182 666 3001
759 1440 3000
1048 1077 3000
1519 2753 3002
754 2814 3002
2498 1322 3001
1026 683 3001
2363 1119 3001
1777 2933 3002
1496 1685 3002
1554 728 3000
2032 2405 3000
2601 2542 3002
1862 1970 3001
1965 1013 3002
294 2717 3000
2653 1945 3001
736 923 3000
2057 369 3000
2823 1446 3000
2139 259 3001
1600 1629 3001
2065 1975 3001
218 1640 3001
2436 2416 3001
2474 526 3000
2231 1321 3000
2037 235 3001
2207 2117 3001
615 2865 3000
827 2087 3001
962 1981 3002
1180 466 3000
385 2404 3001
1716 1134 3002
819 376 3000
2731 1239 3002
1433 4 3002
2124 552 3000
2170 698 3000
1434 2805 3000
2882 938 3000
2994 1730 3002
534 2515 3001
634 1568 3000
2206 918 3000
1552 839 3002
726 978 3001
2479 2008 3002
2620 1297 3001
2468 1740 3001
2977 1121 3001
2630 2405 3000
2386 573 3002
551 888 3002
732 650 3000
1721 762 3001
255 186 3002
2960 2689 3000
2203 134 3002
1009 191 3002
1477 188 3000
1347 1152 3001
2209 1030 3001
551 1281 3000
1543 1583 3001
2265 2422 3000
1362 1788 3000
2867 1586 3002
1891 967 3001
1696 294 3002
360 603 3002
2850 1936 3001
2225 851 3002
483 1651 3002
2743 2539 3002
2121 1641 3001
1525 2976 3001
1532 2831 3000
557 731 3002
2634 520 3000
501 1190 3002
37 2655 3001
2283 808 3002
1958 2576 3000
1609 756 3001
1689 2945 3000
16 1157 3001
2437 1571 3001
2304 645 3000
772 2023 3000
2669 1098 3001
1459 621 3002
1541 1824 3001
1275 938 3000
1627 2270 3001
2521 2206 3001
1220 1112 3002
2904 1349 3000
2288 1535 3002
2745 2234 3002
1139 2906 3000
1738 1245 3000
2995 1193 3001
2195 2930 3002
983 1135 3000
1110 923 3000
975 12 3001
1327 2619 3001
2963 311 3000
2072 776 3001
409 1560 3002
1790 992 3001
1 2242 3000
1268 2008 3000
806 623 3001
2030 746 3001
532 2900 3001
2360 313 3002
1875 1035 3000
965 2835 3002
1445 367 3000
2980 1717 3000
566 2833 3002
1868 2737 3001
542 1280 3001
1344 819 3001
978 407 3000
1976 764 3002
1390 2533 3001
2952 2626 3001
2272 2603 3001
1999 296 3001
318 795 3002
1967 1390 3001
2398 2416 3002
1392 2551 3002
2754 46 3000
2501 2075 3001
2342 1431 3001
1930 380 3001
1913 480 3000
1323 1088 3002
2082 1537 3001
410 2697 3000
1629 748 3000
2180 262 3002
2406 2419 3002
976 2650 3000
2872 2242 3001
2313 2740 3000
2264 619 3001
214 2380 3000
1282 1643 3000
1383 2949 3001
1588 1579 3001
585 2779 3002
2982 1219 3000
1463 178 3001
1782 153 3000
2477 2635 3000
513 1531 3001
617 1056 3000
168 828 3000
2461 2383 3002
1642 1128 3001
2935 1704 3000
1188 2631 3000
825 875 3000
2439 2169 3000
2059 1810 3000
1943 2067 3001
159 181 3000
1389 2895 3002
1439 1837 3000
2335 944 3000
462 251 3000
1603 774 3000
374 2492 3000
1188 2076 3002
396 1703 3002
53 2901 3001
2590 1993 3000
2843 1722 3002
346 259 3001
1916 1816 3002
692 72 3000
369 247 3000
261 1875 3000
49 2833 3002
2971 2122 3000
2527 1399 3002
2755 2756 3001
180 1922 3000
1204 2438 3001
737 2039 3001
595 1785 3000
1853 1323 3002
2200 186 3001
220 844 3002
1446 2540 3000
939 2705 3002
1951 2827 3000
1628 1124 3002
1103 2709 3002
430 859 3001
1163 48 3000
1248 2056 3001
722 331 3002
2168 1590 3002
1363 984 3001
2554 623 3002
1277 2777 3000
1216 1104 3001
2964 2910 3002
1487 2349 3000
2530 1316 3001
559 2808 3002
1102 2881 3001
937 297 3002
341 2206 3001
1320 647 3002
1233 2124 3001
402 1673 3000
230 500 3001
2249 706 3002
853 394 3000
572 182 3001
136 1858 3000
1331 1220 3001
2134 424 3000
2631 1391 3002
1274 543 3000
1336 1710 3002
882 368 3000
2135 2372 3001
287 2831 3002
1346 1559 3002
336 2560 3002
1506 537 3002
787 1827 3001
2000 2618 3000
443 320 3000
2982 194 3002
508 2905 3002
2187 250 3002
2449 1929 3000
2512 926 3002
2342 2577 3002
1258 1420 3002
1835 2675 3000
2221 1300 3001
1966 875 3002
468 1724 3000
2141 2799 3000
2806 133 3000
540 1654 3000
230 503 3002
2487 2433 3002
1164 643 3000
2883 1872 3001
2983 2392 3000
956 1079 3002
1534 1796 3001
2800 1144 3001
807 1671 3000
2509 2719 3001
1352 1533 3002
43 1123 3000
1375 695 3002
1431 386 3000
947 189 3001
2929 892 3000
1680 2607 3001
1361 1780 3000
455 2886 3000
542 2115 3001
2021 1110 3000
274 647 3001
1212 2940 3001
2609 832 3001
2955 1545 3000
2616 1225 3002
1171 750 3000
1136 1428 3001
2640 2001 3001
1270 2762 3001
2455 2252 3002
810 2181 3000
375 919 3001
1906 2593 3001
2591 82 3002
945 943 3002
992 1012 3000
1879 2628 3001
885 1654 3001
2632 631 3001
662 1561 3000
1581 1895 3000
2282 320 3002
1575 1088 3002
2464 1789 3002
2715 44 3001
2716 1427 3001
1121 1128 3001
317 900 3000
2008 1341 3001
411 1758 3002
2829 278 3000
2705 1911 3002
1491 1741 3001
684 995 3000
1576 1655 3002
247 2454 3000
1997 777 3002
2335 2482 3000
2205 733 3001
1933 395 3001
1171 2612 3002
1741 1855 3000
2634 143 3001
468 327 3002
2504 2006 3002
2896 826 3002
1306 11 3000
2174 1122 3000
2285 2324 3002
2738 1692 3001
132 361 3000
2157 2786 3002
2836 386 3001
1449 2101 3000
2597 1728 3001
406 553 3001
1649 1379 3000
1419 2302 3001
2835 2269 3000
703 650 3002
2557 390 3002
2277 854 3002
1170 2699 3002
2928 475 3002
1753 982 3002
835 1046 3002
1726 2579 3001
760 637 3001
2394 541 3001
522 99 3002
2524 249 3001
538 2223 3002
267 534 3001
965 2722 3001
2736 429 3001
1159 1145 3000
258 2126 3002
1078 1213 3002
994 2017 3002
454 403 3001
2686 846 3002
2677 441 3000
1991 2746 3000
2941 391 3002
2534 222 3002
1595 2168 3001
130 1194 3000
921 2706 3002
1648 2475 3001
1768 2924 3000
2373 2313 3002
2085 739 3002
1588 1214 3002
1030 102 3000
2655 209 3001
2411 938 3002
159 77 3002
505 469 3000
2909 941 3002
1366 853 3000
377 110 3002
2429 945 3001
2902 1465 3002
2098 2687 3000
2023 2623 3002
1714 1464 3002
1856 740 3001
853 627 3001
2569 2640 3002
2488 1261 3000
2459 1892 3002
756 2093 3001
1054 2203 3001
1718 85 3000
618 2289 3002
2600 2786 3001
466 491 3000
1364 2416 3000
1322 2750 3002
81 2899 3000
1030 1988 3001
560 2822 3000
2001 119 3002
2144 700 3002
1595 1236 3002
2134 1705 3000
1309 1124 3000
2427 2549 3001
1534 2058 3000
1230 2517 3000
327 1478 3000
598 1765 3002
1632 1443 3002
2117 363 3002
2423 599 3002
2970 760 3001
1615 1448 3001
2603 1324 3000
523 2534 3002
1895 108 3000
1363 2302 3000
1494 1280 3001
2900 2673 3001
2151 430 3001
844 1751 3001
2105 412 3000
1667 1397 3000
2080 763 3000
307 1066 3002
2744 2491 3002
2581 2433 3002
2640 2688 3000
2582 2146 3002
734 195 3001
1952 1966 3001
2846 936 3001
2195 2103 3001
296 142 3002
1665 172 3002
2404 2845 3001
2161 642 3001
2287 1082 3001
221 1701 3000
1481 1380 3002
2390 1718 3001
2220 2367 3000
1571 779 3000
626 51 3002
2006 1484 3002
2029 1890 3002
357 1368 3001
724 2685 3000
910 672 3001
558 763 3001
2487 2408 3000
2999 2894 3001
1179 1080 3000
207 2515 3002
2489 1124 3000
718 539 3000
893 2075 3000
1865 2612 3002
55 1572 3001
1769 2053 3001
1713 362 3002
1050 83 3000
2318 2867 3002
2272 739 3001
2081 1192 3000
661 1063 3002
2790 2987 3000
1455 2463 3001
1552 1572 3001
374 1603 3000
2933 2536 3001
1659 474 3002
1792 2224 3001
2043 2204 3002
1945 2878 3000
219 1333 3001
507 1908 3001
2524 212 3002
1009 2145 3000
342 2580 3002
1520 1722 3001
105 1536 3000
1932 126 3001
2586 2282 3000
677 1194 3000
1728 1151 3001
2919 284 3000
148 2055 3001
2429 1153 3000
2663 2735 3000
753 670 3000
519 1428 3000
1842 2578 3002
883 2707 3000
372 337 3001
2714 2221 3001
1190 1785 3001
1060 895 3001
347 2626 3001
2075 467 3001
1137 1942 3000
2462 2031 3000
2542 2579 3001
4 2837 3002
441 1269 3002
516 2977 3002
2542 414 3001
1779 2771 3000
2021 509 3001
1958 1910 3002
2182 2185 3001
760 709 3001
419 391 3002
1213 2018 3000
2588 1974 3001
2670 1264 3000
2647 2396 3000
2122 335 3001
696 1558 3001
1913 603 3001
2641 435 3001
651 1515 3001
1788 251 3000
1070 494 3002
833 1443 3002
1440 38 3001
2407 845 3002
2681 2333 3002
445 1791 3000
432 605 3000
764 1938 3002
789 2098 3001
1404 2893 3000
1072 2434 3002
1582 2501 3001
1401 2063 3001
1059 1493 3002
2413 2280 3002
2997 1646 3000
2419 773 3001
653 1626 3002
1008 1680 3002
2831 1108 3002
2513 36 3002
2230 2738 3000
1876 1539 3000
2650 21 3000
441 2892 3002
1633 2477 3001
2583 1408 3002
316 1753 3002
1322 1132 3001
2157 2004 3002
2648 1470 3001
2443 667 3000
2858 554 3001
2853 2101 3000
1485 997 3002
220 818 3001
2700 159 3001
2351 708 3000
2862 901 3001
1653 2696 3001
513 2227 3002
1650 2622 3000
428 27 3001
505 2986 3002
2074 2972 3000
2121 916 3002
1211 1919 3001
1396 1612 3001
1828 2089 3001
1754 1420 3001
2786 1021 3002
1444 568 3001
2294 2529 3002
1321 1052 3001
2297 671 3000
476 2742 3001
1126 2812 3001
1314 1267 3001
1496 2326 3001
2606 2317 3002
1863 971 3001
1631 1515 3000
2261 749 3002
1459 711 3000
2964 1548 3001
69 1234 3001
1643 457 3002
2287 2390 3001
632 1927 3002
1028 2847 3001
2827 726 3000
1388 1580 3001
1394 687 3001
157 96 3002
965 751 3000
202 936 3000
1080 180 3001
421 707 3000
2301 1551 3002
2633 81 3001
2589 1227 3002
422 2612 3001
1697 6 3001
2377 2014 3002
2117 94 3002
293 244 3001
1450 676 3001
2982 1233 3001
788 2634 3001
1855 835 3001
843 299 3001
2342 2280 3001
495 2026 3000
2823 540 3001
192 2310 3000
715 1784 3000
2238 2615 3000
2415 1206 3000
1695 1418 3000
54 2657 3001
1830 628 3001
2781 761 3001
2462 2596 3002
2888 843 3000
2110 1359 3000
1956 10 3000
2223 2463 3002
689 1610 3000
293 2259 3001
1810 730 3001
1752 1401 3001
1528 2026 3002
1690 2345 3000
1437 1992 3002
2399 1439 3001
2600 1707 3002
841 632 3000
178 1393 3002
88 1607 3000
329 664 3000
995 2366 3002
1130 809 3002
2695 1910 3001
2709 177 3000
2599 2147 3001
2709 2705 3000
2815 2199 3002
1148 2521 3001
2453 2419 3000
2846 1824 3002
2667 887 3002
2549 456 3001
2352 2311 3000
2657 245 3002
1893 2215 3001
934 2846 3000
2801 2758 3001
1511 2691 3000
339 233 3002
1744 19 3000
742 386 3002
2012 2617 3002
2095 1589 3001
1559 2285 3002
2967 760 3002
2653 2113 3000
2448 1417 3002
2677 1962 3000
1663 2992 3002
1096 2753 3002
2359 2652 3001
2680 2 3002
323 1792 3001
1973 1720 3000
1159 775 3000
2828 101 3002
2889 801 3002
2559 2672 3001
1351 2905 3002
925 2529 3002
2465 2033 3002
1141 2111 3002
579 2595 3000
609 661 3002
2592 2739 3001
945 2434 3002
631 1705 3002
1210 834 3000
2663 2974 3001
2445 1339 3000
1926 2833 3001
2414 1288 3002
