3000 2998 980
1278 976 1
2212 102 1
1206 1257 10000
340 1787 10000
2927 2954 1
1876 64 1
2017 1703 10000
1746 1498 1
202 609 10000
1947 1416 10000
1515 1534 1
2116 733 10000
2682 248 1
1805 466 1
220 2019 10000
2703 1001 10000
2753 2659 1
2265 1178 1
1666 1337 10000
914 1163 1
1505 1640 10000
238 2593 10000
1560 1200 1
720 2751 10000
1386 237 1
1197 434 10000
779 2521 10000
895 1102 1
630 835 10000
1457 518 10000
2507 499 10000
1609 2370 1
410 995 1
2081 311 10000
2551 1353 10000
1562 1828 1
2255 953 1
2725 2970 10000
2555 2397 1
1324 2552 1
2548 994 10000
1339 142 1
558 1501 1
1967 699 1
1947 2895 1
2863 2523 1
20 992 10000
2872 58 1
1595 1449 1
1448 2151 1
2975 2146 1
308 233 1
1487 2629 1
280 676 10000
1531 2076 10000
1229 1273 10000
2908 2068 10000
1522 270 1
125 2950 1
2359 2320 1
1397 448 10000
1760 2820 10000
84 562 10000
1924 1970 1
2771 1853 10000
2941 2710 10000
2595 138 10000
302 2528 10000
1452 2682 10000
770 509 10000
2642 4 10000
2180 2290 10000
127 1417 10000
184 224 1
2764 693 1
2198 2281 10000
1805 1340 1
1238 1055 10000
1756 1437 10000
980 1409 10000
1757 1373 10000
2479 2748 10000
761 556 1
274 445 10000
2538 1003 10000
1151 871 1
761 2986 10000
2218 412 10000
807 2075 1
620 1147 1
1750 2614 1
2740 2685 1
1136 1991 10000
2164 2784 10000
2384 1412 10000
43 1231 1
310 2028 1
2845 2752 10000
2744 1389 1
623 1909 1
2119 316 1
2160 89 1
2725 31 1
1620 1131 10000
2889 2896 1
1755 2322 10000
232 2467 10000
281 1563 10000
2805 394 10000
2422 280 1
1349 541 1
1049 2807 1
2009 118 1
703 2826 10000
1672 829 1
1557 2329 10000
37 2239 1
2443 2049 10000
483 443 10000
1696 1835 1
485 2942 10000
880 360 1
1433 1579 10000
2130 2782 10000
587 1249 1
34 12 10000
93 1517 10000
1277 639 10000
73 225 1
277 2226 1
2188 1616 1
2298 1043 1
1255 2561 10000
1525 2456 10000
2297 107 1
1738 68 10000
74 2051 10000
2074 329 10000
1721 901 10000
972 2009 1
1849 2744 10000
52 1169 10000
315 1182 1
1457 356 10000
1487 188 10000
662 461 10000
2699 606 1
2534 914 10000
85 2588 10000
2252 1690 1
1601 2159 1
2246 559 1
574 1293 10000
536 2422 10000
2833 2940 10000
176 330 10000
688 124 1
1434 88 1
924 1549 1
458 2587 10000
1931 1659 10000
2476 52 1
2542 1443 1
1852 1796 1
1706 645 10000
471 821 1
2535 2622 1
2698 2813 1
661 2295 1
1087 1013 1
1053 2361 1
2050 2853 1
2451 920 10000
608 1124 1
240 1772 1
1350 2291 10000
1919 949 1
1390 50 1
2296 2633 1
1824 1809 1
1204 23 10000
1381 1307 1
1848 447 10000
1741 209 10000
1864 2910 10000
1206 2733 10000
2106 1288 1
2199 61 10000
262 1520 10000
485 2074 10000
795 2187 10000
1577 1994 1
1259 565 10000
122 1681 10000
664 121 10000
2023 768 10000
582 94 10000
162 1993 10000
650 1139 10000
1952 2577 10000
701 22 10000
2169 2155 1
2061 1082 10000
2806 2492 1
1312 863 10000
2627 2805 1
1308 2770 10000
2700 96 1
2740 694 10000
841 595 1
2661 355 10000
1289 2673 1
2975 114 1
2508 2864 1
2157 954 1
1096 1635 1
418 2498 10000
366 127 10000
1194 1486 1
1588 1867 1
48 546 1
2488 2238 10000
794 433 1
2288 2697 1
1381 1111 10000
2335 2762 10000
2133 250 1
861 2023 10000
1898 2819 1
2500 1718 10000
2337 2933 1
2033 1470 10000
1371 2646 10000
1507 2464 10000
792 2148 1
2781 659 10000
2738 608 10000
832 2283 10000
1587 1048 10000
1069 70 10000
2572 2876 1
1832 451 10000
1944 2102 1
1888 1171 1
419 933 1
2271 2572 1
1388 561 1
2742 2472 1
577 1250 10000
2178 2405 1
432 581 10000
2846 2737 1
2400 166 10000
1197 378 10000
545 45 1
1527 2200 10000
2791 1508 1
1528 1321 1
407 263 10000
895 1271 10000
2860 1469 1
140 2863 1
629 956 1
2515 935 1
67 580 1
655 1538 1
71 2216 10000
350 2705 1
1610 2225 10000
2618 1691 10000
2389 1709 10000
792 28 10000
2058 1638 10000
2859 2706 10000
2364 2908 1
2236 2417 1
1374 1361 10000
441 1542 1
1594 1897 1
2033 220 10000
584 427 10000
326 977 10000
114 1963 1
459 2188 1
2171 1493 1
32 2343 10000
1324 1170 1
2429 1784 1
1619 1562 1
137 2670 1
2888 2851 1
2470 2519 10000
2892 1836 1
1998 2580 1
818 759 1
2795 971 1
771 467 1
709 1613 10000
20 930 1
99 1725 1
697 1678 10000
1988 153 10000
156 1336 1
612 310 1
2945 2872 1
2454 109 10000
2212 1479 10000
1649 157 10000
1127 667 10000
951 782 10000
2865 974 10000
140 516 10000
2381 932 10000
1901 647 1
890 2585 1
315 300 1
1650 2053 1
1226 1810 10000
1275 769 10000
2436 2052 10000
1230 169 10000
898 1027 10000
1820 1159 10000
2304 705 1
2356 115 10000
2423 2589 1
708 1701 10000
915 951 10000
1930 619 1
2030 2166 1
997 1518 1
504 666 10000
1238 2196 1
1368 576 1
132 930 10000
587 2641 1
339 442 1
2517 2875 1
2043 328 1
1495 2656 1
2914 2918 10000
584 2604 10000
1466 1551 10000
1962 2569 1
510 490 1
1774 2928 1
2410 2766 1
2231 2303 10000
2305 2856 10000
1668 1248 1
2054 2714 1
2557 2968 1
1338 2832 10000
299 2042 10000
242 1034 10000
2045 808 1
1362 266 10000
1797 1270 1
2980 1778 10000
2548 1186 1
484 636 1
545 141 10000
2756 2956 10000
1957 802 1
1628 363 1
217 2354 1
2135 2056 1
2160 485 1
2021 2248 1
2785 1525 10000
522 253 10000
1754 1018 1
1057 988 1
2503 391 10000
2935 1096 10000
2613 1044 1
180 2505 1
2648 1574 10000
472 1203 10000
2513 760 1
505 2478 1
1550 2063 10000
1414 2095 10000
1658 302 1
323 2894 1
1603 2255 1
236 317 1
349 1722 10000
1727 1524 1
1815 1737 1
592 2668 1
365 258 10000
2730 1176 10000
1811 618 1
1473 851 10000
1864 411 10000
1492 1439 10000
1735 2451 1
2435 1222 10000
1473 463 1
2246 2680 10000
1499 685 1
2468 1775 1
1050 1054 1
1022 2390 10000
1788 2555 1
457 979 10000
2936 1184 1
167 2727 1
2958 1042 10000
2797 1559 1
1594 1047 1
2621 714 1
2209 1496 10000
371 2713 1
2930 1390 1
2193 2643 10000
2672 67 1
1902 1385 1
131 1397 10000
668 2779 10000
2000 1550 1
202 2388 10000
353 552 10000
1367 1107 1
178 1376 10000
1939 1303 1
2000 986 10000
2838 150 10000
1741 729 1
2511 644 10000
2359 1236 10000
2760 92 1
1888 1186 1
2082 80 1
2297 1564 1
1929 131 1
1467 2321 10000
526 691 10000
1602 2477 1
2394 891 10000
2007 2250 10000
1247 655 10000
2526 1801 10000
2612 469 1
2458 583 10000
1335 160 10000
1583 24 10000
482 2880 10000
2560 1480 1
2924 425 10000
2639 2026 10000
1201 2763 1
2024 352 1
2430 2862 10000
1802 598 1
1093 2134 1
2435 2231 1
807 2594 10000
719 1127 10000
502 353 10000
783 2440 1
2298 347 10000
767 2792 1
2631 2959 10000
1271 1923 10000
493 154 10000
2423 1372 10000
2081 2220 10000
340 2512 1
277 2035 1
1916 1676 10000
1606 2431 1
911 322 10000
2082 1839 1
741 477 10000
450 590 10000
34 1058 1
772 465 1
416 2996 1
832 1167 10000
1544 789 10000
2318 511 1
2309 2469 10000
1461 1100 1
1377 1626 1
941 2985 10000
1265 1685 10000
728 2261 10000
787 395 10000
1968 72 10000
2185 2165 1
735 2395 1
500 987 10000
1318 1022 1
2669 2822 1
1541 1406 1
375 1103 1
1654 2043 10000
1882 2566 1
2147 2780 10000
2393 900 10000
1113 1658 10000
677 1939 1
1332 2010 10000
2366 924 1
2881 2340 10000
2111 2448 10000
77 1603 10000
2375 1922 10000
2396 867 10000
1246 200 1
1791 1992 10000
1896 8 1
2596 1614 10000
2630 2600 1
2346 2634 10000
65 2943 10000
536 384 1
1280 496 1
2613 1555 10000
2860 1367 1
2285 2534 1
2457 1745 1
1380 252 10000
108 2154 1
482 2586 10000
37 239 10000
785 284 10000
2887 1724 10000
2711 1948 1
497 2482 1
2576 1188 1
2736 2709 1
630 123 1
783 256 10000
1522 897 10000
1505 2208 10000
2669 1214 10000
1052 2560 10000
1874 126 1
1639 2475 1
1225 708 1
2626 1137 1
2408 1874 1
984 2721 1
2428 2939 1
1628 2404 10000
186 1855 10000
633 489 1
2339 1856 10000
1942 1825 1
1253 2001 1
241 2582 10000
2129 10 1
1046 1404 10000
2511 1423 10000
260 1016 10000
1779 2363 1
1291 577 10000
18 2722 10000
1208 1758 10000
1782 1986 1
627 2021 10000
163 320 1
641 929 1
853 1221 10000
2115 2919 1
613 799 1
2775 591 1
1751 750 10000
755 2333 1
133 2516 10000
2812 1258 10000
2667 2115 10000
985 2381 10000
1211 1966 1
946 43 1
2007 470 10000
2736 849 1
2789 377 1
1824 1275 10000
2408 2107 10000
2791 1819 10000
483 2353 1
2859 208 1
574 1218 10000
599 888 1
579 790 10000
2755 648 10000
2435 1833 10000
1782 2466 10000
1642 2459 10000
2205 247 1
1760 1560 1
288 2289 1
406 968 1
720 2884 1
710 2416 10000
2253 1401 1
1405 1927 10000
637 2797 10000
1217 93 1
2953 2861 10000
1723 1980 1
2501 2738 10000
281 1971 1
2905 2694 10000
706 622 1
2991 779 1
756 2030 10000
1884 985 1
2783 1768 10000
1070 2070 1
1687 2831 10000
517 294 10000
2465 1400 10000
2957 1720 10000
2059 597 1
1014 1155 1
2385 1146 10000
1773 1328 1
2249 235 1
775 967 10000
1862 2547 10000
937 1408 1
753 1465 1
1899 931 10000
1944 1599 1
1349 1097 10000
2208 251 1
2581 2192 1
2006 73 1
2272 1341 1
275 2778 1
439 1714 10000
1357 2746 10000
1434 2837 10000
993 1350 10000
362 1057 10000
1260 156 10000
1033 484 1
444 2889 10000
2509 724 10000
372 2812 1
1541 2383 1
2963 2965 10000
1875 1459 1
816 1120 1
942 2627 1
762 1526 1
2799 2852 1
858 2096 10000
1246 1675 1
180 1788 1
1086 2034 1
938 926 10000
357 1035 10000
464 573 10000
123 2099 1
697 2088 10000
1908 1643 10000
2730 823 10000
1974 269 10000
1132 1895 1
1978 2140 1
2696 2955 1
826 2937 10000
2257 1187 10000
842 2501 1
2611 2681 1
1513 1050 10000
794 1010 10000
2179 2648 10000
1820 372 1
2924 2834 1
1106 2481 10000
673 1539 1
1770 1597 10000
297 897 1
1903 819 10000
1936 641 10000
2054 1921 1
313 2756 1
1142 1403 1
2378 1624 1
2867 2196 10000
2409 2365 1
1386 1153 1
2800 1160 1
1950 1627 10000
2425 1438 1
856 1692 1
346 1421 10000
1863 1689 1
2223 2251 10000
2218 2461 10000
2628 2047 10000
848 944 1
299 1161 10000
11 1347 10000
2893 2460 1
555 1447 10000
1746 463 1
603 1014 10000
812 2936 1
38 2657 10000
2355 117 1
512 916 10000
873 2502 1
1786 178 10000
2814 346 10000
2393 454 1
95 244 10000
2701 1866 1
77 301 1
1209 2210 10000
2591 2651 10000
1755 1924 1
300 2850 1
628 1911 1
1309 637 10000
728 507 10000
1325 1326 10000
840 1863 10000
955 2512 1
1413 698 10000
1067 2626 10000
771 1910 1
2546 1297 1
2974 1413 10000
2877 2639 10000
1215 2601 1
1237 911 10000
2045 1265 1
604 589 1
1277 1026 10000
570 223 10000
33 1062 10000
57 2424 10000
568 1302 10000
1880 527 10000
199 2444 10000
1756 2535 10000
1974 2986 10000
344 2036 1
2164 2760 10000
2533 1450 1
679 2213 1
2741 1764 10000
2628 1978 1
2562 1946 10000
2450 2242 1
2647 2249 1
1999 1653 10000
682 945 1
1455 1110 10000
713 875 1
791 2650 1
324 1150 1
846 148 1
925 86 1
159 1065 10000
558 2425 1
2994 2825 10000
227 801 10000
151 2403 10000
1904 2211 1
2607 2157 10000
1080 1833 1
1075 2607 1
1292 980 1
476 2308 1
845 1634 1
111 2461 10000
1198 1320 10000
1663 222 1
2698 2352 10000
2339 2374 10000
1601 1668 1
1084 2296 1
998 444 1
2653 2476 10000
2980 1556 10000
1212 2169 1
141 2306 1
2704 831 10000
290 998 1
1232 1829 1
2233 2962 10000
2428 1356 10000
1208 2897 10000
1384 415 1
2119 188 1
460 1645 10000
1366 1064 10000
1327 2573 1
1859 2869 10000
1843 177 10000
1029 2772 1
307 2704 1
777 1851 1
1969 711 10000
2162 306 10000
2621 2186 10000
1589 1896 10000
553 1996 1
2496 359 1
1121 2540 1
365 144 1
1010 2827 10000
2004 1781 10000
414 2311 10000
652 1661 1
2892 718 1
2702 2356 1
841 2073 10000
811 2061 10000
60 1733 10000
2776 1060 10000
2833 1561 1
1428 2888 1
291 671 1
1177 1923 1
2513 1299 1
1049 793 1
95 1687 10000
62 481 10000
1873 1882 10000
1967 2346 10000
1732 2287 1
2839 1693 10000
2638 1292 1
746 2500 1
180 903 1
898 2429 1
723 1495 10000
1134 2907 1
975 2717 10000
1686 1705 10000
804 2538 1
193 1135 10000
2579 825 10000
1592 129 10000
1087 2802 1
184 965 10000
1396 2701 1
1300 753 10000
2504 2406 1
268 2018 1
2371 2455 1
642 378 1
2695 526 1
1618 2796 10000
2542 2256 10000
347 2201 1
1870 1800 10000
2348 2530 1
1832 2941 1
811 1323 1
343 1837 1
2124 221 1
1036 2143 10000
2194 2427 10000
1746 1144 10000
1345 2293 10000
925 2400 10000
1441 869 10000
1814 1876 10000
2387 1567 10000
773 547 10000
795 1729 10000
2041 2618 1
806 1817 1
1968 388 1
1548 190 10000
1617 1544 10000
1989 219 1
1748 1908 1
333 649 10000
957 1834 10000
431 1736 1
403 652 10000
665 2522 1
2392 2981 1
1769 2385 10000
2147 1949 1
2579 1765 1
752 2037 1
1940 899 1
982 1318 10000
2623 2595 1
1207 2345 10000
635 625 10000
695 504 1
845 955 10000
187 1752 10000
368 54 10000
1885 2494 10000
2267 2675 1
1700 1695 10000
1943 2895 10000
999 1961 10000
413 1891 1
1587 2976 1
1351 388 10000
1444 1755 10000
2131 2273 10000
1988 2510 1
2652 2404 10000
2125 1928 1
1771 742 1
2259 1553 1
450 814 10000
709 2592 10000
2835 2810 10000
53 986 1
2337 325 10000
1036 2164 10000
430 937 10000
2002 1209 10000
2194 2025 10000
2586 2982 10000
2077 230 10000
421 337 1
506 848 10000
959 2878 10000
2923 1936 10000
2111 2631 1
2625 2012 1
2630 2161 10000
2795 1061 10000
2837 1247 1
289 1148 1
2674 2111 10000
2989 134 10000
814 293 10000
928 1145 10000
1315 2183 10000
1893 892 1
713 98 1
132 571 1
626 1798 1
410 2193 10000
2596 1519 1
1532 2723 1
1958 786 1
1067 19 10000
1793 512 1
1920 1707 1
1086 71 10000
1313 186 1
861 1623 10000
125 2328 10000
2307 1046 10000
2689 2550 10000
15 1536 1
1314 1847 1
2387 1730 10000
120 712 1
1711 2219 10000
1440 632 1
2584 572 10000
2821 834 1
1610 2734 10000
348 76 1
2392 2680 1
2915 1951 10000
2966 179 1
882 193 1
1727 657 1
1264 382 1
2990 2676 1
2509 662 1
687 2220 10000
1317 1333 10000
216 797 1
106 1215 10000
1639 113 10000
886 2874 10000
2382 435 1
2378 2441 10000
1492 259 1
2064 1481 1
182 1393 10000
1252 566 10000
2611 857 1
818 664 1
1319 494 1
1116 2 10000
2514 2925 1
2901 1869 1
1149 617 1
2113 616 1
674 2243 10000
2644 199 10000
1175 324 10000
912 2638 10000
2767 301 1
1115 2632 10000
2829 2905 1
1372 1607 10000
507 1243 10000
28 2532 1
1806 1339 10000
370 2301 1
1173 236 1
2769 459 1
1253 2149 10000
51 2944 1
2398 1938 10000
723 323 1
2951 2016 10000
1433 438 10000
1529 2551 1
2716 1959 1
767 2398 10000
1930 2594 1
2773 417 1
1079 778 10000
2271 1478 10000
1904 1840 10000
2175 1940 1
407 1704 10000
809 846 10000
1452 1056 1
0 2060 1
446 1158 10000
2823 398 1
1591 216 10000
1114 773 10000
2073 2804 10000
2749 1937 1
1009 2168 1
137 2684 1
2376 495 10000
2294 505 1
2203 78 10000
2462 1395 1
1995 748 1
95 2241 10000
2362 2230 10000
1744 1143 1
1040 1846 10000
1921 1879 10000
1181 2305 1
1838 770 1
1076 539 10000
1612 2931 1
122 2967 1
803 1153 10000
1664 1345 10000
289 1504 1
629 941 1
215 1217 1
2671 1682 1
2142 2989 1
21 15 10000
1280 424 10000
2988 104 1
865 1830 10000
145 39 1
1305 857 1
2647 828 10000
1605 2006 1
2105 898 1
2122 313 1
218 1804 10000
90 843 10000
1430 2617 10000
1943 2491 10000
1759 2901 10000
1845 1925 1
196 278 10000
2836 1063 10000
1304 2518 10000
774 1786 10000
2923 1236 10000
754 1154 1
1646 1019 1
2389 1637 1
1981 564 10000
1883 1987 1
60 615 10000
2360 1622 1
1790 257 1
2221 2742 1
718 1584 10000
1762 1112 10000
106 2463 10000
2699 1467 1
2191 2228 1
2759 2964 10000
75 2419 1
1165 1533 1
2823 2468 1
2418 2084 10000
533 108 1
2817 1742 1
781 2906 1
2288 2999 1
6 2800 10000
959 2241 1
2038 53 1
2093 1233 10000
1299 958 10000
894 1931 10000
2449 1121 1
2129 990 1
1832 1142 10000
1278 338 1
431 1581 1
1201 1644 10000
1141 2674 1
1095 1364 10000
2537 2294 10000
2720 303 1
958 2995 10000
725 1077 10000
642 1440 10000
672 1561 1
823 2089 10000
2606 1228 10000
2116 674 10000
2591 2690 1
2803 457 10000
1591 1474 10000
385 1497 10000
1313 226 1
462 1125 10000
2265 1890 10000
634 264 1
2244 2654 1
2757 558 10000
2815 1607 1
1666 765 1
993 785 10000
2338 192 10000
2130 950 1
1161 1218 10000
2948 842 10000
963 2324 10000
432 2097 10000
2771 2904 1
1588 1972 10000
2067 2726 10000
2623 1859 1
2144 2458 10000
538 1478 1
1618 1396 1
309 886 1
446 906 10000
853 2562 10000
2024 2496 1
1283 1484 1
2982 2223 10000
1289 1842 10000
2176 1765 10000
174 1051 10000
1274 1340 1
1514 1040 10000
810 1839 10000
1360 245 10000
2307 716 10000
487 2364 10000
1499 380 10000
1780 1 10000
538 661 1
1094 2357 1
702 1590 10000
2574 402 10000
2911 1893 1
1903 800 1
1756 1356 10000
669 1489 1
2684 1734 10000
544 348 1
2929 2402 1
836 1477 1
643 399 1
2716 605 1
615 1379 1
14 413 1
479 1901 10000
1954 2665 1
1179 836 10000
1619 397 10000
2870 211 1
1172 47 1
2696 1379 10000
1699 2080 10000
2549 1183 1
1504 1128 1
2658 1088 1
2598 2032 1
947 1219 10000
411 862 1
611 2486 10000
1808 2952 1
40 1865 1
2574 824 10000
255 2556 1
1751 1510 10000
1033 366 10000
2645 1857 1
2104 436 10000
1670 1260 10000
408 48 1
470 1759 10000
161 1826 1
2922 1069 1
26 2900 10000
2373 1446 10000
2821 1868 10000
2787 837 10000
1083 403 10000
1274 1647 10000
2262 1521 1
1754 308 10000
1026 798 10000
2069 1530 10000
2267 845 1
2527 2087 1
1391 2035 1
1442 1656 10000
2693 1442 1
1193 112 1
439 84 10000
2525 2926 1
1608 2536 1
1595 2625 1
1128 1662 1
6 827 1
2093 2914 10000
557 946 10000
1007 626 1
2662 2953 1
1166 966 10000
480 1543 1
1037 1254 10000
2990 246 10000
18 651 10000
2077 777 1
345 1411 10000
694 877 10000
1377 229 10000
2117 1174 1
2434 696 10000
824 2434 1
288 113 10000
1631 503 10000
2957 2764 1
2606 2454 10000
688 1920 1
2353 1586 10000
428 2902 1
422 1441 1
1989 1546 1
1767 2167 1
838 440 10000
2604 2131 10000
480 164 1
1445 424 10000
1677 454 1
2374 2576 1
1196 2327 10000
2236 2352 1
555 319 10000
1284 2372 10000
1934 1244 1
1516 865 10000
2867 896 1
2707 1308 10000
2300 534 10000
1713 970 1
1873 1225 10000
2044 2434 10000
732 1582 10000
2508 2158 1
1674 1033 1
2672 1114 1
2098 2392 1
1429 2984 1
1873 1596 10000
1360 735 1
1177 2224 10000
1045 275 1
2768 2118 1
1879 170 1
754 1515 10000
2830 1226 10000
1251 654 10000
1330 690 1
1074 458 1
1445 579 10000
2100 772 10000
530 1973 10000
2881 74 10000
171 1572 1
749 1454 10000
692 11 10000
2414 938 10000
1694 1602 1
66 1023 1
1507 2351 10000
1000 2253 1
2506 942 10000
2781 1710 10000
2543 44 1
1272 282 10000
2679 83 10000
1076 605 10000
1824 215 10000
2088 612 1
2120 2531 10000
747 259 1
1807 304 10000
305 2334 1
2619 2870 10000
1743 850 1
1076 1660 10000
1164 2774 1
983 1654 1
254 2804 1
2139 2755 1
1977 456 1
473 2094 10000
2728 2686 10000
2932 2768 10000
2479 2120 10000
170 2136 10000
2920 1577 10000
2331 909 10000
1429 1593 10000
1667 1575 1
2401 870 1
1916 2884 1
678 1180 1
890 1319 10000
1779 2442 10000
525 2091 10000
2750 2479 10000
2524 1964 10000
1073 1933 1
1195 963 10000
1344 1252 10000
1141 2495 10000
603 656 1
2490 2182 10000
1721 2161 1
1089 1585 10000
657 1769 10000
2790 960 1
2971 2838 1
582 2848 1
1981 1294 1
290 1671 10000
563 1466 1
2375 111 10000
350 607 1
1304 2309 1
746 2433 1
2695 2058 10000
2272 707 10000
2824 2099 10000
2802 2699 1
661 2174 10000
369 2992 1
1269 2269 10000
961 1749 1
189 1251 10000
2871 175 10000
1009 1032 10000
2641 1402 1
1210 2173 1
2799 2421 10000
1802 2834 1
1317 569 1
1907 2449 1
408 307 1
240 2474 10000
817 1831 10000
293 2463 1
326 744 1
2887 1000 10000
1881 2850 1
2142 2845 1
1900 540 1
1997 2383 1
1650 218 10000
599 1760 10000
2743 2330 10000
1426 2754 1
2493 2048 1
1844 1118 1
678 1078 1
383 2597 10000
984 2207 10000
409 2757 1
2260 2368 1
1806 1123 10000
2066 181 1
319 2206 1
17 1531 10000
887 2302 1
1279 1195 1
238 1032 10000
2447 1301 1
254 2620 10000
1399 1977 1
1623 2447 10000
1952 2279 1
2485 386 1
840 1362 10000
1116 2988 1
321 2430 10000
1696 530 10000
2335 1915 1
787 191 1
2871 1414 10000
1423 2170 1
2369 947 10000
2175 2222 1
1286 1031 1
1325 228 10000
2972 2358 1
1435 2227 1
1571 1728 10000
1165 1706 1
1576 1294 10000
578 1954 10000
2615 2319 1
136 549 10000
2299 2916 1
1130 336 10000
2109 2420 1
298 2824 10000
2517 368 10000
588 1095 10000
2640 1912 10000
2067 2137 10000
1731 1564 10000
27 894 10000
1711 226 1
2927 2116 10000
1144 872 1
488 2718 10000
2046 854 1
817 716 10000
401 268 10000
167 2452 10000
964 915 1
677 791 10000
1929 2412 10000
145 2015 10000
2503 859 10000
1721 1418 10000
2635 1366 1
2537 2133 1
2664 2949 10000
828 1609 1
2190 441 1
543 1516 10000
740 85 10000
2144 1162 10000
1134 1138 10000
1151 1030 1
2504 2702 1
880 2743 10000
2938 878 1
1956 2733 1
1985 1430 1
101 2413 10000
2263 371 10000
2491 2977 1
571 917 1
731 2776 1
833 2388 1
2802 1842 10000
1845 1818 1
1816 2525 1
816 2753 10000
1919 2789 10000
2783 2191 1
2524 2027 1
2814 1142 1
804 147 1
862 2487 1
1440 1617 10000
2014 374 1
1527 2267 10000
1224 2747 1
90 2584 10000
1311 414 1
1392 1058 10000
1748 421 1
1075 90 10000
176 516 10000
596 1910 1
952 265 1
1945 1552 1
2371 2715 1
502 816 10000
110 2326 1
1566 1982 10000
544 33 10000
1007 1710 1
668 1811 10000
1006 1545 1
2065 63 1
883 1568 1
680 1463 10000
656 2072 1
2145 1883 1
1479 2732 1
1358 385 10000
2259 2202 10000
2719 570 1
2314 1138 1
1913 256 1
2971 2179 1
1266 531 1
1698 2765 1
1392 506 10000
2507 1074 1
2655 1529 1
189 2033 1
1117 2616 1
2088 739 10000
2690 1942 10000
1092 163 10000
864 702 1
2441 1906 1
101 2608 10000
2153 2715 10000
437 990 1
1420 2207 10000
1453 972 10000
338 2683 1
1370 2109 1
2064 1458 10000
1472 2558 10000
204 2507 1
2887 2022 1
793 1037 1
2829 2217 1
1356 521 10000
401 468 10000
1621 2138 1
2280 2672 1
1369 635 10000
657 2735 1
56 1164 10000
719 2599 1
2245 2490 1
341 356 1
1332 1424 1
533 2961 10000
2615 936 1
2240 1263 1
1648 919 1
2106 2278 10000
510 2711 1
1081 2815 10000
292 1902 1
1512 1094 10000
833 2257 10000
568 1286 10000
2224 439 10000
776 21 1
957 2373 10000
1618 1436 10000
1584 2184 1
1889 2816 10000
2135 830 10000
1660 2506 1
2382 706 1
1080 1820 1
1615 468 1
2958 1592 10000
879 1576 1
921 1795 10000
1255 291 1
1444 2583 1
2278 1272 10000
165 2777 10000
133 1261 10000
873 908 10000
2830 2976 10000
2999 2245 1
751 872 1
1229 752 10000
144 2254 10000
493 2304 10000
2263 381 10000
135 1625 1
755 2222 10000
1237 1314 10000
380 2437 10000
1089 2432 10000
2999 2199 10000
1667 2653 10000
774 2178 1
1509 2734 10000
1309 2932 10000
964 827 1
1821 1370 10000
2171 152 10000
383 927 10000
2031 470 1
1593 1840 1
2741 2724 1
2495 2700 1
2299 2935 10000
1997 2101 1
1513 1773 10000
1930 755 1
2177 2567 1
2098 567 1
1052 2823 1
651 16 10000
1008 978 1
653 1979 10000
191 665 1
2545 2410 1
2247 2234 1
1983 1858 10000
751 1343 1
1359 2119 10000
65 1812 10000
775 1115 10000
198 14 10000
1621 1631 10000
532 1569 1
2031 887 10000
2581 2619 10000
1427 2274 1
973 660 1
500 905 10000
2262 130 10000
2947 2827 1
2015 2022 1
502 1953 10000
174 681 10000
2786 1818 1
2497 809 1
1599 1743 10000
1415 740 1
1566 1573 10000
910 1365 10000
893 906 10000
2835 1744 1
2759 1306 10000
2299 1268 1
521 806 1
2332 2590 1
1995 99 10000
1079 1812 10000
1066 283 1
1363 928 1
2306 2446 10000
687 2599 10000
1945 1609 1
2897 1283 10000
354 1004 10000
2150 1104 1
1523 2761 10000
1630 487 1
1053 87 10000
964 643 10000
35 2583 1
339 453 10000
1783 2280 1
375 1967 10000
2836 2284 10000
2139 1677 1
165 1601 10000
1030 2189 1
2178 2008 1
2881 1843 1
396 1604 1
2671 1506 1
1646 1919 10000
628 996 10000
286 369 10000
936 2489 1
120 1871 10000
2840 542 1
2787 1646 10000
880 704 1
2072 2997 10000
715 452 1
1285 1136 1
327 2922 10000
1425 579 1
207 1241 1
1540 1298 1
1593 2608 1
2027 2946 1
2217 2300 1
397 798 10000
1462 1494 1
1083 2117 10000
2401 614 10000
2473 1888 10000
1108 2983 1
1205 2678 10000
682 2929 1
2786 975 1
1455 9 1
2712 1458 10000
2005 2426 10000
2920 2842 1
0 2515 1
1699 2488 1
2268 917 10000
36 1852 10000
1020 1212 1
295 2214 10000
333 1357 1
1999 730 10000
520 51 1
1232 2739 1
1363 2466 1
1704 1714 1
1354 847 10000
2790 2086 10000
1331 1078 10000
298 2039 1
1296 2366 1
775 1358 1
1679 1045 10000
2553 2666 10000
2570 238 1
1657 1712 1
1384 927 10000
1352 858 1
81 305 10000
1264 2128 1
1006 1957 10000
2203 2090 10000
650 66 10000
1819 2667 10000
2236 2885 1
2847 2268 1
204 2145 10000
1984 91 1
1739 2266 10000
2948 345 10000
2086 2509 1
813 2745 1
1052 2692 10000
2543 1268 10000
522 1636 10000
2438 2563 10000
2814 1726 10000
791 2127 1
2229 231 10000
1794 464 10000
2450 700 10000
1426 1875 10000
1546 2002 10000
1667 1002 1
1998 1780 1
1990 593 10000
2849 2839 10000
2312 849 10000
87 2973 10000
1630 2409 1
274 2097 10000
1242 1537 1
989 1091 10000
2300 2221 1
2857 161 1
409 249 1
2139 62 10000
46 239 1
1266 1799 1
1633 961 10000
1291 2977 1
1312 426 10000
2039 2174 1
1122 1965 10000
1358 185 10000
1005 1123 10000
1475 1917 1
813 194 10000
2367 2947 10000
486 1711 1
249 1211 10000
1028 2571 1
1056 396 10000
1304 262 10000
2912 700 1
1460 2729 10000
578 1776 1
805 948 1
2803 2806 1
1261 1777 10000
164 1528 1
2608 910 1
1802 2382 1
2059 387 1
41 2868 1
1792 2149 10000
2181 2184 1
187 876 1
404 1130 10000
1323 2041 1
1540 1652 1
1224 602 10000
2533 13 1
229 2264 1
2958 2083 1
1211 1355 1
1378 376 1
981 2979 10000
288 1652 1
1029 373 1
1842 1482 1
1111 146 10000
640 2260 1
1133 110 1
2176 2645 1
1632 1025 10000
1717 1061 1
1490 1020 10000
1738 860 10000
2871 604 10000
703 2938 1
877 1436 1
1168 2062 1
2691 1132 1
100 1652 10000
1766 2163 1
2700 1296 10000
2994 1334 1
1528 1657 10000
1694 2162 10000
1464 1870 10000
1462 423 1
1223 1371 1
2446 1234 1
629 143 10000
1998 2258 10000
1081 2114 1
56 2891 1
429 2386 1
460 1848 1
332 2554 10000
2285 2125 10000
2379 151 1
1117 588 10000
2089 893 1
1918 2526 10000
681 2347 10000
1606 1976 1
1649 1527 10000
2190 866 10000
634 2798 10000
2683 1422 1
1105 2351 10000
2057 737 10000
2050 1269 1
1669 2883 10000
1941 2602 10000
1932 406 1
1193 1460 1
907 2314 10000
1213 419 1
2978 1565 10000
2890 2376 1
2993 2442 10000
788 421 10000
1282 390 1
260 1109 1
882 1166 10000
327 1262 1
525 1773 10000
182 2341 10000
684 2323 10000
860 2204 10000
2969 1754 10000
1382 2865 1
757 2898 10000
1611 2270 1
1296 2114 10000
1889 1969 10000
1899 1849 1
2341 357 10000
727 1315 10000
1509 710 10000
1348 730 1
2624 864 10000
214 1915 1
1012 1227 10000
2394 497 1
2801 1914 1
952 903 10000
343 611 1
2783 2913 10000
2112 1036 10000
325 553 10000
543 575 1
2960 1510 1
1474 0 1
2971 1399 1
1204 567 10000
2882 763 10000
1807 1021 10000
1535 1512 10000
1451 1953 10000
217 2170 10000
876 2545 10000
1272 1198 10000
1649 404 10000
38 173 10000
2775 318 10000
2978 176 1
1647 1684 1
2045 357 10000
2418 30 1
2564 2377 10000
2350 1629 1
1907 1285 10000
1116 2065 10000
2489 1975 10000
981 1892 1
631 2412 10000
1191 2541 10000
1240 2787 10000
560 852 10000
2103 815 1
1047 1140 1
658 2539 10000
874 1906 10000
607 2808 10000
2879 2474 1
2379 1885 1
2731 1971 10000
640 1621 10000
1841 1850 1
2457 2927 10000
2844 1343 1
2375 2198 1
687 345 1
2708 478 10000
97 2830 1
201 341 1
2279 1511 1
551 1615 10000
934 2564 10000
1713 1632 10000
1179 1950 10000
1352 1976 10000
59 429 10000
1726 1070 1
1193 557 10000
1735 2277 10000
1913 721 1
1789 624 10000
885 2644 10000
1532 2909 10000
568 2645 10000
1679 1880 1
332 501 10000
2011 1589 10000
1650 471 10000
241 586 1
2606 2237 10000
1675 1305 1
2913 1283 10000
1122 2360 10000
475 1085 10000
957 69 1
2471 2078 1
2487 292 1
2029 1302 1
989 1432 1
1767 1168 10000
2532 1316 10000
2126 2384 1
2568 1884 10000
1316 1819 10000
1368 2951 10000
550 2331 10000
205 2092 1
839 158 1
2117 2204 1
1581 1105 1
1611 553 10000
1854 1862 1
2855 2917 10000
2842 1017 1
2317 136 10000
1362 844 1
1771 2493 1
103 1099 10000
1663 1503 1
19 198 10000
1916 2284 10000
373 820 1
261 1662 10000
879 1506 1
2750 1216 1
1608 2663 10000
214 2282 10000
1344 2457 10000
2318 389 1
940 2485 1
653 754 10000
312 640 10000
2517 35 1
2903 2369 10000
2077 1306 10000
404 98 10000
475 2447 1
2788 1791 10000
1793 643 10000
1598 1905 10000
1419 1256 10000
2885 1547 10000
2640 1877 1
1823 1555 10000
335 1670 1
2453 2658 10000
2499 462 10000
82 551 10000
2380 550 1
506 1890 10000
1502 2769 1
785 2785 1
323 952 1
896 1809 10000
2342 2993 1
1715 1368 1
1580 2480 10000
1402 1167 1
1073 1384 10000
1580 939 1
9 2835 1
379 397 1
1387 2133 10000
2499 2504 10000
312 991 10000
393 1941 10000
918 2635 1
2275 1962 1
1771 474 10000
594 342 10000
2396 680 1
1242 1841 10000
1173 2758 10000
2344 362 1
1770 1024 1
1983 1519 1
513 492 10000
2186 2336 10000
818 493 10000
75 1491 10000
2997 2079 1
26 1276 10000
1750 868 1
2347 689 10000
2433 1871 10000
1816 1699 1
2065 430 1
1420 2436 10000
940 2549 10000
1503 1611 10000
2785 2934 10000
623 602 1
969 2612 10000
2890 2014 1
2277 969 10000
2875 1071 1
130 999 10000
2806 912 1
272 921 1
908 276 1
1790 2877 1
2873 2642 1
2005 2858 10000
1407 508 1
228 1776 1
563 423 1
2013 207 10000
1814 1109 10000
2024 1461 1
1334 2437 10000
5 2093 1
1704 1950 1
1383 2038 10000
679 1889 1
1708 2708 1
2543 455 1
621 1015 1
1093 2252 10000
1199 692 1
81 1886 10000
30 36 1
1284 525 10000
1191 2152 1
17 2103 10000
756 1084 1
1571 2014 1
2089 2609 10000
2025 1955 10000
2728 2338 1
13 1823 1
1789 1360 10000
670 2873 10000
991 2969 1
321 585 1
2578 287 10000
736 1205 10000
2312 548 10000
672 197 10000
1739 1990 1
2310 1344 1
1808 2693 1
2497 1453 10000
1331 1388 10000
2473 2945 10000
2189 1890 10000
2510 2846 1
1899 473 10000
765 817 1
668 364 10000
2407 135 10000
747 2220 10000
344 2160 10000
729 585 1
1435 1506 10000
1422 1008 10000
1419 2739 1
2598 31 10000
146 19 1
276 2325 1
1196 100 1
2767 49 1
2527 27 1
1868 62 1
335 1637 10000
2655 213 10000
904 5 10000
2113 2904 10000
2565 1276 1
844 2438 1
788 364 1
2575 1005 10000
1500 2578 10000
619 884 1
2391 1664 10000
498 757 1
2122 2628 1
2844 665 1
1162 2492 1
2128 2436 10000
1262 2732 10000
1097 1814 1
1871 2998 1
119 2987 10000
1700 1785 1
2957 2204 10000
2636 1156 10000
1556 30 10000
1739 1975 1
741 274 10000
2972 830 10000
2071 2421 1
2860 2152 10000
1192 155 1
1723 2909 1
286 246 10000
1880 638 1
1651 1192 10000
1648 1432 1
55 1743 1
488 1185 1
2679 2266 10000
925 2689 10000
2837 800 10000
475 1214 1
1730 1012 10000
1230 1502 10000
2086 983 1
1723 343 10000
2125 418 10000
902 228 10000
2605 2103 1
1295 1079 10000
1355 1843 1
529 1295 1
1483 1972 10000
1860 2342 10000
2911 1655 10000
2254 410 10000
2866 2126 10000
1008 2620 10000
918 1570 10000
1600 69 1
2915 474 1
739 743 1
40 1898 10000
983 40 1
2471 2237 1
2522 2546 10000
1960 1234 10000
1719 2041 10000
959 2696 10000
2899 866 10000
2153 2663 10000
1859 2620 1
1098 885 1
2809 292 1
1571 2044 10000
1837 185 10000
437 261 10000
2201 159 10000
2414 476 1
2057 1181 1
2071 262 10000
279 358 10000
2057 883 10000
1359 165 1
2013 46 10000
780 610 1
16 2137 10000
1860 2325 1
1887 2470 10000
727 1316 1
1346 405 1
1673 2703 1
1935 1427 1
1581 49 10000
822 2843 10000
296 203 1
2972 29 1
756 996 1
2004 1239 1
1674 2811 1
32 2879 10000
650 1926 1
2275 2050 10000
2663 1170 10000
2432 939 1
2568 146 1
1398 1327 1
1330 2172 1
1122 2158 1
2069 2136 1
2315 2121 10000
195 2017 10000
449 1259 10000
2011 2328 1
1816 2899 1
1500 1617 10000
2758 297 10000
684 1329 10000
2132 162 1
2325 738 1
1037 367 10000
2845 868 10000
1329 2758 1
1346 707 10000
1282 1038 10000
361 2244 1
2286 1375 10000
826 2127 10000
389 943 10000
2724 838 1
2101 1108 10000
2689 1708 10000
803 1766 10000
1596 1198 1
168 367 10000
2581 7 1
2731 1334 1
271 1097 1
1006 32 1
2660 517 10000
1113 103 1
800 2367 1
400 1774 1
1166 889 1
599 727 10000
1720 1354 10000
2932 884 1
13 855 1
2921 1335 1
2069 729 1
2575 1351 1
2156 1789 1
1651 2079 10000
1633 1310 1
596 586 1
627 1732 1
1405 2292 1
2195 2828 1
2691 1199 1
820 1612 1
2963 2316 1
501 105 1
196 1877 10000
147 1732 1
747 2866 10000
1415 614 1
805 185 10000
758 1382 1
1865 934 1
2197 2995 10000
449 285 10000
1792 726 1
2691 1790 1
1627 2275 1
1885 430 10000
682 103 1
2664 859 1
1041 2857 10000
2603 2158 1
2636 2974 1
370 1797 1
1284 646 10000
1196 471 1
2112 344 10000
227 732 10000
922 2162 1
2497 805 1
1245 2915 10000
2316 1945 10000
1129 2058 1
2930 1570 1
2316 623 1
520 2286 1
1306 2788 1
532 679 10000
213 2801 1
2090 515 10000
2847 2998 10000
1476 1456 10000
1514 82 1
201 1932 10000
683 1942 10000
460 2794 10000
2557 2286 1
784 119 1
1255 1854 10000
2439 1464 10000
1686 2946 1
183 744 1
2432 1021 10000
1133 1476 1
1548 883 10000
1683 1697 1
1235 2773 1
1028 79 10000
375 1672 10000
975 196 1
435 1230 10000
1813 1573 1
1558 1642 10000
2798 2198 1
1012 2679 1
2071 945 1
2083 1535 10000
1388 1070 1
1655 2499 1
1861 2465 10000
780 112 1
2141 453 1
1605 2794 10000
2350 686 10000
519 1878 10000
1093 437 10000
614 604 10000
486 703 1
670 418 10000
331 396 10000
2768 295 1
2719 2637 10000
1474 569 10000
2199 726 1
1657 1287 10000
234 1175 1
2394 2636 10000
7 400 1
2899 2156 1
1821 1165 10000
1129 2826 10000
904 1934 1
1387 1648 1
271 2732 1
2367 2961 10000
1503 2624 1
1583 1684 10000
2202 333 1
781 715 10000
1535 416 1
2637 919 1
710 472 1
1612 1557 1
232 1815 10000
1287 2930 10000
1844 781 10000
1314 1932 1
1359 856 10000
197 2912 1
1717 2520 1
2131 686 1
2055 2788 1
2546 2310 1
1424 1734 1
2066 1757 10000
1696 1598 10000
29 416 10000
354 476 10000
1715 143 1
1086 1675 1
1761 2181 10000
2439 1673 10000
905 2235 10000
839 592 10000
722 2313 1
868 1511 1
943 2257 1
969 2568 1
2612 766 10000
1059 653 10000
1149 2520 10000
1595 1346 1
2817 232 10000
1449 2484 1
1558 888 10000
575 1243 1
1637 822 1
2801 2202 1
1729 1918 1
613 689 10000
2891 554 10000
2688 1753 10000
1794 529 10000
2221 2310 1
1426 1556 10000
839 242 10000
1172 1605 10000
2407 1374 10000
749 426 10000
1586 808 1
1342 764 10000
743 1285 10000
172 2189 10000
1291 2688 10000
2677 1383 1
2172 765 1
1129 1598 1
1039 1185 10000
1861 1949 1
1636 1281 1
1398 2662 1
1578 1287 10000
2172 428 10000
2707 1152 1
907 2854 10000
2108 2100 10000
379 1017 10000
2973 726 1
1803 2846 1
2150 1995 10000
9 1240 10000
1729 351 10000
189 2882 1
1844 1963 10000
2559 2529 10000
1935 1204 10000
2565 887 10000
1620 1229 1
2921 1451 1
962 1881 1
1914 1546 1
210 510 10000
670 2344 10000
147 1958 10000
2443 438 1
1172 1620 1
1671 1190 1
1909 1131 1
1239 1545 10000
57 913 10000
1214 1471 1
1485 393 1
2141 1813 1
1394 997 1
1934 1021 1
1558 1398 1
1126 2742 10000
1338 1310 10000
2692 2817 10000
1394 1847 1
79 1958 10000
2233 472 1
1162 273 1
251 1066 1
2847 1161 1
217 973 10000
1213 1762 1
334 2818 10000
821 2453 1
1479 473 1
2029 2215 10000
1220 2549 10000
2967 1159 1
1523 2637 10000
364 1673 10000
1719 838 10000
594 1514 10000
234 631 1
55 1548 1
2215 2809 10000
2798 428 1
279 1419 10000
2380 1041 10000
722 2494 10000
1407 2355 10000
535 173 1
2506 1002 10000
1378 195 1
255 2687 10000
1886 2754 1
1073 2961 1
2527 996 1
168 621 10000
1702 171 10000
2811 686 1
950 2336 10000
633 2610 10000
1803 2235 10000
2483 1600 10000
1407 1547 1
498 1425 10000
1245 2731 10000
2034 2452 10000
1557 1017 1
923 514 1
758 2317 1
1448 1485 10000
79 172 10000
1071 532 1
2661 2020 1
1785 1741 1
1194 1983 10000
513 1210 10000
1236 392 1
2848 331 10000
2344 876 10000
762 910 10000
1374 1955 1
2223 1290 1
1716 1655 10000
1119 2380 10000
745 1468 1
2598 965 10000
2039 2453 1
1475 2128 10000
2332 2087 1
2399 257 1
1399 1740 10000
923 1117 1
780 2085 1
1900 1766 1
227 2104 1
1716 950 1
1431 523 1
1511 2720 10000
725 420 10000
1887 923 10000
741 1799 10000
1428 515 1
2145 1068 1
1348 1002 10000
2409 513 1
2445 59 10000
1157 2886 1
2209 766 1
2258 1342 1
796 98 10000
535 1596 10000
658 1578 10000
149 2015 10000
455 1072 1
1472 1892 1
1984 1680 1
2362 2329 1
318 384 10000
1708 1793 10000
634 2652 1
1586 267 1
1322 279 1
2483 1808 10000
128 2332 1
810 2113 10000
351 810 10000
965 1698 10000
169 1157 10000
2349 2264 10000
2282 2141 10000
2185 1338 10000
2066 1011 1
738 1785 10000
2565 2114 10000
2130 2438 1
934 2677 10000
658 2134 1
2858 1731 10000
2232 688 10000
159 1391 1
855 152 10000
1500 1762 10000
613 2882 1
1363 1747 1
1905 508 1
440 1794 1
1235 42 10000
767 2085 1
2912 1227 10000
586 2123 1
2557 1391 10000
1243 1471 1
1799 1455 10000
1092 1418 10000
1276 1300 10000
856 2284 1
519 1424 10000
1244 1348 10000
1482 561 1
152 1740 10000
913 1821 10000
701 1342 10000
669 2570 10000
1322 420 10000
1112 809 10000
1962 1554 1
1098 2576 1
2112 2282 10000
700 2808 1
212 1245 10000
1216 853 10000
1157 1435 1
1935 2040 1
528 1038 1
2688 2107 1
2137 1894 10000
1351 973 1
683 2124 1
1410 2858 1
889 2687 1
1985 296 1
1190 1461 10000
660 1140 1
1098 1300 1
1167 205 10000
2735 736 1
1900 1106 1
943 1698 10000
589 2903 1
1119 1039 10000
2391 738 10000
1483 2866 1
759 1066 10000
962 2040 1
234 2415 1
1955 826 1
1651 2055 1
2921 492 10000
267 1894 1
29 318 1
299 387 10000
1239 2362 1
896 1476 1
1886 1475 1
2411 97 10000
2328 776 1
1281 2937 10000
2559 1327 10000
999 2514 10000
537 298 1
2276 2592 1
1960 55 10000
569 1223 10000
2391 1410 10000
1140 2728 1
2991 1665 1
1963 2610 1
187 1152 1
177 498 10000
2197 776 10000
464 139 1
1554 1352 1
1170 1747 10000
877 2107 1
210 349 1
2205 2292 1
621 1763 1
669 548 1
1868 1007 10000
33 1767 10000
2150 314 1
1960 400 1
1933 2955 10000
2452 2256 10000
420 2167 1
2233 2605 10000
890 2893 10000
508 891 10000
1223 1672 1
431 2855 10000
2955 704 1
2123 295 10000
982 2708 10000
799 2421 1
922 2978 1
1456 2893 1
2903 1108 10000
349 524 1
351 2967 1
1290 361 1
2415 2792 10000
2254 2132 1
891 2514 1
881 2046 1
2983 1394 1
822 2471 10000
2934 370 1
1266 1641 10000
2443 381 10000
122 283 1
139 1669 1
2156 1713 10000
1483 2677 1
1100 600 1
1311 1641 1
1369 361 1
762 722 10000
1482 881 1
1669 2396 1
626 2811 10000
2399 1674 1
2687 2686 10000
1872 2205 1
867 736 10000
1861 381 1
2840 1410 10000
2013 1490 1
278 1887 1
2235 734 10000
2167 1279 1
2044 2206 10000
2317 594 1
1523 2104 1
1194 1311 10000
812 309 1
2108 1039 10000
734 2869 1
2177 701 10000
1092 528 1
1221 2836 10000
2610 1569 10000
2256 2195 1
721 2411 10000
1822 2849 10000
2720 2712 10000
1715 858 1
2855 675 1
721 491 10000
392 1279 10000
663 1740 1
638 2652 1
2227 1244 1
600 1822 1
806 1822 1
731 507 10000
2808 548 1
2969 2247 1
1526 1431 1
673 296 1
1488 2559 1
812 2925 1
2624 601 1
387 2152 10000
2108 2664 10000
1763 243 10000
2206 633 1
1490 799 10000
560 1761 1
2094 1956 1
2122 2078 1
1354 1817 10000
136 2465 1
2660 1112 1
2349 1106 1
2197 2460 10000
128 2775 10000
796 408 10000
2209 757 10000
1783 206 10000
847 717 10000
2949 2973 1
436 2301 1
2415 576 10000
2854 1136 1
1747 2195 1
2399 2841 1
970 1383 10000
2966 1926 1
2462 1428 10000
2348 695 1
673 2240 10000
928 283 1
1838 212 1
2793 2809 10000
646 554 10000
601 1854 10000
1448 87 10000
717 2020 1
314 1207 1
962 2110 10000
1175 1917 1
2484 1068 1
3 2247 10000
1491 874 10000
535 675 10000
1431 2232 10000
1777 1974 10000
2185 2232 1
1075 675 1
1486 2124 1
2660 2913 10000
734 902 1
922 997 1
479 1777 1
1020 2841 1
1189 563 10000
638 1028 1
2607 1207 10000
2544 1205 10000
1380 1894 10000
3 1742 10000
2712 1583 1
2020 2553 1
2840 2484 1
205 1059 10000
1126 1872 10000
2151 1989 10000
354 913 1
2563 334 10000
1917 1862 1
537 2749 10000
1059 2165 1
1827 2898 10000
2132 2180 10000
1090 1024 10000
1872 885 10000
784 247 1
2952 2349 10000
2345 2553 10000
1149 208 1
1212 2793 1
392 1665 1
982 206 10000
479 1742 1
2110 2462 1
2240 1192 1
1281 116 10000
1400 286 10000
1491 2666 10000
2177 42 10000
1189 1472 1
2605 242 10000
1378 1369 10000
2134 2301 10000
554 219 10000
208 2544 10000
2315 2859 1
306 1395 1
221 41 1
334 2603 10000
2227 2558 1
1688 369 1
149 273 10000
829 704 10000
663 293 1
1827 2793 1
2105 25 1
48 1202 1
784 491 10000
1090 1202 1
694 24 10000
2966 2848 10000
319 620 1
149 2004 1
1242 1145 1
749 1263 10000
1072 214 10000
2968 2276 10000
1774 2952 1
2945 2894 10000
2348 1380 1
1072 814 10000
1680 1454 10000
1034 1909 1
829 902 1
179 2008 1
450 2547 10000
2740 1034 10000
1152 731 1
560 1768 1
313 1680 10000
1011 1838 10000
620 42 1
2603 1644 1
2008 2960 1
2530 1688 10000
1537 492 1
2693 1683 1
272 2776 1
1956 389 10000
2609 2936 1
970 116 10000
1979 852 10000
41 422 10000
116 745 10000
881 75 1
519 2756 1
1644 1686 1
2685 1004 1
2312 2960 10000
1979 745 10000
2872 524 1
2558 1702 10000
1510 1011 1
181 1878 10000
1101 272 1
491 524 10000
2891 2180 10000
1468 2571 10000
422 1878 10000
194 128 10000
285 194 10000
2315 2609 10000
1221 1449 10000
1395 2703 10000
1210 1220 10000
2229 1090 10000
1267 1665 10000
1329 1827 1
2003 2649 1
285 2995 1
1235 590 10000
958 105 1
2290 1488 1
2749 1722 10000
2276 2318 1
2470 206 1
1702 2121 1
2003 1001 10000
1901 2530 1
2562 2229 1
2123 2003 1
243 241 10000
1441 25 1
183 1191 1
231 2571 1
1101 2519 10000
2592 255 10000
145 2773 10000
1325 2445 1
171 243 1
231 2445 1
59 2046 10000
1101 1267 1
105 1267 1
2854 1705 10000
907 376 10000
528 1937 1
1038 183 10000
376 1488 10000
1004 195 1
25 854 1
1220 39 1
744 501 1
647 326 10000
2252 1763 10000
1683 1183 1
647 1690 1
2308 1690 1
684 2105 1
2308 2323 1
2323 2556 1
