3000 1000 5856
856 2076 1
2146 425 10000
1598 983 1
2025 2384 10000
83 1696 1
2544 1888 10000
1185 2753 10000
1412 593 1
530 2112 10000
2180 2977 10000
1021 2561 10000
1826 998 10000
804 2852 1
895 2626 10000
67 647 10000
2114 2504 1
112 1692 1
1155 346 10000
1254 2404 10000
635 2478 10000
1652 1756 10000
1647 381 10000
207 1709 1
2836 1065 10000
112 700 1
991 1661 1
176 362 1
893 690 1
740 476 1
2227 2584 1
2343 1076 10000
2621 2172 10000
521 1847 10000
1890 2515 10000
130 1926 1
204 1833 10000
939 325 1
1954 1619 1
2551 463 1
2489 959 1
45 2591 1
522 769 1
756 1712 10000
1416 2318 10000
2440 508 10000
1846 2238 1
2403 315 1
4 1752 1
2674 1326 10000
2509 337 10000
1448 2480 1
2630 831 1
663 1089 10000
2080 2456 1
1794 2968 10000
275 1721 1
1086 27 1
1927 754 1
1027 2536 10000
532 2624 1
229 2003 10000
672 531 10000
1135 1543 1
173 2759 1
2093 328 10000
2496 2171 1
1790 2471 10000
1416 1763 10000
1726 1154 1
1898 1563 1
556 2228 1
2105 1353 10000
39 470 1
1665 1356 10000
2574 435 10000
2114 976 1
2327 1405 1
85 126 1
1150 133 1
2925 2674 1
1445 250 10000
2707 1340 10000
1937 865 10000
885 1255 10000
1552 1623 1
2697 107 10000
2650 807 10000
235 1996 10000
1729 1999 10000
2268 2461 1
78 2768 10000
1625 825 1
1762 1408 10000
2230 2913 1
671 1704 10000
662 1309 1
1205 2271 10000
1700 2721 10000
1142 59 10000
2385 2596 10000
2572 81 1
785 229 10000
266 2414 10000
1651 1772 1
243 2873 10000
238 2378 1
2554 2395 10000
1655 407 1
393 1742 1
2898 1547 10000
861 1475 1
1241 2423 1
1781 214 1
751 1542 1
1321 1069 1
2403 555 10000
1778 14 1
1181 1643 10000
830 247 10000
1914 573 10000
692 2849 1
2893 56 1
2311 937 1
1335 1001 1
820 1720 1
116 1607 1
2464 1196 10000
914 1013 1
826 1220 10000
1138 529 10000
1894 2921 10000
1040 1203 1
2788 2771 10000
1945 1633 1
731 1274 10000
1012 2175 1
1522 1578 1
957 526 10000
902 2230 1
2512 847 1
228 256 1
2348 1852 10000
912 2400 10000
206 283 10000
2381 2004 10000
1574 2083 1
194 2744 10000
2577 1829 1
553 718 1
2547 878 1
962 845 10000
2095 366 1
1460 2760 10000
2099 2958 10000
2119 2555 1
166 652 10000
1817 432 1
2247 451 10000
1491 2444 1
2298 2385 10000
162 2801 10000
1931 2260 10000
84 1921 1
1991 2153 10000
378 2688 10000
1967 853 10000
2191 936 10000
894 2265 1
473 67 1
2159 609 10000
771 543 10000
2897 2193 10000
2500 2830 1
102 1282 10000
66 1473 1
1116 2498 1
2021 2169 10000
2933 2563 10000
1541 1169 10000
343 1124 10000
206 1946 1
1596 2446 10000
2575 1618 1
662 2829 1
2972 2703 10000
1161 2893 10000
546 1925 1
1581 2743 10000
1363 2421 10000
1971 2308 1
1445 840 10000
364 1681 10000
2705 2069 1
1778 1683 1
1802 1218 10000
2267 80 10000
1181 1794 1
2084 35 10000
710 2070 1
540 1561 1
1452 1798 1
2745 26 1
2013 251 10000
454 1298 10000
487 2709 1
82 626 10000
2362 138 10000
786 72 10000
1950 1043 10000
2806 2908 10000
380 790 10000
317 2116 10000
2543 2560 1
1866 1115 1
1044 1558 10000
504 1817 10000
2949 2092 1
219 1514 10000
2579 1109 1
1524 2463 1
1339 2990 10000
137 2449 1
115 1836 10000
2196 2402 10000
1139 326 1
2997 1869 10000
2705 2989 10000
1573 2060 1
792 2496 10000
1727 117 10000
746 1141 10000
200 2243 1
1782 2622 10000
1476 9 1
1466 2429 10000
1624 93 10000
1567 2011 10000
646 335 10000
1070 2696 10000
227 1789 1
2327 944 1
2408 1278 10000
1812 2761 1
2817 2368 1
1766 2513 1
2512 631 1
1324 276 10000
2482 1341 10000
1212 1718 10000
658 520 1
2820 2940 1
990 2974 10000
1365 2192 1
2708 806 10000
221 2529 1
2282 2413 10000
2099 1800 10000
418 1276 1
159 1815 1
2924 717 10000
424 2660 10000
1080 835 1
1482 2235 10000
903 1808 1
321 514 1
2576 1773 1
2371 2064 1
676 2213 10000
277 837 10000
798 1269 10000
169 1663 10000
1948 928 1
638 1139 10000
42 2350 10000
1601 1339 1
1160 1786 10000
2906 1161 1
576 2329 1
457 2141 1
305 1484 10000
1998 1642 1
124 2420 10000
704 1899 1
1783 1768 10000
862 512 10000
907 2841 10000
2001 277 10000
2166 1249 1
1963 624 1
2026 764 1
1140 815 10000
1842 241 10000
2822 1734 1
2984 2521 10000
2053 91 1
2205 208 1
637 339 1
798 1344 10000
1403 2683 1
727 364 10000
2574 2298 10000
950 747 10000
885 753 1
539 2299 1
1769 2608 1
1846 642 10000
1562 2528 1
738 1210 1
699 523 1
2751 497 10000
1613 2234 1
2311 240 10000
1667 2781 1
1509 2454 1
1460 2929 10000
971 98 1
490 1350 10000
1366 916 1
1138 100 10000
782 1073 10000
1250 1895 1
279 2714 10000
1433 1158 10000
2522 142 1
689 1590 1
918 791 10000
724 856 10000
197 311 10000
2658 2819 10000
2882 1711 10000
614 1086 1
2451 1106 1
2424 401 1
294 2479 1
896 501 1
793 1739 10000
1905 1093 10000
2034 1534 10000
1186 2052 1
964 2746 10000
2301 484 1
1753 272 10000
999 288 10000
550 2002 1
2039 2239 1
1390 728 1
2352 1746 1
2544 1342 10000
2068 924 10000
1651 1961 1
631 1510 10000
1630 2661 10000
397 2772 1
1397 1018 1
2095 329 10000
1850 1406 1
2838 2039 1
684 1745 1
1767 1986 1
564 1383 10000
921 1429 10000
1498 1900 10000
2835 2078 1
31 2878 1
2843 2236 1
2330 1545 10000
565 1863 1
312 87 10000
2218 2043 1
416 2203 1
1634 387 1
2019 2895 1
1067 2598 1
2165 1586 10000
2775 768 1
89 2058 1
1740 756 10000
2085 2530 10000
473 128 1
1395 1015 1
1061 2535 10000
2657 1972 10000
2493 309 1
1373 31 10000
586 2407 10000
2044 1143 10000
2241 848 1
2217 203 1
2179 489 10000
2037 1267 1
2394 100 10000
519 1087 1
1710 1102 10000
663 2662 10000
1641 2955 1
714 2843 1
1284 388 10000
610 1358 10000
1582 2013 1
2293 1791 1
1346 1284 10000
1277 1428 1
2258 1477 1
2045 2349 1
427 502 1
25 2923 10000
546 630 1
515 1741 1
2920 1961 1
2985 597 10000
2638 1782 1
1219 734 1
648 1039 10000
2438 2821 10000
2146 2557 1
1944 1 10000
2118 454 1
2077 2071 10000
1744 468 10000
1587 2971 10000
2780 483 1
1188 2689 1
760 2609 10000
1991 1187 1
1423 2183 1
2222 1946 1
1966 154 1
344 2857 1
569 1874 10000
1135 1827 1
416 2731 10000
720 667 10000
408 1192 10000
1367 377 10000
2266 222 10000
487 2165 1
1698 1351 1
160 1849 10000
2105 157 1
167 2588 10000
2881 797 1
404 1876 1
10 2342 1
303 2214 1
2713 2915 1
168 219 1
932 1466 1
2147 1506 10000
2201 1397 10000
370 786 1
1016 1140 10000
2291 1577 10000
2825 356 1
796 1000 10000
541 2503 1
1112 415 10000
2881 1914 1
44 2392 10000
1901 1496 10000
2950 1483 1
2106 2253 1
75 851 1
1162 886 1
1793 1318 10000
1198 1242 10000
33 944 10000
2638 2249 10000
1480 2341 1
1011 712 1
1223 1775 10000
2136 2000 1
2641 871 1
2085 150 1
1827 2313 10000
2516 200 1
655 297 10000
61 1929 10000
2762 672 10000
1669 1310 1
204 567 1
1920 676 10000
2976 2163 1
682 1684 1
971 1943 1
680 669 10000
2481 701 10000
630 539 1
2156 1005 1
2125 588 1
802 1173 1
2779 2986 1
1998 2217 1
2574 2942 1
833 485 1
649 1462 10000
903 1345 1
1557 1009 1
228 537 1
1367 2611 1
767 673 10000
909 2985 10000
2136 2219 1
2371 2564 10000
450 2812 10000
1180 1241 1
1003 188 1
966 2750 10000
37 2224 10000
2208 2053 1
2310 828 10000
1151 893 1
2113 1417 1
805 125 1
1993 1907 1
13 2762 1
699 2815 10000
185 2246 10000
1187 419 10000
817 1250 10000
2044 289 10000
2356 1200 10000
1373 2432 1
977 735 10000
1295 299 1
1765 891 10000
2537 24 1
2592 2358 1
2286 827 1
1549 802 10000
714 475 10000
265 1725 1
1370 811 10000
507 320 10000
833 1864 1
1984 2533 1
2765 2386 10000
567 1583 1
2587 1518 1
1566 1508 10000
623 2415 1
2129 2959 10000
395 602 10000
2394 782 10000
1024 163 1
1439 230 1
921 2804 1
742 973 1
1583 2600 10000
535 2551 10000
755 2612 1
2973 888 10000
1800 2532 10000
840 1359 1
2485 881 10000
1392 1491 10000
1304 292 1
1595 1927 10000
1787 1133 10000
2458 1743 10000
1934 444 1
322 2851 10000
1689 1217 1
866 2176 10000
1898 1764 10000
1489 76 1
870 171 10000
975 2401 10000
265 698 1
1003 504 10000
976 2179 1
2961 2262 10000
2752 552 1
2855 71 10000
302 7 1
402 1660 10000
2337 165 1
518 1302 10000
1444 2774 1
2177 487 10000
1669 578 10000
2432 795 1
2790 901 1
413 1680 1
820 2850 1
1922 1556 1
1796 2119 10000
2630 359 10000
1476 1881 10000
619 1355 1
22 175 1
1503 2617 1
2082 1074 1
2160 2296 1
2692 1399 10000
450 1079 10000
536 169 1
2726 2462 10000
2850 1990 1
494 619 10000
1639 205 1
1045 220 1
1998 1753 1
2611 1537 1
766 2930 10000
2618 2814 10000
698 1096 10000
2767 281 1
634 1881 1
1100 684 10000
2731 2015 10000
586 955 10000
876 2679 10000
190 1851 10000
1204 2994 10000
1893 2283 10000
2200 2785 10000
792 1520 1
2748 1277 10000
1214 1372 10000
887 395 1
1783 278 10000
2510 926 1
681 2488 10000
1011 1002 10000
994 2541 10000
2844 174 1
1529 459 10000
2398 2087 10000
1635 2173 10000
1066 1075 1
1137 2620 1
722 2926 1
1469 1386 1
382 1410 1
1993 2866 1
2220 781 1
1883 967 10000
1068 2882 1
2152 1291 10000
2729 18 10000
2160 2581 1
2879 1108 10000
2517 554 1
1595 173 1
2872 1265 1
2738 1391 10000
1176 575 1
725 1657 1
2886 209 1
1174 1317 10000
1517 1865 10000
621 534 10000
348 2519 1
2568 2677 1
115 1499 1
2755 2178 1
48 716 1
1352 238 10000
846 172 1
2810 1668 1
2671 2477 1
2020 966 10000
2578 2040 1
426 799 1
1312 500 1
135 521 1
1458 1362 1
1856 1226 10000
2898 217 1
1295 1655 10000
2922 562 1
65 2828 10000
1891 1987 10000
412 2691 10000
2717 1826 10000
598 2066 1
2427 365 1
657 572 10000
693 1163 1
318 2766 10000
2989 2726 1
850 1144 10000
231 1303 10000
2945 1482 10000
2005 1299 1
1984 2023 10000
1531 732 10000
1767 353 10000
490 1664 10000
2212 2945 10000
1084 2314 10000
703 410 1
199 2961 1
2233 97 1
443 1080 1
2783 2868 1
1673 549 10000
240 54 1
713 1868 1
533 1546 1
29 2652 10000
2835 2374 1
905 74 10000
892 1878 10000
2748 1511 1
2798 2867 10000
2117 992 10000
818 62 1
1063 1924 10000
551 2492 1
1479 2257 10000
417 1507 10000
877 969 1
1396 289 1
2565 2269 10000
2980 2699 10000
2180 2137 10000
1750 740 10000
399 1424 10000
1505 2616 10000
2564 2793 1
1501 1883 1
1732 1389 1
2330 2075 1
778 2558 1
789 1611 1
560 68 1
721 2997 1
2205 1708 1
259 2379 10000
2124 2797 1
215 2159 10000
296 1025 10000
2484 688 1
999 962 10000
1840 135 10000
2493 2466 10000
2331 2654 10000
313 1300 10000
495 1519 10000
47 2876 1
2635 304 10000
1622 904 1
1737 2710 10000
2475 409 1
269 2863 10000
2434 30 10000
2295 1194 10000
548 2110 1
1247 860 1
1431 2727 1
666 2337 1
2486 2739 10000
1933 1862 1
1979 1654 10000
1811 2121 1
2251 1873 1
1038 2956 1
1505 2837 1
1950 1820 1
123 2057 10000
671 2499 10000
2487 1016 10000
1608 2147 1
1737 1230 10000
952 2200 10000
1955 2891 1
2129 1894 1
689 2028 10000
784 1346 1
1797 379 10000
2565 1038 1
1790 477 1
1554 581 10000
923 1488 1
403 2825 10000
69 1209 1
132 1937 1
574 1425 10000
2545 2941 10000
2452 2832 1
770 1723 1
1436 2442 1
398 343 10000
1676 1091 1
978 1268 1
2567 2045 1
800 1747 1
1537 336 10000
2929 2650 1
1736 2657 1
1769 678 1
2010 1321 10000
167 568 1
852 868 1
1214 2272 1
348 1156 1
2158 2281 10000
1551 137 1
121 1877 10000
1658 2195 10000
1912 2090 1
1839 1509 1
2981 1854 10000
22 257 1
2864 2870 1
1724 1533 1
2026 2889 10000
2670 1240 10000
1793 1980 10000
2716 1976 1
307 2787 1
2067 2590 1
775 1585 1
906 2270 1
1388 70 1
849 268 10000
2764 2134 1
2375 1565 10000
1922 1785 10000
79 1010 1
438 1256 1
674 178 10000
1840 2212 10000
2367 943 10000
527 773 10000
2829 1031 1
2792 1985 10000
1650 2909 1
2686 2575 1
1478 2580 10000
1864 2264 10000
1279 2458 1
749 2911 10000
2960 2633 10000
2152 2264 10000
1682 1809 1
596 838 1
1471 1989 10000
108 589 1
2939 1613 10000
1418 2531 1
2777 2328 10000
1816 269 10000
1121 431 1
2722 1481 10000
1785 874 10000
1077 687 10000
1861 2545 1
2028 1289 10000
1422 1322 1
528 2765 1
996 170 1
1172 1771 1
1943 1381 10000
1934 2671 1
1750 2459 10000
2093 1118 10000
2073 1427 10000
627 1116 10000
2944 511 1
1357 1947 10000
1705 2508 10000
488 682 1
1685 2904 10000
108 2577 10000
1905 954 1
1057 42 1
2678 2549 1
1245 1374 1
952 2167 1
1259 1107 1
441 949 10000
1880 181 1
2973 2019 1
2567 2435 1
2583 2397 10000
1980 1285 10000
2117 2469 10000
302 1702 1
2374 2658 1
2779 863 1
1796 818 10000
1861 2434 1
1083 1722 1
568 344 10000
2752 1531 1
763 776 1
2644 1145 1
344 1070 1
2775 1233 10000
965 1439 10000
787 2351 10000
2690 1099 10000
1495 360 1
2810 150 10000
1004 1423 10000
1761 1032 10000
539 185 1
2348 1368 10000
2048 1199 1
946 1662 10000
752 1500 10000
830 1175 10000
2312 2656 1
1094 518 10000
384 779 1
1573 2433 10000
749 1288 10000
896 21 10000
127 519 1
2800 86 10000
2436 2738 1
1811 1610 10000
338 533 10000
198 1232 10000
498 77 10000
1649 1371 10000
69 2448 10000
1952 1305 10000
1569 271 10000
1757 2285 10000
813 1170 1
1297 2190 10000
1763 726 10000
1842 2001 10000
184 1593 1
1465 2048 1
2434 2806 1
580 466 1
513 2501 10000
1839 564 1
1620 1037 1
1088 2813 10000
1695 1030 10000
2900 544 1
1978 197 10000
2305 2096 1
1544 1840 10000
981 1828 10000
1495 1438 10000
2826 737 10000
705 2256 1
1893 2231 1
2447 2809 1
414 1691 10000
755 1222 1
2735 1237 1
5 1066 10000
2436 1703 10000
334 2144 10000
685 2862 10000
2396 259 10000
1510 1457 10000
1230 1246 1
2410 661 1
1941 296 1
2998 2538 1
638 1749 10000
1097 1128 1
1085 2687 1
843 1247 1
516 1003 1
324 1605 10000
1918 1939 1
317 2455 10000
1292 1031 1
1335 82 1
1443 2128 1
2029 2783 10000
550 1838 1
603 1261 10000
644 1228 10000
1206 1207 10000
2981 536 1
742 1040 1
2237 940 10000
1524 2737 10000
1553 2839 1
2129 2191 1
948 563 1
2198 1816 10000
864 2954 1
378 2892 1
2232 448 1
1057 2707 1
2102 1311 1
927 1046 10000
1955 1795 10000
2249 1067 1
2665 1841 1
2355 599 10000
210 2310 10000
1701 1710 10000
1702 2969 10000
914 2509 1
525 140 1
2364 2526 1
2618 1451 10000
439 2343 10000
