3000 1000 9589
2121 1390 3000
1511 2974 3000
2102 536 3000
1727 1561 3000
631 1794 3000
2631 407 3000
1899 236 3000
248 2185 3000
372 1686 3000
1857 1986 3000
582 2878 3000
2342 1831 3000
2548 1834 3000
2881 1122 3000
764 1266 3000
749 2108 3000
277 504 3000
655 639 3000
2354 2460 3000
632 2353 3000
1164 1818 3000
875 2128 3000
1837 2223 3000
202 1780 3000
929 1891 3000
1626 2628 3000
891 1487 3000
409 1022 3000
1752 1629 3000
344 2461 3000
2422 2620 3000
250 2658 3000
2136 1129 3000
2962 1447 3000
763 1619 3000
244 2553 3000
2095 144 3000
2465 235 3000
1408 2516 3000
523 1946 3000
2797 679 3000
841 1959 3000
1211 1664 3000
454 899 3000
2836 2062 3000
1349 92 3000
2830 2026 3000
2701 1495 3000
352 1855 3000
2288 1964 3000
656 1470 3000
2149 1116 3000
1609 2066 3000
2957 1112 3000
150 1199 3000
175 1184 3000
31 770 3000
1195 320 3000
2775 2923 3000
2388 459 3000
2799 747 3000
985 1691 3000
887 188 3000
835 1610 3000
1542 85 3000
2079 1276 3000
1083 2485 3000
2634 972 3000
2205 1142 3000
1535 1940 3000
1722 740 3000
739 1885 3000
1980 351 3000
1535 2038 3000
2784 2423 3000
388 2771 3000
2442 986 3000
2930 2825 3000
1517 2761 3000
2201 204 3000
1351 644 3000
1531 2100 3000
616 621 3000
638 173 3000
2725 652 3000
1154 2635 3000
2950 53 3000
1812 2567 3000
2732 211 3000
1196 2608 3000
2190 88 3000
954 2813 3000
1481 1083 3000
1421 693 3000
1130 2920 3000
2251 319 3000
603 1532 3000
2297 195 3000
43 1246 3000
2054 936 3000
1094 222 3000
2453 39 3000
1424 1023 3000
2389 2681 3000
1974 1371 3000
149 315 3000
1922 2017 3000
2736 1806 3000
2203 2643 3000
2940 2235 3000
1620 2549 3000
540 1997 3000
1983 297 3000
237 44 3000
2641 10 3000
1305 2412 3000
2523 2155 3000
1853 455 3000
169 2287 3000
1526 1753 3000
2783 292 3000
1001 1238 3000
431 2581 3000
718 1785 3000
493 55 3000
1366 921 3000
2338 1317 3000
237 1217 3000
959 1563 3000
434 1094 3000
653 1326 3000
2096 2924 3000
826 1181 3000
2785 858 3000
968 1207 3000
1897 1978 3000
171 515 3000
2006 476 3000
2627 792 3000
231 238 3000
1074 2411 3000
1666 1748 3000
1581 2035 3000
77 2189 3000
379 1558 3000
662 2915 3000
103 775 3000
1647 272 3000
1249 203 3000
330 146 3000
1921 2695 3000
707 1907 3000
34 698 3000
2030 1672 3000
1807 521 3000
413 895 3000
1623 1916 3000
24 563 3000
1812 2569 3000
1462 1452 3000
2617 437 3000
2296 281 3000
1178 768 3000
543 2266 3000
2640 1420 3000
172 2986 3000
2490 1601 3000
1674 1243 3000
2341 47 3000
2965 671 3000
422 45 3000
1250 449 3000
663 76 3000
2782 1844 3000
646 2417 3000
2875 2239 3000
2899 2906 3000
1693 1602 3000
2966 1736 3000
2660 2593 3000
2024 448 3000
4 1451 3000
2125 692 3000
310 2314 3000
2554 96 3000
1643 1792 3000
2431 2418 3000
16 1694 3000
966 408 3000
805 1951 3000
270 2149 3000
782 2963 3000
2830 1571 3000
1750 1198 3000
2691 430 3000
1093 1615 3000
800 1219 3000
1337 2580 3000
1878 837 3000
294 1376 3000
1770 2 3000
474 1428 3000
2855 1007 3000
1784 1434 3000
232 2101 3000
1929 1061 3000
1206 624 3000
603 216 3000
1776 568 3000
1070 79 3000
215 1249 3000
2398 1974 3000
161 1551 3000
2328 627 3000
884 1641 3000
1354 657 3000
434 540 3000
2145 2856 3000
556 271 3000
37 2966 3000
14 461 3000
426 1604 3000
103 2344 3000
1188 2125 3000
1291 414 3000
617 29 3000
19 2591 3000
1053 848 3000
2587 2486 3000
2347 2783 3000
2244 875 3000
1265 1235 3000
1717 1338 3000
1698 1606 3000
2093 411 3000
2313 2862 3000
286 1833 3000
2204 1045 3000
2068 1224 3000
1584 569 3000
1653 2583 3000
1890 2652 3000
558 1373 3000
105 1784 3000
1595 1500 3000
581 2431 3000
393 7 3000
790 2538 3000
1366 81 3000
1024 2710 3000
231 2383 3000
2079 491 3000
2757 1001 3000
440 841 3000
1801 380 3000
1342 2166 3000
300 1310 3000
2452 1068 3000
550 882 3000
2489 885 3000
1882 2782 3000
2443 1877 3000
1258 33 3000
930 2815 3000
160 760 3000
769 1898 3000
2936 1746 3000
482 135 3000
321 1519 3000
2313 903 3000
2414 1706 3000
1709 1281 3000
704 1765 3000
487 2137 3000
1315 674 3000
2349 186 3000
2946 2568 3000
2228 2327 3000
897 2289 3000
2645 711 3000
441 2249 3000
2219 1635 3000
2153 1574 3000
1966 1315 3000
138 1416 3000
2688 2306 3000
861 2973 3000
531 1787 3000
2018 152 3000
2085 2010 3000
2098 2429 3000
843 749 3000
575 1678 3000
1322 523 3000
2081 2198 3000
1998 279 3000
691 2468 3000
1669 1222 3000
2842 1009 3000
1727 1418 3000
2414 2334 3000
2162 1319 3000
1800 1391 3000
15 2069 3000
108 863 3000
336 102 3000
2842 1822 3000
1717 949 3000
197 2192 3000
2781 1649 3000
1630 2747 3000
421 1286 3000
1564 400 3000
1058 314 3000
1949 240 3000
763 176 3000
1690 233 3000
966 1704 3000
1620 2181 3000
376 1491 3000
769 226 3000
463 580 3000
360 1250 3000
1354 2240 3000
2065 736 3000
1301 142 3000
147 1098 3000
1718 544 3000
2191 673 3000
2719 1670 3000
1164 1096 3000
2341 994 3000
564 453 3000
802 403 3000
1253 1719 3000
1185 2094 3000
390 2507 3000
2919 485 3000
2462 398 3000
1668 1458 3000
2522 2914 3000
2413 1755 3000
1541 2083 3000
326 1623 3000
2373 987 3000
2559 2661 3000
933 1406 3000
1945 1008 3000
1295 2330 3000
1703 71 3000
1176 1591 3000
700 519 3000
2082 2451 3000
716 2440 3000
2952 2891 3000
1261 2416 3000
192 630 3000
1961 1040 3000
2352 1144 3000
2797 706 3000
2682 1070 3000
2276 2293 3000
2164 2106 3000
185 2187 3000
174 1501 3000
1340 1422 3000
1541 786 3000
1020 1716 3000
2866 2265 3000
442 1896 3000
2487 409 3000
429 762 3000
2529 1581 3000
2997 2075 3000
2384 1642 3000
574 404 3000
2307 2236 3000
2617 1893 3000
616 645 3000
1775 245 3000
220 98 3000
1651 2348 3000
1279 2678 3000
2439 1096 3000
2693 1166 3000
1628 386 3000
2260 1257 3000
370 2660 3000
1437 2091 3000
159 1659 3000
1971 1151 3000
561 937 3000
1272 14 3000
2945 871 3000
1609 2080 3000
41 1572 3000
1305 2132 3000
1856 743 3000
2372 198 3000
788 1813 3000
302 1028 3000
734 1039 3000
638 1204 3000
149 2388 3000
132 1306 3000
977 813 3000
554 1159 3000
2379 614 3000
154 1425 3000
512 2781 3000
1832 397 3000
2360 2799 3000
159 1486 3000
557 1183 3000
2693 1607 3000
49 1992 3000
1002 1030 3000
856 334 3000
1377 1900 3000
2113 1924 3000
2047 1942 3000
2170 2096 3000
2514 1493 3000
366 164 3000
2258 2772 3000
2117 771 3000
1365 2921 3000
2243 1917 3000
138 725 3000
1510 1419 3000
688 336 3000
889 1952 3000
2941 1027 3000
357 2969 3000
2339 247 3000
832 2958 3000
1232 1080 3000
1530 532 3000
489 1710 3000
2532 428 3000
2655 379 3000
2930 307 3000
118 1682 3000
1484 793 3000
1760 469 3000
340 2633 3000
2339 1218 3000
647 241 3000
1355 2543 3000
1955 1814 3000
1594 2885 3000
818 2056 3000
857 1732 3000
846 179 3000
753 2488 3000
2539 2003 3000
1735 1920 3000
2299 944 3000
2513 410 3000
2636 548 3000
2656 32 3000
273 35 3000
2717 2290 3000
745 2946 3000
2130 1798 3000
800 1026 3000
1369 612 3000
1097 730 3000
1427 2980 3000
1983 2065 3000
344 1005 3000
2144 104 3000
262 2684 3000
2142 2200 3000
970 1934 3000
1521 2376 3000
294 2727 3000
1386 1104 3000
296 127 3000
80 1590 3000
2269 2504 3000
1486 2523 3000
2744 2788 3000
502 840 3000
1314 2675 3000
2692 543 3000
1585 808 3000
1423 1126 3000
1448 1345 3000
1372 1472 3000
2457 1189 3000
262 733 3000
1679 902 3000
1698 2557 3000
604 897 3000
1988 2996 3000
2307 1611 3000
2774 1711 3000
1867 2077 3000
758 1479 3000
960 1205 3000
1530 1384 3000
67 2809 3000
1562 16 3000
2826 219 3000
803 1923 3000
894 2480 3000
365 1441 3000
1972 2475 3000
405 1303 3000
533 1453 3000
1380 1687 3000
396 1432 3000
1998 2604 3000
1062 732 3000
2952 974 3000
246 1466 3000
582 1137 3000
2402 9 3000
2316 2139 3000
1559 596 3000
363 2767 3000
1270 370 3000
601 961 3000
1989 1163 3000
1026 1448 3000
1630 2443 3000
1562 312 3000
1399 795 3000
915 1128 3000
1571 480 3000
945 1304 3000
2221 2866 3000
2961 2791 3000
2009 636 3000
2554 359 3000
464 1817 3000
1494 973 3000
2336 880 3000
474 834 3000
1605 2121 3000
355 1132 3000
1882 999 3000
2981 2800 3000
1914 2178 3000
1634 376 3000
263 777 3000
1947 2406 3000
2426 2274 3000
1653 218 3000
615 1975 3000
155 2169 3000
478 111 3000
2988 201 3000
364 1857 3000
207 2828 3000
1465 2848 3000
825 611 3000
1512 2733 3000
253 1223 3000
1953 2657 3000
1119 2626 3000
2437 990 3000
2537 1444 3000
2729 1148 3000
786 2068 3000
2340 2123 3000
2112 1927 3000
2305 1890 3000
2707 1647 3000
753 2209 3000
2641 86 3000
812 1829 3000
2230 2941 3000
1864 2379 3000
950 2439 3000
160 2122 3000
2654 919 3000
2280 510 3000
697 559 3000
1770 1190 3000
2750 589 3000
997 995 3000
2243 941 3000
308 1408 3000
2143 301 3000
2016 2970 3000
1887 1935 3000
2893 537 3000
1949 2020 3000
2145 2136 3000
1684 1636 3000
680 83 3000
1162 1180 3000
1154 608 3000
1403 1724 3000
784 26 3000
2712 1944 3000
2493 1646 3000
2118 1019 3000
2836 1961 3000
1237 2374 3000
38 2578 3000
1892 955 3000
300 832 3000
983 2059 3000
62 1127 3000
493 1692 3000
1233 631 3000
2874 228 3000
310 558 3000
932 2698 3000
2871 2434 3000
2542 971 3000
1362 852 3000
2043 2184 3000
478 345 3000
1769 1157 3000
1176 1258 3000
2405 311 3000
2827 2113 3000
225 741 3000
1435 731 3000
1355 2874 3000
268 1414 3000
666 1170 3000
290 791 3000
1676 1409 3000
2387 1065 3000
1700 1644 3000
1293 2746 3000
1048 1196 3000
802 1677 3000
2264 441 3000
2653 2844 3000
1024 1337 3000
815 716 3000
2438 1628 3000
2512 480 3000
1418 2360 3000
107 73 3000
1252 446 3000
2084 655 3000
2517 1752 3000
593 1506 3000
1848 2662 3000
246 193 3000
2025 1666 3000
59 903 3000
1218 174 3000
1654 1973 3000
2275 1587 3000
684 331 3000
2577 2124 3000
1781 2011 3000
518 851 3000
497 1985 3000
836 2435 3000
1119 1167 3000
1313 915 3000
2738 489 3000
2888 1703 3000
280 2570 3000
905 125 3000
1399 359 3000
56 1970 3000
1715 1209 3000
2387 1759 3000
1883 1822 3000
2029 713 3000
1015 628 3000
337 393 3000
635 1871 3000
2579 1673 3000
1138 545 3000
1475 1316 3000
2827 1201 3000
1914 54 3000
1478 2881 3000
1667 2679 3000
1191 2271 3000
2258 2744 3000
2023 2718 3000
2515 143 3000
1072 2883 3000
1056 2565 3000
2752 766 3000
506 1772 3000
266 1759 3000
648 425 3000
900 1707 3000
1202 1887 3000
2126 464 3000
129 1417 3000
873 392 3000
1773 1421 3000
134 242 3000
1888 2834 3000
1339 2548 3000
358 2531 3000
2413 298 3000
758 1536 3000
2004 2918 3000
2493 1733 3000
1851 1802 3000
958 2119 3000
86 1346 3000
1737 2404 3000
2597 1410 3000
2152 642 3000
2508 1481 3000
1097 2298 3000
1941 2680 3000
927 1555 3000
2342 2720 3000
2127 643 3000
704 1174 3000
893 570 3000
1735 2181 3000
419 377 3000
891 1413 3000
2207 2304 3000
1578 1775 3000
2001 701 3000
818 1937 3000
1003 1111 3000
2540 1684 3000
2457 2467 3000
2725 335 3000
602 1788 3000
333 1955 3000
2276 360 3000
549 2739 3000
2000 1280 3000
413 2498 3000
980 2818 3000
815 439 3000
2732 1439 3000
2542 206 3000
1723 1203 3000
471 1003 3000
600 2045 3000
2043 1662 3000
1522 1894 3000
1816 2607 3000
2225 588 3000
1953 653 3000
486 2467 3000
19 257 3000
2084 2037 3000
1510 2050 3000
345 2383 3000
43 530 3000
13 1158 3000
2669 1751 3000
2741 2449 3000
930 1328 3000
2438 932 3000
609 2849 3000
450 251 3000
618 2999 3000
581 1592 3000
2944 948 3000
2305 2309 3000
1018 1078 3000
395 1651 3000
1547 2382 3000
849 534 3000
2240 2936 3000
1173 284 3000
41 2454 3000
2445 2911 3000
2219 695 3000
2807 429 3000
584 1692 3000
384 1525 3000
2939 785 3000
2264 2551 3000
2944 81 3000
1583 2112 3000
1418 824 3000
2703 244 3000
1063 270 3000
2993 1456 3000
796 2329 3000
1750 2794 3000
1904 389 3000
874 1273 3000
2082 2589 3000
1826 877 3000
784 1435 3000
2919 2571 3000
2990 325 3000
150 1904 3000
1665 2372 3000
757 2757 3000
2972 2317 3000
2377 1492 3000
722 456 3000
2896 1301 3000
2764 2697 3000
2395 2520 3000
1234 1465 3000
2324 2122 3000
2375 2571 3000
660 2174 3000
24 415 3000
218 2838 3000
1074 2455 3000
564 2789 3000
2774 130 3000
1953 876 3000
677 2863 3000
2812 226 3000
384 1630 3000
1718 390 3000
803 1208 3000
688 712 3000
2441 1931 3000
2168 1362 3000
1364 2347 3000
306 1634 3000
2163 861 3000
2551 2168 3000
2731 1020 3000
2533 2995 3000
1513 604 3000
2981 2269 3000
2482 1494 3000
2905 2922 3000
811 1496 3000
1202 1025 3000
816 1514 3000
828 2326 3000
163 471 3000
2060 1101 3000
1884 433 3000
1137 507 3000
846 1883 3000
615 744 3000
1511 2268 3000
1131 2261 3000
256 2837 3000
2508 2244 3000
566 1449 3000
145 1695 3000
137 2148 3000
2610 2275 3000
337 2437 3000
304 531 3000
1230 168 3000
617 462 3000
2459 675 3000
1256 2640 3000
787 2852 3000
1336 1852 3000
2829 2058 3000
21 1174 3000
1265 2602 3000
338 1372 3000
2476 2960 3000
2050 128 3000
2262 682 3000
1454 2989 3000
348 1095 3000
528 838 3000
898 1195 3000
1463 528 3000
106 492 3000
2932 2361 3000
1766 2889 3000
626 2464 3000
2162 1868 3000
2611 963 3000
1848 72 3000
1114 1092 3000
910 979 3000
2332 2696 3000
524 1488 3000
483 1006 3000
1915 1393 3000
305 1853 3000
1570 1190 3000
2898 2766 3000
2639 1771 3000
385 1241 3000
929 418 3000
268 2962 3000
1616 2562 3000
2452 939 3000
2674 1415 3000
2677 2231 3000
467 1134 3000
729 269 3000
2790 1175 3000
1162 2536 3000
900 1131 3000
343 774 3000
2685 809 3000
462 255 3000
1048 1300 3000
1384 147 3000
507 273 3000
249 2296 3000
1966 1804 3000
2899 650 3000
1764 2535 3000
991 2982 3000
395 2858 3000
1618 2331 3000
1490 1271 3000
2378 1668 3000
2854 1325 3000
223 450 3000
1540 1053 3000
2225 1799 3000
2653 912 3000
661 2938 3000
2877 2778 3000
2573 2384 3000
2420 2241 3000
712 1201 3000
1167 252 3000
696 2201 3000
401 733 3000
2375 363 3000
1386 148 3000
2301 2152 3000
1079 1731 3000
934 1139 3000
2303 364 3000
2836 1005 3000
622 1089 3000
253 131 3000
1263 1375 3000
182 2634 3000
887 778 3000
1870 1739 3000
991 1231 3000
1336 1270 3000
2157 1631 3000
2380 2420 3000
1805 128 3000
1118 1999 3000
1585 2716 3000
2808 1559 3000
1404 91 3000
2954 864 3000
420 2738 3000
2926 109 3000
1206 89 3000
491 1353 3000
1712 50 3000
2959 1204 3000
1962 633 3000
66 2040 3000
2723 566 3000
1880 533 3000
366 2550 3000
2399 1378 3000
1307 416 3000
1395 1950 3000
1356 330 3000
2061 723 3000
2843 2814 3000
1954 2401 3000
120 1034 3000
2038 2484 3000
2925 48 3000
1269 259 3000
579 2301 3000
1862 584 3000
2352 335 3000
2721 1088 3000
2409 1331 3000
1863 2355 3000
2441 1002 3000
1475 1072 3000
1910 2614 3000
2676 484 3000
2024 1294 3000
2337 1862 3000
2359 1878 3000
2250 1226 3000
2150 482 3000
1193 2494 3000
2971 1596 3000
2669 274 3000
2481 658 3000
553 2765 3000
2727 1042 3000
307 1638 3000
2792 717 3000
2447 2316 3000
2367 1674 3000
2109 1811 3000
939 36 3000
1032 2706 3000
2322 1994 3000
904 2948 3000
