3000 1677 1
2401 1279 5
1957 2286 5
1977 238 2
2513 2427 3
2521 1596 1
254 1992 1
1275 580 2
2869 263 5
538 336 5
914 1634 1
686 254 4
2066 1908 2
1937 348 4
1921 1087 5
2384 1740 3
1341 1347 2
1189 54 3
1533 2398 3
1814 2691 2
2097 636 3
183 1167 1
677 1282 4
1358 2676 2
1273 850 4
713 1495 3
925 2584 4
1800 2492 1
2156 2735 1
84 706 4
268 2509 5
1983 921 3
2794 384 3
2360 518 4
2447 2760 1
216 2988 4
2350 606 4
1289 2379 3
499 739 5
1629 268 3
1149 1973 3
1398 791 3
1076 359 3
430 1249 1
1714 20 2
1467 1878 49
689 2722 5
2609 720 1
969 1236 2
1891 1678 4
1788 303 2
971 2381 2
1934 1822 1
1166 1857 3
126 1242 5
23 771 1
1356 2737 3
2276 2483 3
562 1333 3
1645 166 2
1111 2602 5
2478 909 4
861 1403 5
952 1622 4
289 1513 5
1273 67 4
716 836 2
1055 197 2
1453 162 5
2932 1087 4
588 100 2
1007 2720 5
2181 2866 4
420 74 5
2404 2406 5
769 676 5
186 356 5
2696 2727 4
1811 1362 5
2318 1599 3
38 2140 4
1002 2633 3
2316 2410 4
865 1496 4
880 1738 5
1300 2130 3
957 1385 4
2688 1287 5
976 2880 4
1028 2809 5
971 2833 3
1554 25 5
1227 2505 2
55 2223 2
2719 1548 3
705 1598 4
2005 1613 3
180 1904 3
1923 2858 3
1855 2294 3
2961 1089 5
2814 317 3
6 1318 5
1811 1447 1
1539 833 1
1563 1302 2
2442 2052 2
863 1482 5
2348 1276 5
2301 2336 2
1449 297 4
1259 2007 1
627 119 3
247 2999 4
204 1907 2
1251 1429 2
2682 2925 4
1691 1389 5
487 2214 3
2850 2049 4
563 1932 4
619 359 5
2418 2716 4
1552 169 2
919 1880 4
2308 359 3
2668 47 5
1199 1538 1
734 2572 2
2516 1604 3
516 1831 5
1026 757 5
2780 2863 5
1729 1899 4
66 1621 3
2966 2207 5
1889 1697 4
975 1893 3
2933 194 4
600 1541 3
83 1101 3
789 131 4
856 1322 3
1122 438 4
1997 1021 2
269 2333 2
1171 1015 4
1132 2213 2
2193 534 5
1416 1125 1
312 1553 2
944 778 1
79 2816 4
2418 2135 2
1394 1877 3
2103 1148 5
89 110 2
610 583 3
2613 2300 3
260 725 4
1018 2491 3
574 104 4
1586 107 2
640 2537 3
141 706 3
1989 492 3
2231 2441 3
1386 1490 2
1545 1715 3
1172 2403 1
1054 1473 1
2776 1190 5
1180 813 5
600 1093 3
2481 408 2
658 1959 3
92 278 2
1381 369 3
1512 2475 2
187 2090 2
473 266 5
240 1460 2
2881 75 1
394 2233 3
1455 53 3
736 2275 3
2886 1524 4
2030 2511 5
1186 124 4
2171 990 2
2069 2166 4
2225 1355 1
621 1009 3
2963 96 5
2941 1845 2
796 1972 5
1441 147 5
1493 2918 4
1996 1199 1
2525 2672 5
2200 1005 2
1060 1160 5
1967 1800 4
2235 2695 5
2777 2707 4
1566 316 2
508 2570 2
1749 47 4
1651 1814 4
43 2522 5
2267 1623 4
1780 942 1
1616 1619 2
71 905 2
1335 690 1
1567 402 3
1097 1284 2
2353 835 5
1137 1509 4
2826 1757 2
685 2974 4
2993 1363 4
92 2712 3
1131 1029 3
2721 1220 3
1701 352 1
2785 1584 2
2585 2649 3
2444 1692 2
117 2445 5
2813 1122 3
1606 1425 2
1312 2403 5
2138 2464 1
328 251 2
50 2615 4
372 1831 4
436 1996 5
801 525 4
2657 1537 2
1745 2629 3
790 1331 5
609 1048 1
2164 537 1
2939 435 5
2616 2091 2
110 2531 2
1615 1046 4
651 1514 4
749 878 5
1091 974 3
46 2340 4
530 2304 1
1941 170 1
1288 577 1
932 2715 5
2566 1613 3
340 1150 5
2284 487 4
2450 669 4
2686 101 3
1625 2836 5
2325 1507 1
458 1964 3
986 357 1
2603 1375 5
1575 1885 1
2862 2293 3
2426 1057 4
1572 2745 5
1676 392 4
139 1530 4
309 477 1
2711 2669 5
158 2016 2
1108 699 4
1549 2707 5
2907 1098 3
1040 2720 4
1556 273 2
2754 2758 1
1626 1225 5
132 2990 4
1869 1130 1
2259 2979 4
68 1662 3
2999 1091 3
849 1746 5
2322 285 2
325 2687 5
1113 2354 5
2271 433 1
143 927 3
1872 1190 3
598 61 3
1519 2775 3
622 392 3
2110 2726 2
2658 988 4
2725 2603 4
1592 846 1
90 449 3
1846 38 1
2376 145 2
2045 2780 2
907 1899 1
1869 2500 5
1346 1978 3
2332 1979 5
1323 1202 1
130 2484 2
2821 290 5
2609 87 5
1317 1696 4
2353 2672 5
1278 502 4
2442 2453 1
2518 1993 1
1314 1764 3
2692 2245 4
1418 1652 3
2605 2 3
2139 1055 3
522 1050 4
700 2970 5
2321 311 4
2273 2226 5
514 239 4
1240 2932 1
11 274 2
763 1589 3
2118 2836 1
2457 2540 1
2967 2079 4
2877 443 4
2296 1486 5
1497 1196 5
2797 2322 3
92 1127 1
1627 2083 4
45 468 2
381 2162 3
468 2944 5
2510 2009 1
812 240 1
1862 2088 3
849 1309 4
2740 1807 3
2051 2458 2
953 2182 3
2627 1824 2
1482 216 4
711 217 3
271 2473 3
2401 2370 5
258 1174 4
109 2813 3
1655 1360 5
1520 1226 3
1219 2951 4
178 2842 1
2299 424 2
1197 2096 2
2725 2690 1
1809 2227 2
2962 2302 5
126 2893 3
856 2113 3
2609 2439 3
860 2900 3
650 1242 5
855 1766 2
1361 433 1
1092 1847 3
1699 896 5
1741 2416 1
1882 1501 2
2253 898 2
1100 2315 2
88 1782 2
904 1779 2
315 2793 4
1414 2202 2
2228 1388 1
1489 2221 1
1857 65 1
618 1592 3
402 2829 4
2366 990 3
515 2884 1
653 2527 2
1976 2586 2
1468 2206 4
2256 349 2
1095 369 1
1115 2708 2
1459 119 1
1648 1434 2
2186 2670 5
1405 2895 3
57 2422 4
1493 247 4
2577 1682 2
2930 1617 3
1868 456 2
1471 237 4
1408 1940 3
2560 2437 1
341 2434 5
2551 1793 4
2189 1932 5
1066 1898 5
552 2534 5
2295 1611 3
1944 2927 4
2247 951 2
1077 845 5
2936 1959 5
2838 2806 2
943 1078 5
2861 1010 3
427 2225 3
2805 962 3
1734 1326 3
1906 665 4
173 2468 5
485 1808 5
1247 1222 2
1610 2230 1
20 2376 2
1478 1684 2
469 2204 4
20 389 4
832 1372 1
2401 2810 3
1300 2669 3
1439 2191 4
165 1640 4
1713 266 5
2916 520 4
2173 1821 2
414 624 3
2931 99 1
415 1461 3
800 2219 5
455 715 2
1291 1549 1
563 969 4
862 1842 4
720 1467 5
1328 2518 2
1021 2191 5
16 101 5
1927 1135 3
2477 361 5
1208 761 1
2141 1873 5
1286 1505 4
1308 1574 5
1264 500 5
2500 1013 1
868 613 5
1923 2652 1
2397 199 2
1861 984 5
114 260 4
1141 642 5
1917 1587 4
1535 1484 1
2830 2801 4
1697 994 5
2886 1484 5
1792 2959 1
1168 2195 4
1781 2992 1
2486 2694 1
1129 2213 4
524 273 3
797 801 1
2859 2519 3
2625 2983 2
277 2901 5
1340 2159 2
2162 15 5
2410 7 2
1024 2459 5
1506 2791 3
2466 1224 5
85 430 1
2351 1466 1
472 2150 1
1947 334 4
857 1068 1
2920 2893 3
158 2630 5
1059 296 1
2971 470 1
964 2958 2
2115 384 5
1835 2361 2
1882 255 1
856 257 5
1446 33 4
1420 1307 5
2816 148 1
1592 2099 2
1649 2321 2
968 246 1
1988 232 4
2687 2641 5
2394 1516 3
1204 730 1
156 40 1
574 519 1
572 292 1
2829 984 3
2477 940 2
2547 2927 1
404 626 3
1980 1966 1
192 1034 3
138 815 3
2782 1536 2
2996 1856 3
1612 1346 3
1051 2467 3
2142 608 2
604 2061 4
2450 1183 1
2755 262 5
229 795 4
956 450 3
2143 664 3
985 934 2
2719 2385 1
1164 98 3
2984 136 2
2235 149 2
2679 2093 5
1839 1768 2
2386 1308 1
776 2340 5
1225 37 1
2198 754 5
1134 2671 3
709 99 3
1762 1930 3
2004 968 5
2798 848 5
1067 1841 3
1623 284 3
238 2187 5
793 120 1
2946 1638 3
49 1842 1
2244 632 3
2008 1185 3
2643 280 3
2151 2334 1
2846 1413 2
535 421 1
1390 1811 2
167 696 1
2002 2185 1
2957 2959 1
2078 47 3
555 1595 5
218 2564 5
236 501 3
139 2217 5
2709 1035 3
806 163 2
2160 363 1
391 10 1
698 2125 1
755 1157 2
2363 2104 1
1551 1537 2
1717 1011 2
2862 2292 2
2997 464 2
2564 1602 2
2713 2485 5
469 2263 2
1945 2748 1
393 16 2
1566 603 5
917 174 5
535 2599 5
2287 2555 5
1679 2024 1
1194 1325 5
1018 950 2
1969 1906 3
2852 1568 5
1220 2490 3
1890 890 5
2239 2542 3
1963 546 4
200 895 2
2697 308 1
1116 1675 4
750 731 3
66 1371 5
692 2054 1
1579 1062 4
378 2995 2
395 208 5
644 1350 3
2597 1781 1
866 1156 4
225 2892 2
58 851 4
3 320 5
2478 1402 3
682 2608 2
2396 2765 4
1796 1767 5
542 716 3
1136 2153 5
1795 280 1
176 2811 3
140 2867 2
1565 2611 1
948 1211 3
2956 762 2
225 2262 4
937 116 4
690 215 2
1523 2744 3
61 1549 5
240 276 5
2850 2660 4
1412 2787 4
1619 2252 5
2237 189 1
2199 260 1
2876 213 4
2775 2400 5
1212 680 3
491 2705 4
210 1338 5
1735 1334 4
729 2002 5
245 1780 3
2482 2240 5
2545 125 1
2436 1098 5
1154 125 5
1862 2424 4
1313 357 5
498 597 4
488 590 5
2548 307 4
2503 1377 5
1685 639 4
1687 808 3
2436 670 5
2758 2276 3
1405 617 2
1953 2546 1
665 1037 3
1711 2264 1
2961 503 5
1807 1270 1
2653 1379 2
434 2939 5
692 1622 5
511 1794 1
113 470 1
2222 2931 4
28 69 1
985 1192 1
1140 879 5
1112 171 2
390 1793 5
2864 2937 4
2167 1007 3
2480 805 5
469 2359 2
522 756 3
2195 1216 2
1853 817 3
2635 905 5
2048 248 4
1114 1645 3
1644 1169 1
1478 640 4
1570 2681 5
2479 1096 1
748 1855 3
351 2011 2
2253 2532 1
629 1202 4
252 736 2
2146 272 5
2064 1648 3
221 2817 5
668 2003 2
1298 2171 2
381 1444 1
1355 810 4
2803 204 2
1791 2236 1
782 1254 3
887 1503 3
1118 2673 4
526 2154 1
1756 997 3
1924 2394 1
1081 2262 1
2970 2748 4
529 735 5
2416 1865 1
146 2853 4
1188 1366 4
1470 1581 5
2019 1229 1
1234 1713 5
2739 226 5
543 767 4
607 2742 3
1345 2420 5
2109 1226 3
1232 177 4
2020 2314 4
2942 2784 1
337 2632 1
661 567 2
834 2981 3
2563 736 2
2921 418 4
1569 840 5
2592 2164 4
874 18 3
1262 79 2
1329 2590 3
75 2614 1
2660 704 3
963 30 4
2189 1935 3
1725 1650 3
2098 2621 1
2496 2753 1
2808 559 2
1298 827 1
957 1495 5
1909 596 4
1751 747 3
1957 2417 5
1746 536 4
304 813 5
833 2675 5
1443 1876 3
1303 1160 2
1191 1198 2
1834 1590 1
2472 108 3
220 1244 1
41 2127 2
2606 1281 4
2309 691 3
294 2325 3
2626 1615 5
364 1016 5
2567 2161 3
282 1105 3
2805 536 1
2112 560 5
1074 2335 3
2560 465 2
2399 1319 3
875 303 4
2236 420 2
2975 1296 5
2029 338 2
1606 14 5
1741 1744 1
828 1030 2
358 708 2
2101 985 3
654 386 4
2159 1847 5
630 41 4
1766 498 4
1059 2089 4
1464 614 5
1330 2618 1
946 2718 5
678 1546 3
1506 1204 3
2239 1067 5
371 252 1
1968 2700 2
21 2967 2
2600 2802 4
2510 1594 3
2057 928 5
1090 889 2
2095 515 2
44 2405 1
1892 482 1
1925 1658 5
1419 2242 5
1290 187 3
2059 727 1
1380 2574 4
1423 1571 1
353 978 3
160 1207 5
2763 2469 4
2539 719 5
2471 2487 1
1230 189 5
635 132 1
2145 1184 5
2579 356 1
689 1109 3
774 2 4
2190 1079 1
1335 222 5
617 1169 5
2932 2329 3
131 569 4
1661 1400 3
1368 2246 5
2908 960 2
534 1865 4
1951 1815 4
2810 924 5
744 267 3
2980 2854 3
2582 2576 1
419 520 3
2028 1510 2
2977 1761 4
161 2192 2
1364 253 1
1543 1626 5
1084 2469 5
2027 231 1
1382 511 3
683 1112 1
554 1733 2
2369 2291 1
1027 2153 5
2760 362 2
2676 345 1
1817 1339 4
792 2062 5
2209 2068 5
859 2948 3
69 1315 2
1739 1146 5
228 31 5
2265 2699 2
1936 2376 2
628 2313 3
1224 2733 3
196 2112 1
1577 717 1
1725 667 4
2132 143 4
2987 1856 1
2811 1700 5
901 2854 1
802 428 4
2711 493 2
405 2559 5
1676 1021 1
1801 50 1
1206 1938 2
2179 309 3
1763 432 3
958 2349 2
2732 993 1
826 291 4
191 2381 2
1928 353 1
42 1636 5
2345 2788 4
296 634 5
2147 281 2
1394 1648 3
2365 2042 2
486 903 3
2070 2291 3
513 429 5
1223 861 4
2898 1153 4
551 2074 3
195 1234 1
1582 933 4
42 1105 3
1380 1986 5
657 1274 4
1817 1709 1
1739 2714 5
1544 1441 5
1832 1659 4
743 1620 2
2844 2935 5
1367 1681 4
490 549 3
926 401 2
1738 1600 1
647 232 2
620 862 2
1916 819 1
2542 1407 1
1730 1198 1
1356 869 4
2781 633 1
556 668 4
228 48 4
2238 2065 3
412 854 1
102 2093 2
829 930 5
778 1982 3
781 576 5
568 1112 4
1393 2431 4
1690 1833 5
1844 2081 3
2357 1731 1
2595 2133 1
1179 1268 2
2618 2138 2
676 2475 3
400 33 3
198 2460 4
1345 1949 5
2696 1 2
685 1435 2
2056 1669 3
1170 258 5
2170 2449 3
746 1239 3
135 429 1
2388 2905 1
989 658 3
97 2148 2
1769 1500 2
1633 2507 5
1939 2953 1
2047 172 2
1267 2682 3
342 157 2
1505 2206 2
2446 2346 1
741 1835 5
2919 591 4
2914 83 4
1448 236 5
184 2529 3
828 1871 1
1799 2853 5
2466 365 1
1389 2651 3
2814 425 1
2506 2914 5
2119 1829 2
2448 408 5
1953 1688 1
1794 675 1
2825 1818 5
2504 693 4
1078 1699 1
2948 437 4
2514 559 5
1077 70 3
927 636 1
380 2963 4
1145 85 3
1750 1022 1
890 2870 1
1250 2270 5
2715 227 1
2343 290 1
1922 2843 4
419 1597 1
2594 1557 2
447 941 2
499 1943 1
783 1649 2
1563 2996 5
2575 746 4
2646 479 5
920 616 5
1637 305 4
1176 681 2
2575 728 2
824 1737 5
1680 1441 4
1992 1581 5
1008 275 4
1671 1374 1
1760 2421 5
1828 2683 4
2724 129 1
2019 1462 4
403 2320 3
630 142 4
439 225 4
1554 44 3
1355 2086 3
641 2310 4
1044 352 1
1598 2423 4
1023 1596 5
2496 910 2
1991 602 1
2428 625 4
916 2272 2
1038 2698 2
1706 654 5
1347 694 3
781 1998 1
428 1481 3
808 2274 3
462 43 4
2940 369 5
2429 1929 3
383 1521 1
1287 2452 4
1915 540 2
1340 1887 5
2467 480 5
2031 621 5
2969 2596 2
337 2840 5
2781 2011 3
1069 2154 3
2801 1616 3
2964 708 5
911 2601 3
1639 2558 5
2382 557 1
1492 1990 2
1147 43 1
2767 1705 5
628 117 5
1753 2492 4
868 1049 1
882 2368 2
2131 2304 1
2299 2935 4
2456 211 2
2822 2326 4
301 2842 3
856 2112 2
2124 388 4
1529 754 3
446 321 5
2494 1708 2
2849 1848 5
399 1073 4
138 2718 4
2620 154 2
122 1964 1
2371 737 2
244 2678 4
507 377 2
908 1256 5
2196 1778 5
1515 1794 4
1444 1401 5
2786 455 4
1429 1550 3
114 82 1
1601 1244 4
2962 718 2
2005 1997 4
2232 672 1
1454 1438 3
2706 261 4
423 2254 3
1790 2188 3
682 58 4
1251 2078 3
703 9 5
2709 2738 5
2835 570 2
1583 198 3
2470 2912 5
1627 661 3
2028 2432 2
1395 1829 2
2060 471 5
2169 2997 3
2055 74 4
2413 2240 1
153 723 4
2539 1008 1
197 325 2
1294 1295 4
1372 2900 4
834 1822 2
2212 2393 3
2168 2867 1
1383 548 4
2889 1284 1
996 2717 3
2883 2541 3
1962 1730 2
2022 2162 5
2134 4 5
638 958 3
1117 2685 5
2833 941 5
1277 46 5
2644 891 3
902 2331 3
1032 1103 4
1803 643 3
901 2868 3
581 2653 5
2706 753 5
2233 2244 1
224 2174 5
2591 2006 5
1931 779 4
2775 652 5
1279 349 1
207 1895 4
2705 1789 4
931 2841 1
853 2771 2
2568 649 4
999 1396 5
2284 2095 3
888 1114 3
1905 2090 4
1266 786 4
2474 2000 1
234 381 4
1598 2533 3
1119 506 1
2161 2497 1
938 367 4
562 961 5
621 945 3
777 2046 4
745 2319 4
772 2241 5
1754 378 5
788 1941 4
739 1285 5
2391 2119 1
1548 828 3
2556 2364 5
659 2208 5
2549 272 1
192 1681 3
1354 1974 2
2155 2083 5
2341 2440 3
2873 1202 3
2388 823 5
2751 2222 1
1361 2535 3
1827 2139 5
2656 1306 3
1628 1894 4
773 2904 3
2778 1732 4
40 2664 4
452 2071 3
1280 580 5
2671 786 5
2533 710 1
1783 1967 3
2184 1123 4
1702 1126 5
128 553 2
1948 956 4
881 1602 1
531 1623 5
2038 1456 3
864 1028 1
2278 723 2
451 2729 1
1164 2251 2
2573 2465 5
1663 1682 5
2788 931 5
2135 1192 1
1970 1529 1
1745 2772 3
1672 2380 2
218 270 5
1487 181 4
1383 2281 2
2094 2415 2
2094 1781 1
2440 2818 1
398 1020 1
1896 766 5
2224 1850 2
1603 369 4
935 2068 2
1736 2931 2
637 2467 3
1467 650 1
1299 1499 4
2604 1058 4
2365 637 1
2589 1431 5
1703 2779 5
1370 887 3
2495 1706 5
1044 1399 5
2227 1540 3
735 205 4
2768 831 1
1113 1489 1
1690 2515 1
1387 2734 4
2493 973 4
884 106 4
154 1085 3
1534 125 1
241 1920 4
1064 2484 3
453 1908 4
1461 300 2
1575 2796 5
2029 646 1
571 1649 2
2419 838 3
1415 955 4
1953 241 2
2426 1494 4
2203 2125 5
387 1942 2
24 2779 5
2217 2318 1
578 144 2
506 128 4
2209 530 2
19 2196 1
734 1400 4
1209 2023 3
1218 2030 3
2878 2061 4
933 2981 5
706 1499 4
1375 1231 4
1574 1409 3
2322 2773 5
1488 966 1
1383 581 2
1120 2265 2
2044 2764 5
212 2499 1
93 340 1
1083 2340 5
554 2730 2
2040 461 3
1996 1448 3
30 2935 1
2219 521 2
1261 887 5
1152 2413 4
166 1229 5
621 2874 2
664 1949 4
697 1214 2
600 288 4
54 321 2
722 441 1
872 1637 3
1472 1331 4
0 1086 1
1474 17 4
2377 2962 4
1806 679 1
1252 2677 1
983 688 5
2642 2635 5
1310 1593 3
2881 1786 3
1603 2023 5
2266 2389 2
1912 1001 3
2610 319 1
2588 2992 5
151 482 5
886 1671 3
2114 1938 4
1342 565 4
2297 2256 5
576 1087 1
2998 2633 2
1312 2809 5
81 2989 2
2103 1437 4
902 1014 4
2075 671 5
1433 2020 2
1146 1384 3
2374 2820 2
63 1664 5
64 871 3
929 735 1
1343 1221 2
2824 382 4
1124 1268 5
1070 1305 3
1326 109 1
1994 1710 5
1112 1289 1
2349 761 5
601 1035 1
2958 645 5
894 2298 3
1704 1227 3
1521 1752 4
230 1860 3
1618 1765 3
775 432 1
2829 2337 4
78 2747 1
1311 1337 5
1717 689 5
839 576 1
2710 1465 2
2027 2285 1
900 674 4
494 2661 2
2812 1621 1
1560 2407 1
1290 229 3
2255 1506 2
1188 1062 2
2668 2102 1
838 593 5
1228 2511 1
2180 1260 1
2855 1740 3
954 2025 2
2372 2675 5
1525 555 5
2999 878 3
2617 2702 4
1570 210 2
812 1722 4
2879 2282 4
1466 634 4
1787 1239 3
1994 2315 2
247 2885 3
912 1593 2
1 2234 3
791 1819 4
1405 1635 4
490 594 2
980 1082 2
2636 986 3
1656 80 4
2731 1942 1
2656 1994 4
2266 1220 1
2077 2288 3
368 1185 5
936 2037 3
201 1117 5
2135 1813 5
2208 494 3
840 902 3
3 2606 5
1995 542 1
2454 741 2
532 1215 3
1825 906 5
927 835 4
1427 2205 5
1694 1124 5
2096 76 3
249 2040 5
766 354 1
814 589 1
2562 1494 1
121 1206 2
1464 2522 1
2500 486 1
297 662 1
711 2766 4
1728 539 3
1186 2112 4
673 1870 3
1647 2555 5
1076 2273 5
1454 1271 2
1903 1952 3
2260 1663 1
281 809 3
2391 740 1
1663 1219 3
1165 596 5
738 2573 2
758 1522 5
259 1440 4
1608 755 4
1640 1473 4
2307 178 2
1946 625 3
2991 2332 2
2985 1727 3
143 1958 2
466 1900 4
947 2856 2
2020 842 5
1874 1859 4
2913 2115 1
1203 2943 5
2929 1935 5
2892 1262 1
2458 339 3
1483 416 1
796 1356 1
579 1606 5
1887 164 2
2512 2976 5
2073 2020 1
420 1542 5
2267 2476 4
1578 244 5
825 2871 1
2634 2587 1
1770 1518 2
1210 1689 4
955 1334 5
1554 886 1
870 378 1
2158 2604 4
1842 141 1
135 1836 1
1715 1711 1
313 1365 5
385 1904 4
2984 2625 4
1981 510 1
2671 1082 1
526 1820 5
768 1805 1
184 1221 4
1033 1360 2
666 1591 2
1170 1121 3
10 1998 5
2471 190 2
2378 2176 3
2347 374 1
1217 332 5
1555 428 1
1373 1971 4
2795 567 3
2174 1786 3
1707 2706 4
115 1427 1
2994 1902 1
38 2158 1
709 2065 2
752 2352 3
2814 1093 2
851 52 2
171 1430 3
1029 1961 5
939 1039 1
2123 1595 4
2945 2915 1
329 203 1
2969 2593 1
1802 644 4
1215 2311 3
1632 1144 2
1297 1043 1
1552 137 1
733 760 4
613 2416 4
2172 2746 4
2678 111 2
309 2419 5
83 1119 5
202 2249 3
746 73 4
1509 1417 2
2283 1061 5
533 2367 5
2463 915 4
837 794 5
1358 1978 3
1748 2583 2
2232 599 4
837 637 3
2411 1348 5
1743 866 1
1864 2007 2
570 1673 3
2766 1638 3
1863 2871 1
2440 2652 2
921 986 2
1151 53 1
1775 403 5
449 447 1
858 1005 5
819 1828 5
2899 1045 5
1358 2591 1
1879 1724 1
2993 330 1
713 2035 3
1397 1500 3
690 1158 4
726 2839 4
527 1959 3
2680 374 5
972 2960 3
1630 1266 1
1383 251 4
2201 406 5
2965 1900 3
499 2551 2
155 606 5
1989 1817 4
1317 2810 2
580 578 2
395 181 1
2827 1854 3
1879 141 1
2103 1732 4
2561 2517 3
1373 684 3
2178 2183 4
2287 2011 3
995 2051 2
7 2426 1
2598 2131 5
335 1304 5
125 2659 4
2950 662 5
2261 373 4
2725 432 1
440 1502 4
1344 712 3
1454 116 3
1805 2107 1
242 1108 5
1307 2857 1
2032 2680 3
2803 2569 5
1073 2953 2
2306 32 4
104 1159 5
2317 2870 4
85 1443 5
1351 2248 1
2717 854 4
178 1480 5
1062 2793 1
2986 1560 4
2451 2657 3
2750 293 3
1411 1515 3
1376 1278 5
959 2600 2
2447 844 3
561 1557 3
1695 312 2
444 2655 4
95 2579 4
643 533 5
2312 1563 3
2001 2607 5
1246 804 5
1126 808 4
1001 2972 1
2629 1197 4
366 2701 3
2488 722 2
2153 2488 1
26 139 2
126 2861 3
2670 2537 5
689 1079 5
545 233 4
1752 1897 5
1975 1740 3
2662 1773 5
2578 2970 5
773 2757 4
2898 467 2
2845 1006 4
1812 2568 4
2767 2612 2
2335 625 1
2178 1346 1
1553 384 3
2107 250 4
1153 5 5
998 1432 3
256 1063 3
78 2455 2
1250 1238 1
1051 2780 1
816 1441 4
1237 1332 1
979 2894 2
2076 2035 2
1685 2036 1
1080 2103 2
2188 2626 5
2035 1767 4
2346 2752 1
1497 521 3
1075 1150 3
653 2447 1
788 1697 4
2000 129 2
714 182 4
303 1267 1
914 112 2
2508 2286 1
75 1409 3
760 1327 3
1272 1150 1
1469 360 1
1559 2698 4
1348 982 4
580 2614 1
813 1218 1
2013 547 4
2194 2764 3
376 546 2
843 1337 2
836 2154 4
2978 209 5
2014 2034 2
1163 1598 1
1456 181 5
2343 1816 4
2791 664 2
2402 97 2
1511 2543 3
1802 1458 5
517 589 5
169 949 2
2380 963 5
1245 520 2
765 1532 1
2063 1305 3
2663 2558 2
973 1776 5
140 2169 4
961 1031 5
1321 2608 3
1022 2837 5
2072 355 2
950 2727 2
1265 2852 4
1301 1797 1
2216 623 3
2702 2628 4
398 1562 1
1843 545 3
2874 1332 5
1785 1175 4
1102 1783 3
2377 727 1
2025 2637 4
180 1718 1
504 2646 1
64 1357 3
67 1453 2
1311 817 1
