2888 2887 9635
2282 1917 7735
1731 1617 2076
336 1919 1760
1902 143 7340
441 102 1874
2605 541 6719
1107 2163 3735
2211 405 4712
2722 926 4625
1251 1610 7903
531 97 3681
235 1823 1289
1868 2805 7295
2432 343 5409
1510 1785 6197
822 1692 8506
1476 2111 4078
1645 1285 9344
2762 2519 7044
1252 2184 1264
1106 2425 7483
104 1063 2804
1739 382 9632
2247 1271 3652
1841 1182 6393
2622 137 9597
1189 774 6827
648 1763 6138
1800 1230 8678
1502 2205 8026
1647 285 2329
566 1414 4109
891 1328 639
199 1768 2823
1672 1890 3061
260 2092 6909
54 1531 7037
2688 2793 6371
1226 710 1351
2052 187 6447
1910 2254 8223
1002 953 6883
2297 2416 723
780 112 2823
43 491 6358
985 124 6863
1948 497 9008
2877 2265 1731
2785 1872 1531
1691 2548 5163
867 1345 5286
1514 2354 2358
819 1420 9420
1118 204 3756
192 1117 8686
2176 50 433
174 2055 792
1460 1748 2413
205 461 5165
83 2257 8032
2355 1506 8825
180 747 5745
678 1955 9067
307 2048 734
808 1522 1618
1288 1794 7248
2575 439 7412
2594 487 4995
1376 1597 7696
837 2605 6010
301 2071 6786
2648 1175 1722
501 159 92
2207 114 7516
2477 588 777
859 388 6834
1981 1760 5099
2653 1870 5448
987 557 9775
417 346 2105
1943 787 6436
837 1662 3552
2138 1923 4889
586 2785 7104
1277 2367 8943
2038 161 6516
1501 2848 1825
1591 1645 6763
1791 1289 7381
631 587 8483
643 697 6456
2149 465 8269
2286 408 8081
2207 2246 3463
1981 149 7131
196 1721 4713
2356 1766 9591
2151 1630 3416
1710 2224 7977
1057 2864 5024
457 1050 7813
1394 2428 1239
74 2009 4536
96 928 4342
2395 2272 183
2744 454 1818
2356 1476 5102
764 749 371
1649 1083 442
1973 1268 2415
898 659 44
1691 873 5077
1533 2129 7117
553 1957 4408
1189 2878 4585
284 2838 8823
2275 466 4131
681 2325 7930
1459 535 4435
734 1673 9851
1767 804 9694
2756 2398 1622
2233 2032 7331
57 919 4046
1441 1914 3522
341 58 3894
2088 458 9811
1450 2467 7543
1555 90 8084
2378 1542 648
2064 1149 1135
740 1606 4739
2668 2261 5354
1304 2347 622
2778 1161 5760
2100 457 4396
2642 2296 6467
392 13 3880
2809 1258 3297
977 1441 3785
2365 1766 7912
2632 881 7002
2804 1421 8224
1516 25 3575
2653 221 8308
875 2507 8502
1323 1510 1860
2117 1099 7152
1485 1451 7651
2293 2256 3925
1516 1822 9204
1282 1148 9265
2841 2612 6851
1837 1256 6087
1714 392 9156
1548 1211 7269
718 1100 8244
1177 2218 879
1874 98 9036
19 2469 8945
2167 291 8294
1559 2164 6934
2734 423 5940
2680 205 3709
326 47 486
2144 351 2212
209 2875 490
168 193 5405
1467 2308 3472
2830 398 1290
2837 2649 5862
1948 701 6643
991 2102 2959
87 1316 4664
1092 2085 2157
1310 1283 3132
1236 144 3962
1855 1811 4579
2850 2711 6921
429 2093 7848
2559 2824 4101
126 1225 3355
76 2834 5202
1465 1983 1405
331 2579 7510
1249 2011 5596
972 2452 7815
709 2248 1986
2743 1265 2714
1311 1427 1712
1989 1013 5243
2698 1404 6211
942 745 1303
1949 995 768
1270 859 9576
2781 286 3912
135 1644 973
1270 1262 5089
2351 2517 9299
49 2524 2116
1341 255 2658
551 2451 4810
1850 1041 9619
2435 1700 8962
1736 276 5543
1865 878 3598
681 1462 5320
2392 1642 5838
2336 2252 9404
2408 2885 9264
783 2755 2645
1939 129 1025
1625 717 9131
1912 752 6122
2073 2105 8453
916 359 5416
152 2214 8662
866 1791 7062
99 727 4761
355 1853 1456
2599 1902 1216
352 923 3241
418 2545 8672
2326 2713 9792
907 348 5040
2835 761 3072
2430 2039 4397
2141 250 5900
387 2456 5755
482 531 623
1107 130 8500
922 1361 5080
1299 955 721
1897 1446 7359
713 481 7844
1921 282 9945
589 2593 5188
2454 1296 6510
1805 1146 8267
1635 2564 6836
1079 1660 6156
2033 1786 7507
1003 2251 6772
2481 2349 7601
1136 609 8576
1546 2362 3558
1495 176 9455
511 2097 4715
2516 841 2256
2513 1915 7755
298 1820 8483
2887 641 6784
933 746 9143
679 572 6997
1035 957 5496
390 2882 3875
696 2162 782
2118 1077 4584
322 1847 7345
1518 1093 8040
501 2131 4950
1520 417 9856
2366 1677 1747
2025 1984 1342
946 704 1832
2287 1278 2227
1126 307 2159
744 350 325
897 2852 1056
289 1947 8360
323 1411 9281
2860 2326 4125
163 2654 5746
86 2217 8917
1055 597 7517
651 1242 1234
1571 493 5274
2090 839 3605
1463 937 2972
628 827 930
1979 1039 7936
1380 2554 5077
2421 2193 3646
1547 563 7124
885 65 8479
2710 1897 7018
2795 988 577
2275 1716 143
1590 2499 3084
24 1796 8172
1244 2550 6301
2455 2312 1759
1018 2558 2772
677 672 5233
1577 103 5497
153 1034 2364
867 1797 1694
2762 643 802
1532 1356 7086
1827 1611 1212
1165 1208 5904
1118 2865 4496
960 2198 4200
1177 1993 8765
992 1680 2507
2024 472 1338
1593 2284 7593
1036 2487 126
432 1305 5088
444 1486 4371
610 1753 6891
126 338 6847
782 2108 1820
1201 2302 6161
2322 1940 2654
1112 1493 605
1840 885 8365
585 2571 5118
2327 1405 8010
1369 1129 8580
28 852 3752
2144 2350 4720
2087 77 9730
1426 947 2515
435 1038 285
463 2795 1211
849 2777 2109
2230 1214 3938
969 119 3720
1425 622 3275
1528 152 4387
470 913 8024
1676 2393 952
802 488 2548
2601 1615 4102
2231 2529 1307
1893 617 4359
1740 1399 2022
1647 2386 4176
1880 1569 4304
2798 1509 9449
1011 339 8922
1024 1742 8791
2453 2483 5377
2043 2699 2194
783 2380 1420
1909 1869 9263
2395 1561 3060
629 715 5094
1759 2481 166
26 1233 6036
2840 1076 9622
732 1900 6548
595 1941 7029
200 2150 8185
2240 733 5267
1222 99 141
1461 771 9341
2411 2749 3438
1970 2342 7700
2151 2400 1501
1251 1269 2140
2391 1743 7483
1930 1348 96
2878 1846 7787
1515 1526 522
1935 88 6703
1269 2622 6214
61 1082 2664
723 986 1151
2213 1248 6772
1489 1697 3196
2720 833 2679
278 1389 2147
153 219 2175
2715 434 4881
1044 828 7745
998 2178 3300
311 2573 3526
1406 1708 3880
1881 696 6837
2336 671 987
765 2527 1184
2682 438 1253
21 844 6546
2005 2658 5642
1626 51 1654
2269 2196 1553
327 2700 548
2322 463 4651
163 2572 4134
2061 1252 8461
32 233 3471
2791 636 1817
1281 1462 649
2343 1591 9845
294 1532 67
1303 1037 4772
469 2323 1614
2443 2790 1129
1053 637 2285
1022 2850 6092
1977 101 5702
1130 2759 7921
1543 2192 2748
579 2538 7541
1327 2876 7470
2069 1664 2219
600 2045 5692
815 543 2515
172 559 5566
1965 59 4031
650 1527 1346
456 525 8352
2174 2423 8243
2006 1397 3228
1192 2226 2828
529 2841 4630
2250 2794 389
1438 2766 6079
2392 1831 6326
2103 1239 4431
689 2823 3202
2382 1749 8524
2489 1762 2491
2468 2751 2526
100 1990 2260
1624 876 4137
1705 1991 7073
963 1913 924
934 422 9019
2632 1805 2901
2331 1772 4881
2444 664 4686
812 299 4127
414 2636 9367
393 2264 8179
2825 347 3850
2448 552 5124
2778 1260 1745
1342 897 1527
2172 836 2507
246 2598 4602
2124 826 4493
538 649 5415
2263 495 259
1444 675 3810
788 866 8879
838 850 2678
2734 1507 9891
1388 238 3952
1008 19 5823
1546 512 4198
42 511 8460
2374 2230 2871
508 1540 7276
2197 2404 5554
156 2087 4606
2053 2327 3295
2372 360 1264
2228 1379 3536
2137 1134 5299
1659 650 6286
2708 1578 8137
1173 561 8185
2485 296 4676
2508 2732 4899
894 483 4487
2365 476 1344
85 2640 9194
1925 1057 2738
965 2299 4884
407 2474 9869
222 2826 8324
918 784 7643
249 1905 9884
1968 9 3534
6 1600 6179
860 2036 1634
403 118 6965
1475 2831 943
1347 1120 3626
1195 583 2703
945 1088 794
930 2563 7462
775 2872 1095
62 1001 8266
2664 2212 3105
653 2590 9683
2418 578 3958
1108 477 8986
601 1 5860
60 2156 7964
1384 1143 3856
1619 2338 6547
1333 128 6167
2526 485 9562
1517 1857 3025
1972 2884 1741
707 800 8745
2204 702 4305
2147 1722 8220
1011 14 9108
93 730 4679
68 2309 6650
71 2692 1585
2076 1075 2312
1929 1899 3680
387 1007 6792
2295 2881 3184
2673 318 3430
452 998 6560
38 1197 4385
663 2707 2643
1288 1009 7017
374 813 5029
1756 2552 7142
1237 447 6939
701 872 5534
2457 594 9563
2047 264 5632
695 237 6331
959 2383 4051
1358 1524 3825
2844 1353 1255
1580 2516 1523
1780 26 3165
31 965 9286
1635 104 2087
1449 2154 5557
2324 2363 9124
186 1497 2802
2250 2185 4995
1221 754 631
512 2449 4494
380 164 3416
628 504 2002
1634 1064 1514
2027 1937 4254
756 1138 9692
2030 2274 592
890 599 7203
635 1494 7822
797 939 9902
1274 2061 3676
891 76 4412
1215 2385 5623
1006 7 4173
1977 731 427
1280 2437 811
1078 180 7982
2283 2225 4677
1009 2168 3574
56 1701 8307
201 2851 2694
2158 261 3406
2475 2725 216
924 2291 7977
75 32 798
1949 1200 5161
974 794 5311
1898 1125 3313
707 2458 1051
1562 2844 9582
1185 2089 5464
2182 2190 5636
974 82 9000
2148 1479 6741
2541 2130 1670
2535 2773 6239
363 576 9396
1801 1176 9260
537 1277 7140
1159 236 4621
720 135 6811
1675 427 10
2800 1014 8972
344 2643 8653
2744 1287 8480
1782 1910 2250
2116 766 95
1788 2570 771
2329 2586 3488
8 979 1628
2569 2661 8550
2391 550 6945
2426 460 4112
2460 383 87
1684 834 4882
942 336 3248
1152 768 5878
1413 2143 6489
1112 235 7645
817 78 9248
1261 268 7162
2724 2690 2053
2133 302 65
1262 2306 8017
1387 2757 2030
1455 1517 381
520 997 2223
2763 2095 68
1856 1799 8267
2504 38 6486
2854 564 4848
1245 1865 795
2223 1832 2501
1747 627 405
1829 2581 8875
2803 2821 1037
2211 1275 3255
674 2801 7696
242 2185 6852
1810 1493 763
1812 323 1780
1581 1005 1802
2126 1940 8147
1518 2873 8418
96 2320 5602
100 1470 5492
929 21 7051
539 2131 6621
2003 1331 4509
739 2035 8635
1231 2601 197
938 1519 3909
1504 611 3505
2531 1054 4763
1403 83 9882
1026 1249 7379
1206 281 6924
1668 141 1019
1719 665 2085
2101 765 5770
503 2208 1788
1656 1204 8556
1167 1245 1907
1432 2047 2193
1247 2628 4058
432 797 857
2219 240 8807
1903 1314 3556
1861 418 6816
2825 1561 407
1844 1837 5141
945 1329 8225
1564 400 6265
246 1703 1426
1008 2861 8306
2562 2210 8933
691 726 649
2286 1951 540
1026 744 228
1898 1896 612
1023 709 7075
805 1970 945
843 2172 6356
751 1367 2798
1162 2738 5170
2206 73 3135
1016 2237 4329
892 2731 4664
503 2107 9500
1634 2650 9406
342 914 1184
2724 1751 6390
2381 1478 8837
2578 2887 3961
796 502 1898
1564 2682 8136
2319 257 3664
2480 5 3948
1196 560 3837
1365 2683 6848
2113 1679 7928
1105 2668 5065
2339 614 3690
177 72 7656
2521 177 5639
601 973 4160
2181 1886 6053
2626 2862 9507
1862 663 4714
1702 778 4202
2135 319 5770
2462 425 3101
1918 756 2993
2756 122 637
2442 775 3450
2434 2290 3096
574 1461 8730
31 105 6226
404 2458 6018
416 33 287
2003 479 5357
1878 1754 8950
2357 1849 8132
2228 28 3686
2702 1717 6592
2518 2809 8202
921 900 2718
1816 2022 2568
2818 879 9826
590 2721 9892
71 556 8958
1842 2077 71
633 1135 3843
1298 1802 2548
1453 2546 1085
875 2279 5607
1631 2637 4422
1329 2316 4727
1043 2227 355
2444 932 8584
1729 2387 7374
23 132 4577
863 1240 413
344 1601 8782
1989 2791 8087
1393 2491 9799
2843 2603 2258
304 963 8487
2145 1793 2157
1413 199 3388
1994 571 3591
2496 334 3478
2504 2378 7311
1445 1481 4839
444 808 8808
1279 1875 8497
2478 271 7348
1339 718 2589
847 645 7791
1060 2871 7299
309 1217 8428
1179 2396 1121
62 1967 4339
2293 1091 8494
2645 996 6729
644 1976 4141
1852 652 6040
1321 1880 3780
1017 332 3346
1187 2165 3826
278 498 3148
743 2430 1803
790 1330 705
1000 2098 1837
1572 1471 9990
328 2346 9645
211 2074 7787
200 1154 187
1844 225 1899
874 895 5901
1377 2531 6012
505 1472 1928
1718 2371 7829
1215 2569 7211
918 2532 2338
849 198 5623
451 1942 499
1554 1089 5601
1770 1774 5320
1433 369 1784
2289 2167 8393
2269 2117 2423
1537 2702 137
1492 293 8999
653 1344 127
1473 361 2738
1410 1133 1268
708 896 2515
157 2701 3347
2471 639 2776
2023 973 7076
1402 773 1117
1335 1933 4546
981 618 522
394 846 3183
1846 2188 8432
2488 2646 2491
1274 441 2505
1609 2271 5544
1167 1663 173
1808 2717 8346
2094 1111 2991
34 1887 2964
1237 2345 61
910 409 6725
2641 1945 200
1210 1323 3075
1371 2758 6391
1032 1319 2087
1997 2877 2912
2840 2317 5234
728 1428 9632
469 1974 7512
480 2562 6070
374 1409 9320
1440 1879 3610
1883 10 897
275 1018 6564
2764 1818 4198
610 2618 8417
1343 300 6987
2380 1226 4158
1032 202 4579
1904 574 7991
2442 456 4302
2857 1340 6840
671 2124 2760
1000 1482 4037
1961 2352 6440
2339 2577 3893
2729 906 4791
2618 2090 2163
2112 1944 4782
1219 1716 5880
646 306 3721
1094 1201 8294
2470 115 2139
2319 1145 3293
1371 2786 1191
534 2116 5400
2050 1883 2664
353 2397 5090
166 390 8067
1458 748 2217
1939 245 5886
1299 901 3801
1681 952 937
1443 167 4013
740 2660 9756
2551 1698 4492
820 209 2967
1824 1084 8661
1576 1821 5668
1334 2078 1564
2697 367 3204
1889 741 3093
2803 1730 2244
545 2763 5014
1623 566 8642
1491 1318 6411
2454 586 1012
2145 507 4827
1906 1751 511
258 780 5121
915 315 9180
2408 2209 2167
1243 2771 6648
550 2792 1927
725 2846 3441
2094 329 9643
420 814 3338
2488 298 6819
2874 2019 3917
1073 1992 8789
2646 2866 8066
1485 2328 9996
2535 2505 1195
2043 403 548
2557 2206 2128
320 2114 8832
1366 688 2498
798 1115 3722
1670 508 8574
854 2737 5684
972 2016 3168
950 2334 6256
623 853 2805
2315 1845 5668
324 538 5090
2419 1573 9481
2542 1703 3118
1971 1144 808
2842 1943 7555
1552 1224 8226
1862 0 9816
397 1372 8459
1377 208 551
448 80 4015
1632 1489 9638
1738 2382 5359
2798 598 8556
1655 217 1762
2034 1544 8608
1370 1090 8670
340 1044 1742
335 256 5455
1324 201 3898
2857 2075 5856
1986 1848 2963
1921 2031 5409
2353 6 3267
1931 0 4720
435 1852 1923
2859 1434 550
634 1347 5802
2814 1830 6779
1412 776 3987
2320 1756 4056
2496 1735 4601
1520 1244 1866
1543 1321 6736
459 93 9752
1067 2060 512
1566 1349 7363
889 162 2498
1599 925 6530
2559 1553 6623
1350 956 7325
2739 1705 4491
1657 929 139
2480 1613 3579
2179 1492 7068
1758 608 5085
1930 69 8381
1190 1523 8366
1092 1080 7204
2386 1315 786
1276 1106 4272
2136 1123 1153
279 192 4667
549 1587 2207
831 2234 2471
37 1926 5604
244 1394 7371
1740 971 4494
1588 993 1896
607 2204 115
734 2879 3698
941 2532 4786
2268 376 2654
2609 280 6000
1771 1302 4194
1491 2514 7847
2578 308 7623
579 1538 5703
1513 2688 4055
924 2446 5741
2726 63 3429
2305 2161 6939
2083 1699 6142
2475 1801 5329
1165 154 3597
976 2304 4904
2523 1205 3378
551 1179 3949
312 1931 8334
2044 1311 2823
2001 2046 4373
638 401 4236
1866 838 7245
2279 89 4650
109 2140 5118
142 515 7042
2656 2466 3886
18 74 7224
2723 1351 2421
539 36 7946
1033 2512 9720
1067 2431 6708
2260 2112 632
197 127 6770
582 1838 7645
1733 2727 360
1235 1614 225
1024 2341 5833
1750 1305 5183
927 1998 7828
1620 2239 8522
575 1484 8813
1528 968 6113
2021 185 5988
2859 1893 7890
445 2213 7273
2017 1364 8138
1287 138 3267
2301 821 1757
303 1379 864
2670 1626 5970
2379 1013 7978
2577 2638 7434
2818 1220 674
2606 858 7836
142 2506 5929
48 41 900
1613 419 7536
2160 459 3135
2056 1437 3238
1333 2698 2863
1166 1200 240
1851 954 8014
1719 2440 1782
779 1936 3171
1746 2431 3995
1243 1154 5942
166 2080 9553
1016 1963 3292
66 1272 2861
544 455 6258
2494 1058 7351
1391 2497 7589
190 693 9287
2750 1395 4367
1046 2867 3122
1433 1773 9828
865 1184 5342
1588 2494 8996
575 1495 2752
1124 1415 2176
1628 2610 7923
595 1556 1627
1670 2282 8398
674 2403 6037
2557 1328 7334
1376 2033 3647
1291 2787 2358
2385 1180 3147
1503 1599 5614
525 1080 6786
2521 356 7389
1293 2591 7955
2623 2412 8703
2070 251 9030
2331 2001 5442
1812 2684 4157
1339 2222 445
1843 324 3000
864 2606 2424
1021 2750 9848
1655 941 7033
1723 451 4203
661 839 2107
1114 619 7695
1969 2645 5310
54 48 328
795 1155 4712
1654 1863 7820
1601 229 5596
654 1839 2466
1648 2148 7320
330 2543 16
496 1273 4909
292 545 377
2079 1809 5196
2025 2158 9383
1263 842 1519
2807 1180 3534
1621 2837 3691
1384 1185 7476
2182 2508 477
2783 692 4435
2743 2021 9687
1313 329 1290
1228 1873 8975
2240 2075 4406
2109 1574 4113
2008 173 64
122 34 5374
1622 1918 122
406 2602 2181
2369 2817 7016
311 325 2414
2436 2267 516
365 1480 4407
2631 2307 2918
1781 421 6715
1209 2440 5734
2069 1986 4
2472 1027 6701
1605 1836 8389
2121 341 3193
1804 2050 4356
1227 363 550
720 1800 8570
66 1674 7527
1131 1033 7025
2728 2760 6793
898 1303 2008
1020 2246 9021
739 902 5044
2280 1439 9221
865 148 5729
2174 116 7711
2808 1533 8594
1696 810 6679
2073 1828 6084
658 2681 1524
789 1687 4768
1772 855 3745
890 1515 2016
1627 2453 9321
507 494 9432
2147 310 9469
2222 857 5922
2671 1056 7650
448 620 6771
1956 870 3603
1887 2377 8863
2413 2028 6988
757 1752 9214
2710 2833 4330
2200 414 7434
1953 2064 4533
1658 203 685
1174 1158 1645
2344 252 6892
1199 1101 597
549 2684 4765
2049 2822 1919
823 198 138
277 228 618
902 1780 454
2008 657 8682
2119 260 789
568 2511 9201
884 95 3121
2780 1210 9113
1761 2789 6224
2847 795 6634
2752 2143 4259
1824 2026 9092
856 2324 1615
755 2599 2438
1797 1028 1096
1290 1216 5445
1731 2058 1318
1194 662 2666
399 1777 8218
1043 1124 40
217 215 4815
2691 1398 157
1906 2034 8490
1455 1650 8092
2624 1828 9690
1935 790 1170
2626 275 1213
1109 1747 5758
1819 967 460
2804 1322 6086
2155 1971 2486
242 1159 9247
2528 711 7308
2833 2620 3955
1066 910 229
683 117 8276
1529 2830 8587
2366 1888 7971
1110 1486 3505
1781 2736 283
1652 1544 1667
1317 2584 9457
1835 2315 5999
2038 1552 441
871 1928 6124
1562 2236 9137
1513 1315 6472
1235 498 7895
582 1867 6699
2435 743 9872
554 1907 9046
1757 1438 5990
2040 2128 9364
2196 8 5202
789 1341 374
899 1633 6669
2561 2415 2806
705 2816 5131
1735 1403 1078
521 1401 1746
2067 2733 2994
661 2295 4915
2687 1337 9247
685 1336 80
2260 259 7255
1656 2641 6903
1674 2037 8430
1541 2673 5309
1835 2747 6402
1074 335 6195
1571 29 689
1878 2443 5323
283 1386 6849
1141 2330 6830
2177 2659 1606
1877 2676 533
623 2414 1205
1681 2384 9620
1444 2221 7767
2530 194 9713
436 305 5566
304 2314 4020
1556 1641 7929
1841 1896 6067
2134 2514 9150
2421 1023 3747
1359 2770 9568
682 1550 1255
446 340 9807
171 292 2646
1195 1843 5774
1572 880 4718
1693 174 1917
2827 1555 9358
331 2631 6261
585 1589 4803
499 1636 1033
1325 1685 7295
2103 1594 3238
2221 793 3986
1993 602 4586
2168 1342 1704
2500 832 891
1727 1452 7587
1882 2704 9328
1787 1529 1168
1683 1097 4018
1625 1967 9511
482 416 1718
1984 2355 5363
1365 368 5047
738 1061 9566
513 273 221
2781 2774 7389
2630 1594 4912
1308 1081 5360
1819 2417 3189
1250 394 2976
921 3 6587
1454 2042 6256
1744 379 3588
2457 2608 2128
2195 2439 8864
644 140 2813
120 2523 881
1079 660 1416
2807 1171 7367
1358 333 1765
1049 186 566
476 57 4902
326 2314 8105
1614 2728 2554
1391 1593 7341
328 2616 9570
1468 2651 6421
272 2049 10
151 581 2797
389 1868 7158
2472 993 2319
2376 2403 8273
165 120 719
60 729 5271
2505 1508 9919
1212 1066 7737
2044 855 3210
2482 983 245
2316 1754 2293
949 1004 350
2828 2106 270
2157 2424 6335
2614 1994 5007
835 676 1268
1627 801 4012
1720 94 1957
2550 2079 2951
1985 2418 817
2018 1584 2
2199 1151 9734
2754 2836 173
85 2802 3739
966 2329 8589
2375 297 3068
1230 2729 4573
137 1826 8344
2236 1307 9089
1922 2810 3447
2402 133 3733
979 1792 4649
1049 2869 4930
2407 1904 8849
2287 2526 2363
2730 165 7919
1559 1192 1628
2020 375 5310
2464 1196 4488
554 1422 4799
2406 2870 6599
805 2774 4402
892 2175 8463
2720 762 5631
1276 1266 2909
1172 598 6633
2497 1788 9781
2566 2342 2484
689 1903 7662
1504 2258 1208
625 763 2037
1335 613 1192
1541 2388 407
330 544 9682
2360 2624 4055
1866 2788 5198
922 2587 8287
546 2445 475
2600 1702 578
2779 2410 3367
1709 337 4801
378 2384 8504
2070 2 2226
1324 1889 6800
1927 216 238
2767 1734 9905
2663 884 510
277 713 2529
919 1029 6591
1153 2868 2940
818 1128 5887
263 2769 6592
1769 2245 2575
1040 2568 7559
1162 2814 1615
2708 908 4581
1609 978 425
606 1432 6243
2522 2450 7475
2350 823 361
1457 700 9317
2370 1029 9433
2328 2059 1357
2730 208 4921
2054 2438 4220
91 1934 9954
2417 1665 572
33 2194 1311
1071 1549 3459
368 505 3929
478 1326 822
506 1472 8877
1458 1649 6393
437 1052 195
835 583 4130
1587 984 9721
916 2379 6341
2175 295 2793
17 577 1813
1310 1153 4582
932 2771 749
911 2793 9611
2779 22 7192
678 1463 8945
1354 1388 1391
145 2574 6656
2137 1542 2562
1767 492 5448
1286 666 8491
1130 1062 3170
2617 990 7154
1632 825 7090
1166 1434 717
2858 1150 160
2193 44 9136
881 2104 3091
1220 2229 238
1831 226 867
1442 1628 7111
1007 2714 6586
750 558 3144
1664 2854 6272
2194 2797 922
599 1131 4268
2288 1207 5445
2806 1334 5816
2177 154 7255
1183 2675 3749
2447 4 2518
712 229 6955
872 1322 5125
2381 355 6325
762 70 8731
680 2776 9384
500 1778 2449
1988 1030 2124
1795 1710 2895
2647 351 8371
1787 1430 6346
2459 959 1675
949 2539 5304
197 806 7298
406 721 2875
325 2138 1254
1035 556 1549
860 1139 6032
1048 2067 4388
2083 1894 5469
30 2235 5061
2429 2054 3616
2534 431 6862
1264 160 3567
1525 1374 6317
2310 1332 707
131 2540 576
1580 930 4198
1136 1676 1250
695 909 6533
1536 372 3212
621 2614 1088
2277 1779 5540
420 105 2630
712 529 871
134 888 9683
694 322 6575
1738 1173 758
706 686 4102
741 1732 1685
2359 2761 1093
2719 1003 3484
676 1250 7330
1577 2373 2451
1264 759 7772
564 2556 182
2634 2262 4023
450 2502 4184
2501 995 9002
2171 2677 2302
2449 868 7145
908 225 9560
2489 948 8611
2667 2648 2818
2719 415 8216
2056 1506 154
68 1745 4721
184 901 6633
714 2142 5359
2017 791 4375
1582 1539 8488
683 1160 74
1827 1350 509
1385 2305 9356
168 2255 3914
1046 2023 4563
2792 247 1108
40 2752 1574
1581 2357 8197
397 1355 2141
190 596 6220
1867 2259 8054
2096 1202 1786
970 1400 2345
2187 1643 2083
2873 970 7283
1929 1500 407
2370 933 8521
1810 978 2421
2348 968 6220
521 219 8819
1554 567 6193
1726 2091 8776
807 817 6190
1053 818 846
17 1206 3981
2005 2812 4750
2219 400 9768
1198 982 4690
1424 1789 223
283 748 8976
2422 1612 4598
1040 1465 8475
2281 2270 410
2027 527 2302
1104 917 4668
1803 1025 8068
1031 1294 6591
1048 1435 4177
514 624 9327
2633 1355 8291
1662 1069 3960
506 1678 4120
1126 1028 646
1306 721 2587
871 716 5276
2775 2630 4352
92 2460 5296
86 840 5320
1672 2862 1617
1042 969 1212
2220 471 1159
1188 880 809
2712 1282 4653
2096 1803 7930
1160 868 4127
2536 516 3925
2819 1304 6060
533 2802 3530
1483 670 5320
484 708 9465
1595 1536 3772
2462 2118 4341
1916 690 411
2231 239 9283
415 1817 7524
1895 1616 607
2004 1745 8686
1575 534 2486
1551 522 5945
1855 2534 6413
2058 2244 4023
290 35 3253
1985 819 9772
2389 621 7607
2037 946 5502
1718 2086 5367
596 936 6334
975 2607 8965
1890 2657 7175
1729 634 2125
2863 2189 9724
2409 1589 7381
1687 2693 1107
1874 1108 65
2065 1116 5787
680 2520 1172
1121 1924 1501
533 934 3046
1236 1671 3391
175 61 998
2101 1407 6422
781 1499 7818
2633 1834 8957
905 2760 5559
1689 1646 9482
1598 2718 4635
1668 214 1665
2085 829 4311
1954 658 5502
1623 1071 6296
1086 2662 4435
655 1607 3785
2650 520 5574
98 2563 8089
822 1382 5278
40 1811 5490
1247 389 3913
480 221 6110
893 764 5739
43 1105 5249
2259 169 5994
725 593 6767
1505 1714 9217
1558 1765 3294
742 2402 2397
2742 2655 4950
2155 2119 3134
1709 1045 3251
2500 2503 1731
1229 183 5434
1980 1665 5762
1473 1366 8940
196 1784 8301
2414 812 9621
1622 1620 6428
430 976 7658
266 2152 1894
1732 494 3187
1482 1784 4016
1958 2277 6337
496 1091 2787
1307 2041 261
1618 243 6325
2173 2098 3420
1406 943 4310
1534 1069 9246
2490 1445 5324
178 373 1497
1139 647 9920
1576 109 99
67 2542 2676
811 169 6177
2506 1750 6189
1266 2040 625
385 2241 3957
1021 1169 4761
1727 966 3142
1585 830 5667
856 2373 3275
909 1648 7641
2813 425 3877
381 2753 9737
820 18 3087
943 620 2570
1507 1631 9676
2541 1733 6133
366 2298 3102
247 1502 6274
992 171 1377
2344 1190 3232
22 230 412
1666 2052 7332
722 1295 6352
1720 1640 3310
1658 2858 8011
2780 419 2019
424 1650 8172
2364 673 8029
907 2635 1248
3 1254 799
1424 2796 7595
2115 757 2550
2209 2493 4590
2835 971 1842
874 2828 4813
2519 1427 1805
2253 1078 151
2723 365 5551
1706 413 955
1060 1696 482
2486 537 5120
882 2169 2482
1912 2311 3849
745 1425 1237
87 396 1811
1005 1996 4446
2016 994 239
2883 2405 2412
2173 2006 3846
785 2666 9674
2192 366 5508
863 2002 9370
2242 46 2385
288 2764 8859
1683 223 4733
1925 2242 231
1856 2333 6521
1401 1511 3520
2375 826 6015
1744 2522 5
1344 2123 7014
691 1375 5639
2539 2465 4922
1995 1409 5757
2478 2216 2802
338 2139 9583
52 2280 6293
1694 2133 141
1098 2754 106
806 2871 2106
1927 316 7548
2597 1164 5153
500 2076 5559
570 2436 798
1144 567 2666
1611 1390 7641
1392 2406 9590
2812 1659 711
308 2585 951
151 1234 4773
210 2806 8726
1484 548 6034
2839 2815 6732
2422 1667 7534
184 1771 3671
1238 985 8915
1850 212 8343
2374 2768 7044
148 845 3832
1586 2164 2842
1278 113 6213
2820 1121 3872
218 1901 9356
1568 1325 2252
514 288 6044
2232 2455 6887
2335 1279 783
2861 2637 2825
1002 950 6867
1715 384 9364
938 241 3344
342 2567 5309
2333 1795 7698
605 2340 2135
2579 570 5062
1663 769 1963
2587 807 5460
362 2580 9952
150 889 4639
2685 2048 7950
1199 609 9113
1070 1739 3750
1551 629 4234
1209 2268 9052
2263 2608 8076
994 2819 6745
1261 440 7310
88 2149 9031
1525 2556 4969
1410 1466 9390
1854 2201 571
111 16 5305
2739 781 3796
364 1808 312
1548 612 6179
470 1956 7923
1996 2874 3932
1682 877 4197
1973 2693 7275
1174 640 2276
1442 1982 2899
1042 1157 7538
809 706 2991
1682 1560 9365
2029 27 9456
632 1351 2484
1864 1885 8185
1806 2611 6523
2866 648 532
548 2013 1289
603 1370 7305
1953 2063 7491
2181 2679 3707
2738 380 9941
2568 829 9314
1764 515 8203
646 2337 9272
1396 2725 8407
464 2343 1971
1194 1437 6789
164 1629 7418
1019 2136 8145
5 381 523
2313 2130 7618
2685 2712 5316
1505 785 2254
2716 1246 4528
2205 67 7317
1500 1961 6912
2567 2200 7925
450 2109 8371
2492 1596 7363
1908 1470 3511
1354 2337 8278
259 2609 7042
1456 2735 8138
15 2829 1698
108 1045 2166
1412 1621 5962
212 2583 8753
442 1851 8665
913 2141 7555
359 738 2638
883 334 5954
1475 699 9977
2575 254 8154
523 446 6811
1602 2072 3678
1408 1142 6868
1468 1871 4289
215 640 4604
1147 1817 1321
958 2845 1764
1223 1327 9749
1549 245 4047
510 1280 2191
1640 667 640
1775 864 1110
218 659 7322
462 489 5699
1375 2842 9684
1597 477 767
1693 129 4516
1488 603 7933
443 1469 5426
1815 453 7281
376 2705 4910
1253 1361 1610
1652 697 9216
1302 269 8285
1582 1531 7747
2716 2335 3026
149 2747 874
1286 23 1660
1423 2690 9062
509 1163 6049
883 490 5066
490 350 3703
1694 2446 2665
1538 1448 8094
1558 911 1498
2740 1181 9971
1127 232 78
2020 385 5224
2886 237 9050
1923 1585 692
569 2512 6710
798 906 8858
1381 1911 8940
140 375 4741
530 647 3670
1027 2358 4163
2666 1232 3572
1259 1178 63
2623 2232 9805
1171 2301 8823
1422 1443 2065
108 2464 5793
616 1592 2327
2811 735 7585
1565 2128 9812
1417 1888 1548
1022 2465 1253
2463 2427 367
2856 2018 8270
2183 1891 6254
772 2788 5107
1453 991 4026
903 1530 5919
1141 301 987
2195 1755 7907
1736 1776 1484
2576 1300 9233
1916 175 6497
1804 1769 5176
2767 1061 4885
2244 1666 2832
2588 2564 2728
737 2359 128
1074 1499 3281
106 1946 8741
1895 1962 4389
705 1700 7533
523 312 5777
2419 1575 8947
2865 269 1414
687 948 5914
1296 1833 7260
134 726 5016
2243 1213 6480
2477 2515 7792
2306 2332 4283
2447 532 6903
464 2839 2998
1070 2433 2122
1241 1397 6080
1172 568 3581
1134 2434 8225
250 592 5348
2197 801 9923
772 2722 3574
1088 1675 3371
694 2553 4023
2533 2376 6585
1778 1547 5839
793 524 7960
905 1983 6482
53 782 2416
1036 846 8519
1416 1221 4431
2247 1680 6600
2855 2190 4248
1420 2183 5800
1723 1737 623
1854 399 4458
290 1203 5874
53 139 4615
1416 792 6040
2429 1595 9698
228 1773 1895
429 2509 4643
121 1257 1555
111 377 4377
491 130 2877
1757 2288 5354
2084 746 5334
1095 1619 1727
1267 957 1801
1959 128 6474
753 299 3365
2412 1203 319
2420 660 6003
1586 560 2878
518 1799 312
492 2233 452
1833 49 9497
1087 605 2007
1686 91 7549
1234 2860 9950
1508 1654 336
1859 364 4104
2229 2543 5991
2353 1570 2437
893 2863 1951
1858 369 2650
1402 2772 7763
1639 2469 3785
1570 2394 9253
626 958 2474
761 1301 9935
1624 2239 5243
677 110 9273
2551 1602 3257
2401 1534 4024
263 2509 3913
2680 729 1337
2084 1259 6277
2663 2341 2067
654 960 8850
742 102 4935
2775 528 6751
1669 1096 1181
1704 1782 5747
1283 1578 8260
751 121 9625
2120 519 6389
667 2358 6633
2588 2592 9412
904 2678 8234
1012 465 922
1490 2530 3627
788 1793 3063
386 1464 9862
843 2619 3700
2372 1102 7625
1864 443 4990
214 206 8644
29 1170 1710
2598 1726 1562
767 2125 7371
69 1362 8809
2347 1557 9317
1695 2186 6027
1979 2297 6456
1987 188 2652
1114 230 7734
869 2099 8071
2672 828 917
802 2490 1462
879 2687 4783
1598 2294 7366
1834 256 8965
37 211 7897
690 1758 8053
1466 356 314
2886 869 4888
845 803 1254
796 555 4298
2238 1637 215
2278 2665 9120
1396 2300 2876
1382 1265 4934
125 2100 1939
167 2216 5984
202 1474 1620
1006 206 9175
1667 279 1978
638 345 503
64 227 3579
2855 220 2239
1706 517 8948
1207 2401 3238
2132 2441 3189
2407 2709 6271
2628 2706 9302
2127 1568 3432
436 467 9533
1182 2010 963
11 1474 4454
73 530 2694
2153 2278 6317
2782 1565 4594
912 191 19
75 81 3774
580 2498 3365
750 2696 2116
2024 2572 8992
668 1997 2487
2451 791 6155
407 1454 218
2694 528 8735
410 1393 307
195 391 3093
1573 1814 2843
1988 1876 8125
1219 462 5124
1012 2635 8528
1737 2057 5507
2797 2696 3313
411 2501 214
1298 1909 2077
2659 1826 7751
1806 1545 5123
2404 831 8889
1960 1858 4465
854 1127 1286
2784 486 9041
811 722 2978
499 1730 8124
1501 1364 2111
1417 847 2533
1367 2166 5855
2474 1938 5329
2409 2348 5462
358 1477 8901
2032 39 4440
682 2737 1648
2243 226 4865
1488 2849 7894
1343 2062 977
2495 1113 2010
2135 704 6137
2823 411 202
1550 733 3851
1724 2245 1138
2249 2520 5900
2057 2332 8128
321 951 1518
1158 2188 3413
1183 2546 7875
2510 2191 2110
270 1381 37
619 223 3686
2808 317 2059
2234 2627 7328
2062 357 8611
2170 2868 8464
2492 2 8345
608 204 878
2597 2123 4985
2120 1965 9333
484 589 8389
1859 1496 9492
1478 2875 7367
517 2318 2765
542 625 2044
2671 2595 2384
914 2547 3465
2271 630 7796
592 213 7971
895 1169 3198
1284 2652 4810
736 1715 5937
1775 489 4257
430 1885 3265
1291 2132 7967
912 2199 1364
2549 1920 8395
2215 258 3402
2036 1861 7200
1383 1082 132
1958 573 7030
2612 345 5859
563 2674 726
2533 1503 8977
479 977 641
1421 2179 1205
239 2281 5049
1901 510 5012
2400 2146 6467
1102 1010 5592
2420 1295 2789
2426 1317 5808
1686 178 5969
2670 532 2392
266 181 3431
2669 309 6877
2619 2013 305
2099 2249 5748
1725 1512 6155
562 427 2918
2345 2201 7013
1051 313 7287
55 1448 8226
2399 513 930
1289 317 7328
1306 961 2364
222 45 4064
987 45 2443
1331 1459 8001
1387 361 3386
1436 2674 2999
703 1308 9296
1978 2180 2725
2390 352 4333
2852 1560 7194
616 2772 4847
1360 2570 613
698 139 7560
265 1238 4665
2002 1271 3423
82 1222 1324
1963 362 5557
2555 2004 8640
378 181 45
767 321 2432
2080 573 7871
1429 2487 8474
2616 1383 6877
377 1097 8174
2010 280 3847
1435 253 4384
635 615 3030
1281 1651 1904
170 1378 4341
1109 138 5930
1186 2615 2814
657 2360 1806
2019 758 4222
2657 2364 3933
673 1101 5802
179 504 7293
2203 1273 7802
1535 1884 7250
2267 452 1380
2544 888 6280
1147 2369 6216
84 46 5441
1882 1164 6981
234 953 3844
1487 581 2679
1301 1951 7807
56 106 4268
173 1734 7384
1917 927 1825
1760 666 185
1202 1133 965
2471 2203 5514
70 2711 1436
2393 769 8785
1440 2879 159
836 981 7301
684 468 7521
150 2799 3785
2847 1891 429
2580 1579 6978
2330 2361 6966
236 113 4712
1267 1241 5277
1892 354 4455
1746 936 9043
1759 1724 9576
1908 1932 5130
1802 656 3997
580 428 7678
1255 2121 9143
289 333 557
473 2528 1261
547 1671 4082
447 1959 3414
1657 1263 6940
2882 2827 240
2285 2352 2606
1457 2178 7357
1701 157 7743
591 1020 1207
47 2484 7767
2555 1213 9105
1062 2160 1235
2107 2476 7286
1431 1678 2211
224 1596 2433
156 630 7078
393 1695 1320
1999 1054 8668
1373 1960 9163
1337 2667 7423
2253 1608 2114
612 1232 1916
558 645 4304
2433 1770 2671
2547 474 5643
2031 81 6898
779 2493 4433
737 2745 4134
2726 2513 995
656 2066 3072
1290 2313 7598
1783 2820 6570
30 830 4454
1418 728 3903
262 2638 1518
1980 1955 197
1389 1119 6282
1612 461 735
460 1186 6263
1535 2226 8150
1741 2565 4442
814 172 3270
1087 14 2155
1254 2525 5181
2346 1783 3881
2000 1119 2767
553 2321 6896
1583 2152 4736
2560 1483 8244
1641 2066 8641
2515 161 5040
2129 1604 4933
1938 2202 9052
210 931 6310
527 2110 560
1876 1275 5552
2104 2176 9431
1998 2495 4429
224 2594 1065
253 1072 6824
1228 265 4820
2163 1873 7473
2292 519 498
997 685 2450
1972 1815 9193
1947 526 3573
1212 1813 7356
145 473 5100
348 2853 1171
2394 825 5616
371 2848 2788
2387 2867 1622
117 944 7210
158 1592 5909
36 2485 1900
179 903 3460
39 753 260
2524 710 2041
1191 327 5243
1954 116 5068
2461 1148 4549
2041 2604 9639
2582 1246 4916
1728 2298 3137
1952 1312 9451
1608 1284 2108
2000 878 1325
2026 52 8556
642 79 1037
1208 1073 5574
131 1798 1752
1636 723 5147
440 248 4088
267 1537 7835
858 613 120
353 1253 1854
792 518 9293
431 1545 5691
1792 15 6003
1436 2110 5836
271 2125 8288
2122 1038 5702
2310 293 209
2139 1511 4143
1660 238 9980
379 1231 2567
252 146 5229
651 1030 1264
1447 668 245
2270 2617 8215
1089 249 7830
562 2157 4087
213 1110 5447
442 631 7291
1924 314 9191
2552 1995 4774
2361 1905 8342
2592 1059 7435
2589 1072 668
424 786 2568
2051 158 7900
565 1447 5702
1704 1690 1623
2122 1814 3754
1010 1113 1653
642 833 8906
664 1707 8010
1579 2703 6825
2611 961 866
241 1563 2240
1157 1839 2304
2776 587 9747
296 2059 1265
2759 187 6502
2881 1132 6747
1198 2503 3358
2187 1530 3004
467 2388 9094
2068 2266 3707
1553 1211 273
2086 2621 8288
980 1313 2084
1120 1460 1879
1669 2290 3658
615 982 4713
2390 1860 8828
262 626 8828
2692 2675 1545
2615 2055 7090
1314 1741 3634
1216 1338 6384
2510 1450 6842
487 2258 9478
1761 1242 1835
147 1115 8502
1360 935 2984
904 35 9061
984 189 8680
2786 1968 6557
244 1260 8795
861 1816 2458
282 1297 1682
873 2486 7087
1661 2438 9265
1697 2283 1069
1498 699 1129
437 2012 23
1822 1429 9648
2697 652 24
2829 724 1806
2706 1786 6018
2468 147 6470
1941 1017 1448
51 1976 7388
195 1539 5260
55 50 2665
1368 395 1983
2065 684 5234
2625 373 435
2558 1292 20
2235 633 7253
1522 2340 2918
314 1218 8679
2709 1879 8795
679 1765 4248
1227 703 5913
1096 1563 3113
2448 637 5502
1842 1643 7495
1790 1408 4277
2303 1084 1991
611 125 9099
2548 2669 197
2511 2748 3596
9 2351 4591
851 1514 4956
2537 624 6365
1975 1639 9837
944 297 1859
877 2627 4262
1293 1798 8345
770 1863 1981
1390 724 3050
1449 1225 9523
1426 1086 2875
95 1881 1405
758 1813 5332
1689 2883 1839
1748 2014 5906
2035 77 4925
2660 1969 8559
600 2745 1850
2102 777 1608
1122 2517 9768
485 2053 1898
1369 1031 5071
2045 1188 2690
2437 478 4245
1999 426 6131
2060 2591 8619
2880 2751 7573
412 1821 7450
947 410 4390
1050 732 9086
524 475 1577
2300 2748 3614
1937 234 6708
433 627 5444
1932 2304 3762
1728 1653 9697
1966 2126 6953
2538 1763 3803
698 2768 7954
1496 1217 5452
1405 1104 7840
1346 24 6453
2695 2741 8387
1471 989 7675
1103 894 4713
1606 552 7496
2576 2691 3051
1423 155 3230
632 1974 9251
2210 1143 3175
367 402 2722
2030 803 9153
155 990 1891
1039 1233 4859
1385 1229 207
63 2549 4201
1774 1191 1327
2292 1363 7403
2695 2678 5671
2068 2015 8965
1853 2672 4539
412 2459 7276
1168 2656 971
2853 816 5530
876 774 4571
2009 760 6129
2742 2399 3050
1936 1809 2291
2294 2816 54
2225 622 4825
2746 2639 5216
1320 590 554
1698 1431 2190
2811 2252 5654
2613 1653 8912
736 2215 4723
2416 1430 3348
975 1065 5874
2843 398 8424
2769 2223 78
857 2015 9680
2318 1117 7900
1332 2699 6054
1755 2625 6737
2869 2715 9013
1380 2603 7397
821 669 6193
1825 2705 568
2561 2817 2662
588 4 581
2413 731 2797
1583 79 4511
2191 887 2249
25 294 3654
2602 2476 449
1990 2789 5518
2689 2415 7600
1386 472 1808
2600 339 8844
475 2411 5824
2383 735 3482
2849 1137 5375
2595 951 5360
1055 2081 4160
254 1129 9731
1352 2323 2834
1992 1068 1377
2028 2703 9409
639 606 7651
2741 1357 807
2289 2071 9466
1152 980 1941
2159 1566 3627
565 445 7608
1490 2782 517
146 669 593
1684 2845 9884
2796 536 2580
2694 917 7615
2736 1840 178
2766 231 2541
1122 1651 11
1605 2502 5741
2647 2596 6761
2072 1860 1627
799 1519 2118
2689 1193 8358
305 760 2449
1764 602 2020
2483 1340 9658
931 7 2810
1223 2202 1468
555 2757 722
94 2880 5427
2596 386 7562
2276 1952 1293
2479 1095 4714
2566 101 7485
291 662 9334
2081 2799 4591
2303 2654 3851
428 203 9479
12 1832 3151
2011 1418 3969
231 2309 5622
2082 1404 8508
2571 2439 9333
687 1661 5041
2153 561 890
2856 2783 117
996 357 7597
2274 604 1686
2584 778 5354
577 2604 8465
540 886 7272
2805 2884 5031
1603 2746 2436
502 714 6949
1135 999 3674
2642 402 3186
119 1487 887
267 2171 8891
1187 1677 5173
2665 1175 3381
2170 546 1740
1646 842 9614
754 887 5465
370 1116 8621
310 2461 1382
1419 1629 1754
1178 2593 69
1900 1357 8400
569 2264 7592
232 1059 4687
1790 2463 2263
360 2159 7696
1374 1268 896
118 1103 9851
2389 1604 6250
2540 413 7074
989 2518 4357
1950 2134 3188
899 2227 2517
755 1829 4833
2428 1926 7785
1137 768 65
1712 371 4994
1638 526 5544
1056 281 6553
90 2565 3457
1138 882 4491
964 1098 1305
786 89 3632
700 2349 1413
1894 1779 1940
64 2106 3864
834 2553 8411
1498 182 9391
16 318 8188
2686 1456 7537
920 840 7000
300 1725 7408
1338 1170 6441
559 851 7076
2363 2529 6699
1707 607 9283
1145 133 9213
183 2424 3214
1439 2063 6887
1224 295 5535
937 358 5010
576 816 7973
189 2589 3890
2800 2238 8767
396 2445 7746
962 401 6603
1467 1711 8259
284 1373 702
2479 2273 4545
349 495 7493
1362 2753 4301
1690 1239 7039
716 1633 5400
2583 1407 6427
2815 132 2517
2377 2560 3865
2714 915 6392
799 2574 3137
449 2473 9256
2621 1014 3172
1149 2266 9160
670 2140 100
274 2012 9148
2537 935 8318
2078 136 5272
127 2536 5742
493 1132 554
2432 1836 1678
962 1512 4213
1090 730 9683
2296 2755 1422
422 1400 2707
2082 2169 3032
2007 315 433
1753 264 1266
522 220 7951
257 1204 5953
1699 2677 1687
2256 618 7091
1618 1041 419
261 2713 8724
964 1140 2666
2115 2733 2693
2398 794 8235
2717 2368 2983
404 409 9171
2276 848 4188
1047 1094 7938
813 1962 6530
286 2700 9663
2629 1168 6591
1193 1713 8639
176 776 7229
194 719 7902
2544 408 8766
439 2838 5354
2655 1464 6295
255 2273 2917
604 1752 7901
702 320 160
2832 1348 4869
2321 2581 1452
1419 2088 5860
1140 347 6707
453 2325 6098
2629 2582 1464
1871 1258 3832
1776 1920 9678
2765 2658 1573
1975 276 7675
1978 1820 4997
2836 391 3761
2704 2255 7358
809 2507 8458
1336 316 6659
1928 2545 807
302 1093 3877
2718 1156 9471
2731 777 7861
926 1248 6927
1372 2208 1032
303 1353 2974
1847 1692 5083
1414 240 7865
382 2312 4973
2686 272 4274
1762 2146 3841
986 1590 6733
182 1240 869
44 1494 9837
1616 1184 2295
572 1156 4398
10 92 6993
1521 124 3906
1359 287 2160
1688 1877 9166
110 2368 106
2142 1991 8051
370 2643 8600
686 2735 5397
861 1392 8639
1933 1521 7380
2113 2285 7416
1673 1255 8315
1892 343 5643
1368 191 6302
692 2784 6176
216 2089 682
542 243 1635
2525 1722 2736
693 1176 425
848 1297 8122
1711 1309 3485
1019 42 1434
12 2354 3109
1950 509 8721
1125 1721 7314
1642 2405 3788
2499 940 5252
488 2334 7762
1015 1477 4821
1326 185 5448
850 862 9358
123 332 6825
421 2371 2150
1309 2074 7619
319 2162 1652
434 438 8662
591 1452 4578
923 1922 8864
844 2824 7339
862 107 883
2885 1214 1497
1081 384 4316
2701 1818 2885
852 1638 2840
1807 1356 7128
2876 2338 3042
1987 2740 2057
2093 1058 4882
956 719 6200
2237 1688 1897
2427 2676 7602
2108 188 6180
433 84 2811
2810 584 4058
1630 717 2668
2218 1047 2262
2822 466 1262
952 584 8749
2470 715 7748
13 2864 9875
103 2214 9681
1964 2644 8602
458 2649 5782
1957 1065 5421
1919 1352 8822
2161 1830 8657
2683 1777 3106
2248 1063 3547
1964 2189 9791
20 1025 6226
227 597 1157
2787 2651 9565
2664 2180 787
1807 1292 7392
1946 1100 2440
1524 1064 9908
954 2042 8456
20 900 9024
1982 1181 5266
540 426 3299
273 115 6524
1346 2610 5463
354 1285 7651
162 1037 6519
2832 2154 5555
2790 2007 1661
65 1015 7167
1708 1884 856
787 123 7163
1312 1051 9282
1300 1155 5994
832 547 5165
2212 483 8193
2681 571 6391
58 2585 3811
2308 2491 652
1712 815 9363
940 928 7686
593 2831 744
759 2732 3113
1567 2456 8906
2291 1034 7270
497 1497 8330
2613 2105 9871
2039 1349 7730
1428 1857 5885
1142 2821 9334
193 468 2286
1146 2652 499
1218 655 2245
2846 1001 8456
1603 72 2981
160 1796 3363
1944 1451 9119
920 1870 3165
967 1825 5784
114 2220 9106
2634 349 1206
800 1966 4473
784 896 2977
535 2262 3083
2607 770 1164
1068 1272 3221
536 405 1555
727 1915 427
2466 2423 4845
543 999 107
2127 313 7819
2165 2644 1618
1316 925 7012
1610 287 5348
824 2620 2648
2095 665 157
1085 2014 1330
641 1509 6850
423 2573 2471
471 2639 9177
2484 1320 6326
2091 395 7800
1163 2022 5697
1934 2640 565
2111 1540 5670
557 2721 9201
749 1942 8878
2051 1085 309
144 2257 5108
2801 747 6604
688 285 9968
672 1914 7204
2311 2397 8963
1123 2586 3832
2198 2299 10
1644 2590 3600
2077 1637 1782
2813 1768 7501
2826 1567 4571
827 1749 9386
388 2498 8536
270 2186 3022
1557 486 5364
2770 207 6449
2870 1150 2486
1913 824 9825
1607 1911 8298
306 1111 9030
2425 2554 6175
2029 1789 8748
27 2097 2092
1574 2749 1371
449 2114 5882
2467 107 1089
1615 1363 7186
1398 2441 1265
2765 1523 2861
2317 1713 6483
2224 1526 1726
1415 1527 225
711 1785 9359
1569 988 3937
771 763 5391
2527 773 4760
1395 80 4430
1869 2758 4319
1294 2662 1707
1151 578 1207
1717 474 8241
2396 1838 1341
1128 2773 4509
2661 2679 5643
675 649 9447
1872 1399 613
1481 1076 6737
594 143 6196
1077 1469 409
2367 1845 8128
766 207 726
2872 248 2432
1679 1849 3106
268 136 356
337 1584 3251
2452 11 9747
481 2251 5776
2265 112 3467
2217 2473 8692
2284 1197 4874
1899 1083 7248
2150 1743 331
1479 2636 7544
804 2482 6767
159 1318 3078
1875 454 3294
2761 383 6057
141 983 5106
516 1794 960
810 2307 3278
886 2254 9962
1945 617 503
853 1886 1966
97 2166 9002
2777 2851 5199
1617 2834 2683
1480 1411 3999
752 170 1665
41 346 1386
1685 2362 9900
1742 2184 6326
1600 1 9213
274 1848 3790
2410 1330 3603
1205 233 4954
1052 2272 7587
59 455 8538
1257 2156 7335
1256 2302 911
2261 1378 4949
1345 1099 5331
1319 78 183
614 1446 2188
2450 2727 2727
1823 636 2740
372 2707 7016
1075 541 3926
2794 939 3107
2241 870 2099
1161 251 2474
955 2046 3121
841 1004 2689
