3000 2998 7356
2774 1150 3001
1982 857 3002
2419 1013 3002
1129 113 3001
77 2932 3002
1880 2069 3002
1778 1154 3001
2258 2044 3002
1306 1655 3000
1897 2130 3001
1829 543 3000
2426 1574 3002
807 2263 3001
2318 623 3000
745 2370 3000
2123 1378 3000
63 1846 3000
2491 2311 3001
1926 294 3002
109 1943 3000
52 354 3000
2999 2122 3000
1730 2119 3002
1241 2022 3001
1979 1789 3001
580 2946 3000
2480 2148 3000
2626 128 3002
1746 2853 3000
2023 354 3000
1885 1861 3000
2158 891 3000
2564 1925 3000
476 2968 3002
1648 1376 3001
2104 1952 3000
1597 2092 3002
747 2031 3000
2636 484 3000
2410 1211 3000
1068 414 3001
2859 2047 3000
328 870 3000
1948 1140 3001
454 2258 3000
2811 2937 3000
224 1027 3001
1895 370 3000
433 639 3001
2813 2252 3000
1209 72 3001
2768 2498 3000
2562 2868 3000
2386 2761 3000
2039 2329 3000
1906 1936 3000
257 643 3000
374 2955 3002
1067 1917 3001
2861 276 3000
103 2393 3000
668 362 3002
2480 1244 3002
78 947 3002
978 551 3002
1459 1109 3001
2418 645 3000
1036 1993 3002
1840 2135 3001
598 665 3002
662 931 3000
893 1745 3001
2795 391 3002
2135 1786 3001
2641 1336 3000
2576 183 3002
1930 121 3001
2127 1280 3000
1399 2890 3001
795 2953 3002
2137 514 3002
2337 1870 3000
1385 2953 3000
2840 686 3002
10 2856 3001
1330 1919 3002
2111 219 3001
967 1219 3002
792 719 3000
2479 398 3002
2994 2188 3000
1687 1156 3002
261 2346 3002
616 1015 3000
1624 2577 3001
2546 859 3000
230 419 3000
144 862 3001
2258 226 3000
2688 141 3001
2484 216 3002
2027 1155 3001
2522 1047 3000
177 2441 3001
2055 1614 3002
1254 999 3001
143 2894 3002
1415 1947 3001
1297 2914 3002
2975 1143 3001
864 2739 3000
1464 2334 3000
2403 2292 3002
2939 1318 3001
327 1586 3002
875 1663 3000
523 1613 3002
2943 963 3001
1607 1205 3001
1913 1861 3001
1025 1273 3002
2485 2688 3001
701 501 3002
1163 322 3001
242 2456 3002
2248 523 3002
1510 1111 3001
2677 2464 3000
1221 2372 3002
985 147 3002
1797 899 3001
959 2960 3002
2344 524 3000
2341 1161 3002
412 108 3000
61 310 3001
2014 2449 3001
2744 1136 3000
1609 2130 3001
1235 2515 3002
549 1124 3000
392 664 3002
2564 1714 3002
1390 227 3000
207 2895 3001
40 2392 3000
2257 739 3002
2313 260 3002
2718 782 3000
2781 1179 3001
1021 1396 3002
2156 21 3002
250 2837 3000
351 2429 3001
2019 2909 3000
1890 476 3002
137 1712 3002
734 2837 3001
1115 1220 3002
1662 2534 3002
1759 69 3000
1349 2954 3000
2443 2126 3001
228 326 3001
129 1652 3000
553 2005 3002
2242 2402 3000
2197 2461 3002
1037 880 3000
1945 2934 3002
1120 1259 3000
1924 1080 3001
503 482 3001
1403 2973 3000
788 1787 3000
1188 784 3002
2436 2466 3000
1894 2143 3000
539 1720 3001
1185 856 3001
2095 484 3002
90 2304 3000
2183 586 3000
2405 1008 3001
270 1323 3001
759 2738 3000
287 1420 3001
1989 2475 3000
2364 29 3001
910 2165 3001
2809 1374 3001
110 2479 3000
1126 2885 3002
1089 1440 3002
2283 2396 3002
2189 2232 3001
1593 823 3002
1398 264 3002
1109 2541 3001
2049 356 3002
1169 1055 3002
2694 680 3001
574 1657 3002
232 1546 3000
753 682 3000
657 1730 3001
929 1090 3001
1895 1770 3002
2385 469 3001
1705 2456 3000
164 2318 3000
1693 1113 3001
614 1066 3001
1508 1418 3000
1373 2852 3001
2873 944 3000
2820 1971 3002
2798 171 3000
621 532 3000
1199 1311 3000
2884 1970 3000
1566 2344 3001
1065 1142 3001
1328 1678 3002
2447 625 3000
881 2568 3000
1480 1192 3001
1242 1457 3002
2617 1096 3002
867 162 3002
785 2061 3001
278 1649 3001
685 1630 3001
1130 373 3002
893 1892 3002
2484 713 3001
2339 838 3001
2284 2328 3001
236 1914 3001
2072 528 3001
1003 2669 3000
1017 911 3002
1624 1673 3002
1916 2428 3002
1259 2068 3002
142 1999 3001
2993 110 3002
2124 569 3000
699 1127 3001
2345 1485 3002
1981 0 3000
1117 1019 3002
59 1676 3002
1836 1737 3001
16 124 3002
34 2702 3000
1645 1316 3001
26 1360 3000
1998 268 3002
1501 869 3002
2458 1680 3000
1759 761 3001
726 1651 3001
472 2217 3001
1159 1588 3002
2833 506 3002
2535 2400 3000
433 1507 3001
2714 521 3000
303 2272 3000
1122 1340 3002
2634 658 3001
2336 855 3000
700 1632 3002
2691 1094 3001
1108 744 3001
1439 552 3002
820 1055 3001
1954 1206 3002
2319 1800 3002
2765 2996 3002
1094 866 3002
2120 1667 3002
2843 1434 3002
1007 1629 3002
1157 763 3000
2519 2821 3002
421 1944 3000
2440 1761 3002
746 1814 3000
1107 2625 3001
2869 1841 3002
1165 2292 3001
2711 2274 3002
2168 211 3001
2026 99 3002
2751 2443 3001
1942 2090 3001
1858 944 3002
2074 2102 3001
368 922 3002
909 874 3001
1429 2721 3001
271 1380 3000
2384 1333 3000
962 594 3002
476 2913 3002
1264 1540 3001
1755 1130 3001
956 1853 3002
567 2581 3001
363 2768 3001
649 2187 3001
325 1808 3001
527 2779 3001
1739 2548 3001
2924 25 3001
2521 906 3000
921 2765 3000
361 2405 3002
1302 1045 3000
722 349 3002
1446 2404 3002
401 2828 3000
1565 2179 3002
2426 558 3000
1629 2676 3001
1178 391 3001
522 1103 3002
238 2789 3002
2322 1002 3000
2672 1622 3002
1706 2869 3002
2012 1490 3000
2583 969 3001
1980 1973 3000
1148 1856 3000
2353 1929 3002
1123 2333 3002
1106 1439 3000
2155 2951 3000
1399 371 3001
986 801 3002
2538 2482 3001
2103 396 3001
1370 1235 3002
1407 450 3000
118 517 3001
799 2146 3001
2892 2253 3001
1727 158 3000
1726 2170 3000
2832 1222 3000
1980 2531 3001
2640 1131 3002
1574 2103 3002
1112 1219 3001
2085 282 3002
1079 189 3001
1763 2411 3002
1195 2096 3002
1451 2988 3001
311 1283 3000
499 821 3000
2721 87 3001
260 1451 3000
2112 1293 3001
2742 1413 3000
1323 137 3000
1703 2776 3001
1365 1772 3001
2221 2842 3001
766 516 3000
693 1187 3000
37 1752 3001
2822 2389 3001
1995 1402 3000
584 2893 3000
545 116 3002
578 2132 3002
118 104 3000
2322 1500 3001
1222 1086 3002
4 1913 3001
2397 1659 3000
2514 1011 3000
1087 2551 3000
359 423 3001
8 703 3000
2584 2785 3001
2995 2621 3000
1696 2233 3001
755 1266 3002
1757 839 3000
2121 2193 3001
1381 756 3001
2898 2001 3002
1474 710 3002
1984 2680 3001
681 802 3001
2061 2166 3000
427 692 3001
477 1603 3000
1018 2869 3001
156 1254 3002
1947 2210 3001
1195 1702 3001
2496 415 3002
407 2240 3000
361 1624 3000
1695 1825 3002
429 1924 3001
1871 2713 3001
157 2893 3000
2290 579 3000
1728 383 3002
42 368 3000
717 1141 3002
435 2194 3000
2845 2919 3002
1537 2444 3002
1923 2503 3002
2922 2855 3002
417 1482 3001
1992 772 3002
2356 961 3000
705 1027 3002
2570 439 3001
2000 132 3002
269 1997 3002
2624 128 3001
2157 765 3001
519 279 3002
2071 2195 3002
2029 976 3000
2907 1642 3000
2321 1093 3001
2741 188 3002
1580 320 3001
1343 1292 3002
95 2690 3002
784 1915 3002
1850 1296 3001
295 2877 3002
1565 2256 3001
36 2002 3001
876 425 3002
1231 2300 3002
812 493 3002
2863 7 3001
1545 2843 3001
1261 2652 3002
2048 1417 3000
1542 1406 3002
895 2472 3002
36 2695 3002
1016 2063 3001
2392 111 3000
1182 467 3001
2901 1528 3001
2974 1628 3002
1520 283 3002
1952 58 3001
2918 1488 3001
2625 2650 3002
918 265 3001
150 909 3001
1500 64 3001
2660 2147 3001
541 2817 3000
2960 931 3002
253 2061 3001
679 868 3001
1308 530 3002
1254 2807 3000
369 1331 3002
819 723 3000
953 1547 3001
2476 1963 3000
1458 485 3001
2246 2173 3002
1395 1152 3002
610 939 3002
2156 1626 3001
779 2349 3002
2287 430 3001
1253 2934 3001
118 2752 3002
2091 2639 3000
2601 650 3001
1695 745 3001
381 2948 3000
1788 1007 3002
1261 1233 3002
2238 2216 3000
1484 1274 3002
2304 2329 3002
2331 302 3002
1543 240 3002
1752 1022 3000
1386 2308 3002
1594 133 3002
500 2606 3000
1829 757 3000
228 2302 3001
763 2536 3001
2152 787 3002
591 1422 3001
1933 2474 3002
159 2879 3000
1439 2669 3002
2504 2657 3002
1387 248 3001
1168 281 3001
716 2927 3001
1711 1513 3000
1738 455 3000
1301 828 3000
1527 896 3001
2763 2334 3002
642 2631 3000
2668 2589 3002
490 2773 3000
1040 1270 3002
2760 2508 3002
2350 324 3001
1753 259 3002
2161 2533 3000
1446 2844 3002
1418 4 3000
1524 1804 3001
1026 1135 3002
905 2628 3002
2984 2427 3001
1405 1572 3001
2459 2197 3000
613 2878 3000
2170 375 3000
1961 731 3001
1149 2924 3001
1048 1341 3002
1348 1905 3000
1444 31 3000
1432 1888 3001
2085 44 3000
837 220 3002
632 957 3002
1377 2437 3001
1073 1397 3001
731 273 3002
2417 2760 3000
892 96 3000
905 1075 3002
527 2564 3002
2799 1603 3001
2964 760 3001
1327 1949 3002
1057 652 3002
2507 1900 3002
1250 148 3002
2044 146 3000
1784 57 3000
32 335 3000
2176 1560 3001
401 1261 3000
2651 1764 3002
2750 479 3001
720 598 3001
2565 2785 3000
2047 1585 3000
214 2362 3001
2759 2706 3002
352 1052 3000
1674 198 3001
1927 2983 3002
2627 1326 3000
1968 804 3002
461 1280 3000
2829 2018 3001
733 998 3000
1653 1279 3000
1441 2410 3001
1643 158 3001
526 2075 3000
669 1278 3002
408 1756 3000
1316 2506 3000
1085 2648 3000
2880 877 3002
2208 2489 3000
2485 2226 3000
1881 414 3000
1064 1610 3001
2114 1798 3002
2810 1205 3001
364 995 3002
2978 1664 3002
2186 409 3000
2630 2375 3001
2152 797 3001
2107 337 3001
1338 966 3000
830 2179 3002
1303 1256 3001
2369 306 3000
1675 654 3000
441 139 3001
125 802 3000
1932 1467 3000
1250 1769 3002
2972 1643 3001
2379 2056 3001
1581 186 3002
356 105 3002
2674 2747 3002
707 613 3000
1968 1048 3002
1845 1190 3001
1629 2420 3001
2326 3 3001
1328 2611 3000
2251 861 3000
1200 2780 3000
24 2620 3001
2775 2574 3002
2725 1653 3002
2619 1153 3000
694 2780 3002
2915 2225 3000
428 1154 3001
2748 740 3001
1561 2247 3002
803 28 3001
531 2916 3000
1352 2582 3000
783 706 3002
2282 2449 3001
1497 688 3000
557 748 3002
573 1671 3001
104 2737 3001
1846 1862 3002
1559 360 3000
548 232 3001
415 2932 3002
2527 895 3000
710 2154 3001
1940 149 3001
493 1056 3000
1552 755 3002
2771 2654 3002
937 1475 3000
996 2619 3001
1193 1567 3002
750 1540 3000
1224 1374 3000
319 1469 3001
456 973 3002
1812 2656 3001
346 1178 3002
2668 1666 3001
1601 1898 3001
950 2462 3000
2032 1217 3001
1202 2915 3000
2933 1948 3002
1265 1664 3002
2937 2213 3002
2523 821 3000
2947 638 3001
1170 884 3001
9 595 3002
1481 2670 3002
2374 523 3001
383 1563 3001
506 836 3001
1354 270 3000
1901 1557 3000
492 651 3001
1989 2428 3000
803 790 3000
2107 2359 3000
421 2735 3000
206 1610 3002
2531 2363 3000
648 1366 3000
2433 128 3002
1033 1778 3001
115 1755 3001
964 427 3000
1362 193 3002
217 2016 3000
1102 1275 3001
1299 244 3000
2074 2100 3001
888 2003 3002
572 293 3001
47 817 3002
870 1586 3002
469 1516 3001
2827 1212 3000
2651 2732 3002
2992 1196 3000
1513 76 3000
53 1503 3001
2847 2141 3000
1144 1715 3001
1962 1022 3002
2941 501 3001
393 2260 3002
2193 2092 3000
2665 2206 3000
2178 2761 3000
2681 2980 3001
1710 2502 3002
905 2982 3000
2094 2505 3001
2391 1828 3000
2765 1803 3002
445 377 3002
267 2578 3002
1501 54 3000
798 136 3002
1939 1683 3002
1132 2024 3001
1267 1413 3002
9 1489 3001
1685 2910 3002
1793 106 3000
1249 2635 3001
2465 1391 3002
1472 2390 3001
436 487 3002
2070 2906 3000
252 1478 3000
1867 2510 3000
2660 2054 3000
1234 147 3002
2988 1872 3001
2727 91 3001
354 1464 3000
1466 2162 3000
2058 140 3001
1049 1883 3001
2561 154 3001
1103 1238 3002
842 2213 3001
666 2047 3000
2629 2228 3000
828 2503 3002
2728 1317 3001
402 1361 3002
1177 559 3001
689 2904 3000
2088 1830 3000
2778 1047 3002
495 2326 3002
2917 1733 3000
2167 296 3002
2079 737 3001
2469 2839 3002
2408 2145 3002
2511 2467 3000
1917 2320 3001
494 2342 3000
507 152 3001
2769 1028 3002
1247 1097 3000
1934 702 3001
1600 154 3002
952 354 3000
1988 499 3002
1707 306 3002
1334 1412 3002
1160 2205 3001
2931 239 3000
1416 948 3001
132 1858 3001
982 2203 3002
405 791 3002
1428 1575 3000
377 2353 3000
968 721 3001
2509 24 3001
1670 2746 3002
1321 1269 3001
331 1832 3000
886 1235 3002
486 2272 3000
1618 2281 3001
1239 708 3002
1656 1000 3001
774 637 3000
1795 1242 3000
1252 2435 3001
570 1782 3001
2051 2655 3000
2120 455 3000
2376 1785 3000
1247 1823 3001
426 793 3002
2007 2707 3000
1227 2021 3000
463 850 3001
1210 693 3001
1019 1025 3001
2841 1642 3001
1158 1247 3000
1818 1306 3000
258 2146 3000
726 1909 3002
296 660 3001
2265 1268 3001
2189 123 3000
2014 341 3000
1053 939 3000
2471 2699 3001
2269 822 3000
1691 989 3001
1288 1495 3002
704 2575 3002
241 511 3001
1783 2090 3002
1542 1754 3000
2802 1369 3000
2903 375 3002
2782 2213 3002
303 1410 3001
1387 618 3000
83 1790 3002
661 796 3001
2006 2225 3000
2603 1063 3001
951 1970 3001
1276 2902 3000
627 227 3002
1723 560 3002
548 1957 3001
940 2031 3001
2075 1918 3001
1420 2532 3000
2103 2380 3002
1145 2094 3001
789 805 3001
525 140 3001
1449 778 3000
2542 2767 3001
71 2736 3002
2963 8 3000
593 1038 3002
2745 2477 3002
468 1321 3001
939 1483 3002
1101 2518 3002
813 1896 3001
1353 1874 3002
1029 1034 3001
143 75 3000
1482 448 3001
705 581 3001
2556 2200 3002
513 105 3001
2834 1164 3002
2660 1420 3000
2293 1567 3000
1833 31 3000
1781 2026 3001
2539 671 3001
853 915 3002
1486 979 3002
2454 1322 3002
907 2029 3000
2690 184 3000
292 879 3001
1535 1774 3001
1313 1718 3000
2362 1506 3000
1359 1612 3001
1849 1960 3002
2633 786 3000
1360 1372 3001
1311 178 3002
956 1095 3001
2731 919 3000
2617 2870 3001
22 2477 3000
56 567 3002
235 1590 3002
1389 260 3000
367 418 3000
2996 2467 3002
2781 2986 3002
1381 2174 3000
2538 1128 3000
2442 1807 3000
675 2557 3002
769 2921 3001
656 2888 3001
218 2477 3000
2622 2560 3000
2872 2990 3001
2918 2509 3002
59 2097 3000
413 332 3001
2693 2706 3000
1696 1721 3001
2526 412 3002
1171 197 3002
597 2453 3001
1411 488 3000
951 2792 3000
947 2276 3001
1305 1716 3000
272 1553 3001
1166 1920 3000
1965 1895 3000
49 2488 3000
2535 1453 3000
2208 431 3001
2309 568 3000
305 310 3001
1751 297 3001
1889 1704 3000
1640 1218 3002
1986 1491 3002
1682 1676 3000
1089 1598 3001
194 1265 3002
2294 1343 3000
1941 171 3002
1274 2504 3001
2774 2177 3001
1147 2882 3002
918 1743 3000
1722 1126 3000
262 2216 3001
1859 2375 3001
2773 1539 3001
171 3 3002
2492 945 3002
1899 2965 3002
1223 1255 3002
1263 2816 3002
91 1578 3001
437 2241 3002
1900 2516 3002
2457 1124 3000
2549 1262 3001
1235 713 3001
2334 2052 3000
741 1445 3000
95 2084 3001
994 842 3000
408 2184 3001
1530 1197 3000
1442 2731 3000
2249 2929 3002
1933 2868 3000
1584 2443 3000
2967 2896 3002
1638 2347 3001
1728 776 3000
340 2440 3001
2300 2113 3001
2791 357 3001
1986 420 3000
2496 705 3001
1083 335 3000
1021 2700 3001
2643 1151 3002
975 372 3001
2879 2770 3000
1501 2219 3001
561 1908 3001
526 94 3001
2279 1035 3000
865 2303 3000
1201 487 3002
2547 1499 3002
1070 1162 3000
1775 2394 3002
587 1024 3002
937 617 3002
2314 1608 3001
2039 950 3002
1759 1544 3000
957 1819 3001
1060 679 3001
1839 600 3001
190 1534 3002
299 711 3000
2164 1609 3002
2213 1498 3002
2238 405 3000
588 298 3002
2808 673 3002
2160 129 3000
1374 1470 3002
1409 1284 3001
2895 1078 3001
20 2082 3002
2474 2959 3001
663 2466 3000
556 259 3000
1675 250 3002
195 2271 3000
752 1638 3000
723 140 3000
2906 175 3000
1788 389 3001
168 2050 3002
604 1775 3001
1854 194 3001
2958 2602 3001
686 2661 3001
2786 1463 3000
1544 818 3001
1875 832 3001
2116 2228 3001
1184 249 3001
1757 677 3000
2453 2043 3002
1095 2610 3000
1569 1742 3001
556 117 3001
256 2891 3000
2664 1309 3001
1455 697 3002
66 2022 3000
1462 1371 3002
1194 1716 3002
1333 1686 3002
1628 1844 3002
2919 1285 3002
1994 293 3002
2059 138 3001
2550 2445 3001
589 2063 3000
2854 1134 3002
437 1677 3001
984 2830 3001
839 816 3002
233 1279 3002
1048 2563 3001
432 1555 3000
644 2616 3002
2800 2127 3001
1155 2291 3001
1384 2412 3001
645 1973 3001
301 1871 3002
2438 1315 3001
101 1294 3000
516 1917 3002
1330 33 3002
1438 2274 3001
1048 904 3001
1099 1457 3002
2580 1327 3000
1351 34 3002
2766 1904 3002
2069 72 3001
587 2863 3000
2343 2719 3001
334 234 3000
1552 1335 3001
767 1588 3001
2296 1057 3001
315 1758 3001
1471 38 3001
1380 658 3002
1725 585 3002
2112 2192 3000
2644 1066 3001
1950 2820 3002
1817 488 3000
300 2757 3001
334 2920 3001
203 119 3002
2819 2197 3000
801 2600 3000
1471 1700 3000
1660 628 3001
519 1853 3002
1946 2905 3000
912 1618 3001
395 1053 3000
2329 928 3001
1859 896 3000
980 919 3001
1096 1322 3002
750 495 3000
890 2468 3000
2214 2675 3001
504 2025 3002
2286 1738 3002
914 1814 3001
1879 753 3000
1551 1178 3002
1441 2162 3002
2985 464 3000
2649 1535 3002
744 1329 3002
7 313 3001
2758 1791 3001
2351 2325 3000
32 50 3002
2864 1713 3001
2290 2682 3002
1820 2245 3000
1851 340 3001
308 2571 3001
1347 2877 3001
2153 881 3002
188 1145 3002
1544 1148 3001
1485 1979 3002
1625 1475 3000
19 2399 3002
1552 550 3001
693 930 3001
1226 2984 3000
153 1674 3002
667 2108 3002
624 2596 3002
41 2601 3000
882 1005 3002
1570 2545 3000
1710 2407 3002
1065 2754 3001
2662 1645 3002
459 1918 3002
2301 2101 3001
2129 1698 3002
2202 2041 3000
1846 2099 3001
629 807 3000
789 316 3002
276 2713 3001
963 242 3002
68 2961 3001
1334 113 3000
1198 1955 3002
1782 2299 3002
113 1203 3002
1467 2604 3000
2372 1419 3000
1040 2210 3001
1536 2038 3001
2109 480 3000
1844 1902 3000
1738 2979 3000
2034 1202 3001
892 2684 3001
2497 204 3001
669 2016 3000
1958 511 3001
1628 2517 3002
2289 2597 3000
865 2822 3000
2756 1802 3000
92 1045 3002
1930 1762 3001
2950 163 3002
1382 36 3000
772 1208 3002
1823 348 3000
521 1496 3001
892 641 3002
857 2701 3000
2527 850 3001
1991 2105 3001
1558 2831 3000
458 494 3001
2473 643 3002
1242 2366 3002
1606 1589 3001
1642 2376 3002
1817 968 3001
538 2698 3000
844 2544 3000
380 1981 3000
2922 1533 3002
2420 2233 3002
1061 424 3000
1196 1993 3001
14 1122 3002
868 2650 3000
1372 2316 3002
1471 508 3001
2607 2925 3002
83 451 3002
1773 1147 3000
1639 2561 3001
685 2268 3000
1970 622 3001
1560 1678 3002
1364 770 3002
1074 372 3001
8 1050 3000
1082 637 3001
1047 2596 3000
2066 392 3002
642 2083 3002
1091 2278 3002
345 1504 3001
2850 500 3002
588 2561 3000
163 749 3000
102 2209 3001
2117 2243 3001
1839 1343 3002
1883 2887 3001
914 2338 3002
1601 151 3001
1532 2957 3000
2981 709 3002
1606 165 3000
1784 390 3002
2908 83 3002
410 1078 3001
2736 1291 3001
1658 564 3001
2223 205 3000
564 2231 3000
2598 2926 3002
1060 403 3002
1217 2358 3000
806 2280 3000
2174 2231 3002
1611 1110 3001
1888 2368 3002
2238 394 3002
2790 1619 3000
2008 639 3001
1006 2425 3000
1837 2756 3000
397 2788 3000
360 1520 3002
452 1650 3001
1684 2662 3000
2064 2859 3000
1863 2240 3000
342 2497 3001
1505 1811 3002
359 646 3002
2076 443 3001
1750 2327 3000
1336 1623 3001
2211 1105 3001
1289 762 3001
2817 2726 3001
1882 1884 3001
317 2262 3001
1996 742 3002
2486 2641 3000
1667 2013 3000
1979 583 3001
2289 1126 3001
2190 2089 3001
554 1795 3000
960 2852 3001
2803 1237 3000
191 1848 3002
2705 1893 3002
730 990 3000
1379 1051 3000
520 621 3000
2866 2512 3001
1494 2248 3001
2066 1479 3002
418 88 3001
2823 2656 3002
2344 2692 3002
1300 2679 3002
1466 2594 3002
347 475 3002
200 2422 3001
603 1592 3000
2696 1282 3002
331 1287 3002
1308 2622 3001
1772 375 3001
457 1509 3002
407 2683 3002
509 1524 3001
1438 2911 3000
1350 1394 3000
2987 1482 3001
2506 2628 3000
2585 2201 3000
1666 45 3001
1400 411 3001
198 1660 3001
2371 764 3001
2354 1912 3002
1904 2635 3000
946 1860 3002
98 1538 3002
21 142 3000
951 1181 3001
1924 2373 3002
1081 2396 3000
1672 1846 3001
1503 127 3002
314 2372 3001
934 627 3001
2797 984 3002
2659 1369 3001
468 2753 3001
1286 675 3002
1855 2395 3001
2459 1732 3001
1393 578 3002
2786 67 3000
2439 1277 3001
2432 2640 3002
91 210 3002
2802 648 3001
2715 2261 3001
2734 2235 3001
2261 41 3001
2249 653 3001
284 1634 3000
1318 10 3001
1936 2777 3002
2586 1610 3001
2497 2275 3000
2568 2592 3002
1234 1299 3002
946 1320 3002
2247 2677 3001
1978 152 3001
1808 135 3002
2163 2082 3000
1903 1454 3001
2529 163 3002
1549 916 3002
564 1182 3000
2125 1499 3002
2647 1032 3000
1744 1783 3002
383 2965 3001
1843 2524 3000
860 2296 3001
775 738 3000
1382 2796 3000
2990 480 3001
1619 2077 3002
1810 80 3000
1661 2540 3000
2559 2078 3002
2924 1414 3000
1891 1443 3001
2555 2595 3001
2914 529 3000
1620 2332 3001
971 2125 3000
891 2730 3002
688 2012 3002
1877 1464 3000
2051 1077 3002
2086 2214 3002
1456 746 3000
2804 1657 3000
2540 2330 3001
830 2152 3000
562 2599 3001
2307 173 3000
998 586 3001
67 833 3002
1763 2097 3001
707 682 3001
273 872 3000
2550 2513 3002
511 51 3002
1430 730 3001
949 883 3002
1739 2385 3002
2415 930 3002
659 46 3000
1147 254 3002
2019 34 3002
2308 1668 3002
98 870 3002
1358 1699 3000
410 2600 3001
1435 2460 3001
845 878 3000
796 1659 3000
1363 2111 3000
1073 970 3000
2849 2222 3002
1562 1451 3002
609 1290 3001
997 237 3001
205 1916 3002
2494 1841 3001
2634 1636 3001
1416 1152 3002
1535 1120 3002
2306 867 3002
302 354 3000
2403 809 3002
393 1428 3001
2522 2593 3002
473 927 3002
2744 2827 3002
1736 1934 3000
104 1641 3001
97 2311 3002
1778 1404 3001
1864 2868 3002
2028 926 3000
2591 849 3001
122 825 3000
574 807 3000
1119 2723 3002
1216 1976 3001
222 612 3000
1828 91 3000
2867 2280 3001
2720 1207 3002
681 2463 3002
96 1367 3002
2444 2333 3002
2360 265 3001
1735 691 3000
1495 2665 3001
1959 1653 3002
2193 2295 3001
838 993 3002
1891 460 3000
1806 2604 3002
293 1368 3000
645 1214 3001
1499 1632 3002
1585 252 3001
2663 190 3000
867 2673 3001
674 1759 3000
2538 1692 3001
751 2099 3002
1272 434 3001
626 2383 3002
2758 2205 3001
1882 2508 3001
496 792 3002
1423 2252 3000
2687 2569 3002
1809 564 3002
1114 1173 3001
735 2483 3002
2143 456 3000
196 1730 3001
2874 1596 3002
2749 1887 3000
2746 2414 3002
2543 230 3002
2847 2193 3000
2562 2838 3001
382 2607 3000
1922 2703 3002
1199 2361 3001
1104 110 3002
936 2429 3002
771 685 3002
177 128 3000
2073 446 3000
1088 325 3000
2730 1663 3002
2298 438 3000
1431 1771 3001
62 2208 3002
2973 434 3001
169 1042 3001
667 2279 3002
1369 768 3001
544 1604 3000
488 387 3000
1701 2712 3001
958 474 3000
2526 2293 3000
1357 1813 3002
1562 1910 3002
454 596 3002
1116 2851 3000
2789 1127 3002
998 1298 3001
725 1916 3002
1150 2732 3000
732 285 3001
2156 926 3000
974 2775 3000
2133 2347 3001
832 481 3000
1907 2201 3001
211 2468 3001
995 1731 3001
678 2480 3001
1514 1116 3001
1085 2378 3002
1304 119 3000
2818 927 3002
447 718 3002
1281 608 3002
452 1561 3002
70 2807 3000
1805 2138 3002
616 1264 3001
1846 1708 3000
2067 130 3001
2816 408 3001
2933 728 3002
1995 353 3002
732 2159 3001
2605 591 3002
1689 189 3000
2554 1565 3001
2945 852 3000
2624 2967 3001
498 100 3000
61 1847 3001
2609 813 3001
695 182 3000
2245 1023 3001
903 1810 3000
1539 806 3002
550 1473 3001
11 2965 3000
913 509 3000
125 1165 3001
2157 2442 3002
1652 1288 3001
1229 2277 3002
2768 1886 3001
1505 37 3002
435 145 3002
2558 805 3001
2164 209 3000
2854 1685 3002
795 2369 3000
2887 1710 3002
696 781 3002
2997 984 3001
1998 920 3001
1557 2960 3002
1093 1734 3000
2492 1355 3000
2254 245 3001
2935 972 3002
82 1000 3001
2747 1338 3001
2009 2550 3001
2383 1162 3001
956 2784 3002
2362 1591 3000
1953 2057 3002
442 1972 3000
2167 2483 3001
2930 535 3001
1521 1801 3000
991 1569 3001
1306 255 3000
1443 2500 3001
229 596 3000
218 2678 3001
2721 611 3001
1622 2339 3000
2928 355 3001
2638 1960 3001
1918 541 3001
39 1576 3002
139 1718 3002
218 2641 3001
1827 1344 3000
2565 410 3000
2171 1452 3001
1005 1076 3002
1598 1408 3002
2667 615 3001
475 2143 3002
885 1240 3000
2297 430 3000
2407 1687 3001
2325 1873 3001
2151 601 3001
2845 364 3000
1287 2119 3000
2301 2612 3000
1170 417 3001
2700 1593 3002
2970 1771 3000
2004 1481 3002
1131 1396 3002
1760 2434 3000
243 2000 3002
1528 655 3002
2343 2037 3001
1701 2654 3002
1311 1592 3002
283 33 3000
532 537 3002
2320 2239 3000
1985 2090 3002
1602 1874 3000
1927 2215 3000
259 758 3002
135 1455 3000
1094 1004 3002
2981 736 3002
810 234 3001
2545 377 3001
2029 1930 3000
1309 2499 3001
1838 365 3000
2445 537 3000
2637 2169 3001
1373 12 3002
341 1554 3001
1307 576 3001
1607 1171 3002
2923 1218 3000
1908 2433 3002
1039 376 3000
2435 1324 3000
2175 582 3000
467 1436 3002
1164 106 3001
889 2040 3002
1465 407 3002
2013 841 3000
2917 2229 3002
2892 1273 3000
2036 989 3002
1072 449 3000
1317 2679 3002
2590 358 3000
718 2969 3001
2110 1938 3002
1632 2071 3000
369 595 3001
2906 2912 3002
692 1337 3002
2191 2371 3001
1271 338 3002
2007 250 3002
575 1043 3002
251 1681 3001
2788 74 3002
378 1869 3002
13 1599 3001
1951 1916 3000
266 2977 3002
290 1751 3002
2324 1257 3000
571 1146 3000
436 2899 3001
514 2614 3002
1754 727 3002
2958 2992 3002
1876 1731 3002
1069 1358 3001
2759 2015 3002
577 165 3000
2998 112 3000
2402 743 3001
2876 324 3002
2367 2858 3002
777 2403 3000
1191 1911 3002
539 2645 3001
913 2215 3001
255 2456 3000
715 1531 3001
2355 2752 3001
1372 1749 3000
599 1549 3001
635 2252 3000
2068 584 3002
307 606 3000
1693 67 3002
959 1750 3000
2165 2234 3002
2507 1587 3002
2297 816 3002
2548 2760 3002
829 2225 3002
963 2956 3002
2952 2490 3001
763 2989 3002
2758 1956 3001
400 958 3000
1526 1897 3001
2054 992 3002
172 2710 3002
566 536 3001
953 562 3001
1039 1841 3001
1213 840 3000
1661 901 3001
833 935 3001
721 2088 3002
803 2490 3002
2761 1243 3002
2027 535 3001
2762 2994 3001
2605 185 3002
901 2134 3002
1831 908 3001
861 1862 3002
1736 2298 3002
1633 1914 3002
2186 1836 3000
2722 769 3002
1967 2713 3001
489 416 3002
2149 1363 3000
502 79 3002
130 2116 3001
2229 824 3001
2394 1225 3002
308 1031 3000
1646 2288 3000
565 1878 3002
1796 280 3001
1645 2874 3000
2597 2557 3000
426 2686 3001
1110 304 3002
2122 2826 3000
1109 1699 3001
1742 547 3000
851 1768 3002
131 1077 3001
1665 32 3001
779 2511 3000
179 2792 3002
2106 2423 3002
672 70 3001
2643 911 3001
2451 2030 3002
1009 2728 3001
440 1489 3000
2300 1383 3002
1082 1874 3000
811 1519 3001
908 1532 3000
2975 684 3001
336 1967 3001
422 2874 3002
1248 2414 3001
834 592 3000
2406 1826 3001
79 1417 3000
748 2074 3000
2295 181 3002
817 1044 3000
2254 1276 3002
2255 1821 3000
1487 2126 3002
2685 277 3001
1364 1829 3000
12 1888 3000
259 863 3002
464 2234 3000
977 2980 3001
738 548 3001
713 1028 3000
2194 676 3000
983 943 3000
596 1513 3002
254 494 3001
593 2939 3000
2514 2727 3001
114 2566 3001
2807 69 3001
1914 261 3000
891 1325 3000
1190 2262 3001
880 773 3002
1834 1987 3002
1786 2409 3002
1192 780 3000
319 424 3000
1573 2172 3000
1460 174 3001
2588 1312 3001
1308 706 3000
267 1580 3002
925 619 3000
800 2079 3000
2341 1280 3001
1247 2623 3001
2862 2712 3002
2131 2000 3002
2142 822 3001
782 298 3000
1748 385 3000
2537 1460 3001
1909 27 3002
567 981 3001
1215 609 3000
359 1030 3000
1392 569 3000
735 1259 3001
1154 1211 3000
636 2962 3002
1104 1618 3002
1429 2264 3001
938 626 3000
173 2117 3002
298 691 3002
2430 1776 3002
589 893 3001
207 1296 3000
339 2470 3001
1798 1421 3001
1258 508 3000
2035 2815 3000
1522 1457 3000
1912 551 3000
1233 1232 3000
277 2940 3000
515 2587 3000
176 2743 3001
2942 388 3000
868 2250 3000
453 2481 3002
2436 1793 3001
2615 1523 3002
1477 820 3000
2808 2074 3001
2292 450 3001
2705 2675 3001
1741 708 3002
1427 1133 3001
942 386 3002
2549 621 3000
1579 2208 3001
2408 640 3002
2217 2450 3000
646 1798 3002
2173 2350 3001
2673 2080 3000
2947 883 3000
923 1032 3001
221 2180 3000
1395 1479 3000
2105 2658 3002
2423 245 3001
1160 1364 3002
1584 2035 3002
2049 2949 3001
739 330 3000
1675 2857 3000
1329 1635 3000
1961 2305 3002
275 1028 3002
647 2832 3002
1966 472 3002
1652 145 3000
433 2040 3002
2452 1014 3002
507 484 3001
1750 996 3000
1606 2772 3000
427 1380 3001
2803 1103 3000
2357 1938 3000
120 1191 3001
815 1385 3002
350 2534 3001
2842 1615 3000
906 2079 3002
1666 728 3001
1487 1556 3001
2460 2850 3001
1092 854 3000
1186 1071 3001
2814 2912 3002
2525 1891 3001
2478 471 3001
314 2340 3001
1606 2710 3002
2836 789 3002
2696 220 3001
2285 1816 3000
2230 2642 3002
2733 2914 3000
2762 1174 3001
2613 457 3000
2569 1867 3002
2276 81 3000
983 2358 3002
940 1251 3001
93 2866 3000
2793 2402 3001
89 1499 3001
1058 2995 3001
2851 2128 3000
534 2697 3002
307 117 3002
257 2709 3002
2386 566 3002
1476 2199 3001
1307 2995 3001
345 1658 3001
1885 1700 3002
367 602 3001
2085 542 3001
2973 1185 3002
1352 144 3002
965 2013 3001
2431 55 3002
457 827 3000
84 1379 3000
1840 1626 3002
2284 352 3000
1725 700 3001
2169 1608 3000
23 657 3001
2406 2755 3002
1193 2557 3002
1666 2138 3002
2920 2538 3002
1583 2229 3002
214 2588 3001
683 28 3000
256 2908 3000
2224 1426 3002
2266 1855 3001
1781 1960 3001
1437 623 3002
1688 644 3001
109 2352 3000
1535 826 3001
1735 213 3001
1333 1341 3000
1927 835 3000
1792 1595 3001
1327 506 3001
857 495 3002
1723 1534 3002
479 1431 3002
1020 2136 3002
510 1588 3000
1125 1260 3002
941 1388 3002
1130 2404 3000
2118 2860 3002
1590 1827 3000
1621 2049 3001
1571 988 3000
2975 1295 3002
1310 2767 3001
2770 9 3001
2825 563 3001
2383 2161 3001
671 1517 3002
482 2947 3002
2159 967 3001
195 2196 3001
2448 490 3000
2980 258 3001
701 957 3002
2324 840 3000
2938 187 3000
2105 1138 3002
2503 2201 3000
424 1032 3000
1135 624 3000
1446 2552 3000
2387 2076 3001
2695 1884 3000
225 754 3001
1688 1186 3000
2894 1644 3000
390 2375 3002
1424 2355 3002
2162 2919 3000
2801 2214 3002
502 1194 3002
2054 2827 3000
2478 225 3002
240 2518 3002
1605 202 3001
42 1500 3000
2889 124 3002
777 900 3001
2977 281 3002
897 1114 3000
413 284 3000
497 444 3002
2860 1835 3000
312 611 3001
619 49 3002
2890 2424 3001
1613 1475 3000
690 2994 3001
887 124 3002
1324 1869 3002
1865 1402 3002
386 2317 3002
1339 1813 3000
2931 747 3001
667 989 3002
824 972 3000
796 731 3001
1230 2789 3001
561 1349 3002
2700 1220 3000
2587 2266 3001
2259 761 3001
571 1345 3001
1860 2222 3000
2465 2969 3001
1573 1511 3001
2010 167 3000
1065 2393 3002
1442 208 3000
1637 148 3002
1137 2115 3001
800 470 3001
845 1400 3002
1794 1872 3002
448 289 3000
1440 1743 3002
2065 318 3002
1066 452 3001
298 2497 3000
2132 1269 3000
352 2315 3000
7 1974 3001
1654 1059 3002
2253 246 3001
2667 1779 3000
665 2020 3000
263 2969 3000
700 2144 3001
1041 2343 3001
1012 1976 3002
366 2805 3000
1521 710 3000
1213 714 3001
962 2998 3001
2777 1410 3001
2312 892 3002
917 238 3002
2126 1836 3000
2211 1720 3001
972 479 3002
2880 737 3002
597 1117 3001
2829 107 3002
2099 380 3002
732 2492 3002
247 2779 3000
231 184 3001
2743 1741 3001
2387 2001 3000
1621 2725 3001
1383 82 3002
2812 1921 3002
826 267 3002
1752 299 3001
1265 1661 3002
261 1153 3002
1229 2430 3000
2491 2536 3000
1697 2481 3001
2398 1 3002
525 1326 3002
2348 2082 3002
1290 2056 3001
1766 2942 3001
2736 2628 3002
326 2083 3000
2709 1878 3002
1834 1643 3002
2274 1932 3001
2085 1225 3002
2629 1928 3000
1709 944 3001
1303 2519 3001
605 80 3000
2897 483 3001
2415 715 3001
2867 2487 3001
997 395 3001
2976 2060 3001
1740 1284 3000
2185 2642 3002
543 528 3002
2802 2853 3000
1627 1549 3001
2181 1990 3000
2269 1765 3002
1180 608 3001
1 1228 3000
2637 2356 3001
88 2150 3000
278 2822 3001
499 1822 3001
2787 1972 3002
902 780 3002
458 2235 3001
2472 323 3001
533 524 3000
1426 359 3001
2691 170 3002
1578 413 3000
803 2926 3001
2738 1724 3002
1449 2622 3002
2703 710 3001
2702 991 3000
345 2794 3000
540 1086 3000
2783 434 3001
1646 812 3000
1105 980 3001
1717 2283 3002
2057 1167 3001
546 1847 3002
2969 2976 3001
212 2875 3001
2057 2218 3000
567 2015 3001
1468 1943 3002
2051 1448 3000
1690 848 3001
274 2975 3000
1268 1782 3000
9 690 3002
1648 2180 3000
536 2653 3002
941 1139 3002
60 17 3001
58 2216 3000
2062 186 3002
207 521 3001
1800 399 3000
2396 2163 3002
619 2886 3000
1043 240 3002
2444 1838 3000
1647 825 3000
563 1118 3002
485 1733 3000
1172 138 3001
2033 2694 3001
1813 1139 3002
2217 101 3001
1399 1175 3002
1935 1866 3000
847 2717 3001
173 384 3001
757 2136 3001
2058 1475 3002
160 19 3002
2827 1519 3001
78 831 3000
1129 300 3002
2962 1810 3001
2562 2110 3001
2372 2831 3001
1528 2083 3001
1427 2740 3001
1726 2010 3001
2946 2717 3001
2296 2753 3001
997 2124 3001
353 1315 3000
812 1510 3002
872 623 3002
808 2207 3002
930 491 3002
592 2872 3001
1186 312 3001
2203 329 3000
1796 1485 3000
2078 1291 3002
1545 2220 3000
1783 1201 3002
92 2941 3001
764 833 3000
2774 2272 3002
1400 499 3001
814 311 3002
2081 2772 3001
2260 2140 3002
316 787 3001
2278 1260 3000
1329 2381 3000
1900 2485 3000
2401 2053 3001
385 987 3002
1020 2869 3002
1401 1222 3002
199 1405 3000
2101 1046 3000
2848 624 3001
2927 1012 3001
504 1130 3002
2962 2086 3000
1787 1099 3000
2505 955 3001
894 871 3000
344 1684 3000
245 2608 3001
2437 309 3000
118 1797 3002
933 1271 3001
18 802 3002
814 1122 3002
1151 1309 3001
1118 2159 3000
434 1086 3000
570 2455 3002
2850 1590 3001
841 2764 3000
2475 2985 3002
1344 2890 3001
581 2211 3001
297 2025 3001
2422 182 3001
1246 2332 3000
1319 374 3000
1644 1069 3002
932 2716 3000
2129 1762 3002
478 404 3000
1457 1553 3002
1290 1577 3002
1748 743 3002
2033 1176 3001
656 2227 3000
2255 592 3000
1481 280 3002
2140 1440 3001
779 2640 3002
1760 2033 3002
161 676 3001
630 2862 3002
1564 846 3000
144 1194 3000
2930 573 3002
2020 2457 3001
2866 1911 3000
1054 2077 3000
454 2776 3002
2984 1098 3000
1103 2109 3001
2087 397 3000
2309 2991 3001
788 775 3002
85 633 3001
1311 2573 3002
794 1311 3002
2950 2270 3000
1852 1223 3001
48 2005 3002
1555 762 3001
1944 1650 3002
950 2236 3002
612 60 3001
1924 1247 3002
401 891 3001
988 553 3002
925 582 3001
2528 2016 3002
1640 832 3002
186 1758 3002
681 505 3002
1857 2603 3002
1880 2558 3001
955 2642 3000
359 2172 3002
12 15 3000
1032 2257 3000
620 2267 3000
1209 280 3000
1016 1247 3001
879 2698 3002
2883 139 3002
2 2118 3001
2623 2388 3000
1642 293 3001
1356 755 3002
2354 1617 3002
1433 1607 3001
743 361 3001
698 2704 3000
134 1766 3001
74 2050 3000
1483 741 3001
12 1493 3001
1103 2605 3002
1057 2243 3002
2196 100 3000
2900 2632 3001
1804 2865 3000
322 1616 3002
549 162 3002
769 2570 3001
1667 2550 3000
1815 2613 3000
2656 1534 3001
2208 2323 3002
843 804 3002
1625 1091 3002
1075 2212 3001
1328 751 3000
1546 351 3000
2285 1326 3000
2495 1677 3001
478 1807 3001
844 929 3002
2812 667 3000
1342 818 3000
133 43 3001
333 19 3000
1518 946 3000
2964 2308 3002
1176 1049 3001
1881 1087 3002
2682 788 3000
892 2413 3002
198 1987 3001
2984 2583 3001
1958 382 3001
1515 288 3002
2936 1390 3002
1409 324 3001
1710 2738 3001
1612 515 3001
1218 2199 3000
1453 1455 3000
1512 1121 3001
2204 1926 3002
2877 2528 3001
2153 2462 3002
878 1160 3002
1477 60 3000
2091 2458 3002
800 859 3001
2123 1444 3000
960 2517 3001
1972 2586 3000
2637 1929 3001
2495 1433 3001
2018 2708 3002
290 812 3001
832 1462 3002
2321 416 3002
2603 2190 3002
1969 148 3001
639 2018 3000
1281 150 3001
1820 962 3001
1332 46 3001
1029 2576 3000
483 1288 3001
735 119 3000
656 709 3001
349 729 3001
1345 1 3000
922 65 3002
1548 754 3001
2387 1657 3001
2726 1010 3002
1058 1914 3002
1093 807 3000
1034 1521 3000
1975 448 3001
1588 2790 3002
1571 681 3002
588 2455 3001
1036 533 3002
1538 1578 3001
1968 1983 3002
2589 2806 3001
426 2986 3000
2054 1614 3000
740 1620 3001
321 417 3000
2490 2017 3000
2604 2116 3000
1330 1059 3001
1900 1486 3001
215 2111 3000
2618 2542 3002
735 1524 3002
388 2400 3001
1010 126 3002
306 2273 3000
475 2332 3002
303 2900 3002
973 1338 3001
1947 2038 3000
2633 2685 3000
1585 1940 3002
573 2377 3002
1348 474 3002
1106 2486 3000
915 1991 3002
2924 541 3001
2507 1564 3001
1550 1111 3002
551 55 3001
1619 2168 3002
379 1405 3002
425 917 3000
269 2723 3000
1669 388 3000
1651 1531 3002
808 1767 3002
858 636 3002
2697 2503 3002
2362 798 3002
2204 724 3002
1316 775 3001
2372 2653 3002
2571 983 3000
669 264 3000
2310 473 3002
1249 2294 3001
1001 1529 3002
512 311 3002
1300 641 3001
1359 1963 3000
2631 2378 3000
515 6 3001
861 2203 3001
69 1172 3001
1824 2266 3002
686 2702 3000
1469 116 3001
2509 1964 3001
2896 1575 3000
518 2294 3001
514 687 3000
529 24 3001
1115 2910 3002
1384 663 3001
1609 1273 3001
1599 2841 3002
839 2646 3001
2636 1069 3000
2148 1767 3001
2253 2337 3001
180 379 3000
2708 555 3001
1044 2280 3002
1969 2011 3002
1991 2894 3001
2724 398 3000
1100 1679 3001
1729 500 3002
222 1180 3002
2145 1990 3000
848 185 3001
2840 2719 3002
1874 2856 3000
2444 2510 3000
737 1722 3001
47 497 3002
2042 2961 3001
2379 2050 3002
2335 752 3000
2756 2567 3001
1568 2771 3002
1736 620 3002
1256 2943 3000
587 2311 3002
2298 493 3002
864 682 3000
1188 1388 3002
1373 1790 3001
2729 2617 3002
1826 2916 3002
1277 1814 3000
2156 1046 3000
868 684 3000
223 1014 3002
607 2437 3001
2317 1293 3000
2675 2123 3001
2731 813 3002
785 2853 3000
2017 473 3000
2204 2525 3000
850 2073 3000
102 2237 3001
20 1842 3000
2743 627 3002
197 2993 3002
1204 1378 3000
2187 267 3002
1554 1777 3000
66 830 3000
2973 1514 3002
2813 69 3002
2985 113 3000
1472 1314 3000
1776 2423 3000
2202 1343 3000
898 850 3002
667 871 3001
1087 1530 3001
1425 2689 3000
2476 2182 3000
1489 1207 3001
685 1059 3002
1486 1702 3002
2539 2809 3000
634 1942 3000
2685 1362 3002
2591 151 3000
1861 1983 3002
966 1181 3001
1269 694 3000
2614 1582 3001
2118 2629 3002
2889 365 3000
2641 865 3001
732 692 3001
855 668 3002
2244 2666 3001
2603 2488 3002
2219 2220 3001
1109 1375 3002
1163 2210 3001
2870 1851 3002
2438 1249 3000
1351 1602 3002
835 2034 3001
2379 2189 3002
2085 40 3000
629 1001 3000
1521 2574 3000
887 1023 3002
1599 2726 3000
86 608 3000
2650 1343 3000
899 2224 3000
1955 1588 3000
1245 631 3002
2999 2238 3002
2603 1346 3001
112 2805 3001
1873 995 3000
3 2835 3002
5 1512 3001
1747 477 3001
2454 557 3001
2572 1868 3000
2530 1719 3002
2689 2830 3001
1890 844 3001
2934 1250 3001
2941 2493 3000
749 1551 3000
2637 2824 3000
2655 2002 3001
2916 1863 3002
2469 85 3002
2970 651 3002
853 195 3001
350 2133 3002
1549 2253 3002
2704 29 3000
744 1321 3000
1001 1335 3000
1502 1472 3000
1953 716 3000
2171 2971 3000
1450 1253 3002
2283 2450 3001
874 2442 3002
2595 2458 3002
1977 2026 3001
43 2359 3002
2014 1541 3000
93 446 3002
1603 2452 3000
2671 2575 3002
1171 132 3001
1852 516 3001
1257 1100 3002
224 943 3001
1671 2383 3002
1373 191 3002
1905 993 3001
852 717 3002
2200 2050 3000
2903 2966 3002
2155 2305 3002
321 1051 3000
2572 2010 3002
1670 630 3001
2615 976 3000
924 1339 3001
2617 133 3000
2846 2247 3001
2768 1079 3000
139 670 3001
1162 1935 3001
2858 2501 3001
2969 1845 3002
2103 65 3000
1937 326 3002
2226 1501 3002
2961 2946 3001
1887 873 3001
2875 1102 3000
571 105 3002
491 2382 3002
172 897 3001
8 1072 3001
2877 1809 3002
650 712 3001
28 2471 3002
2657 279 3000
550 2694 3000
1282 2061 3000
798 2448 3001
355 653 3000
1912 1661 3000
127 2040 3001
538 2130 3001
2184 2693 3001
2922 1005 3001
1749 1227 3002
2449 1925 3000
2704 806 3002
1236 396 3001
329 1963 3000
1792 2139 3000
2368 1647 3000
642 2473 3002
1398 268 3001
119 682 3000
2155 2026 3002
926 730 3000
71 2553 3002
1228 367 3000
343 1923 3001
1645 2905 3000
2864 304 3000
837 2129 3001
942 1521 3001
2666 511 3001
854 1900 3001
1394 2312 3002
339 822 3000
641 2238 3001
2986 812 3002
1832 2408 3002
1206 2938 3000
2920 453 3002
1287 1408 3001
1715 1165 3002
733 2643 3002
1782 975 3002
1647 1651 3002
706 1166 3002
2942 454 3002
2575 1183 3002
1676 1177 3000
19 406 3001
1992 35 3000
525 1405 3001
1000 2098 3002
1837 2948 3000
833 1834 3000
198 19 3001
400 884 3002
1719 2787 3001
2421 1228 3000
419 589 3000
576 544 3001
2110 1515 3000
1639 1791 3001
55 2567 3001
2959 3 3002
2012 383 3000
399 962 3001
1111 2595 3001
2451 6 3002
254 1098 3001
401 192 3002
2232 2120 3002
1164 1898 3000
2991 1204 3001
624 1288 3001
954 798 3001
2297 1765 3001
2617 2725 3001
269 181 3001
2820 2198 3000
1174 909 3000
2519 2235 3001
2455 1461 3001
2239 200 3000
462 1264 3000
1468 1780 3001
2065 2920 3001
260 1825 3001
2090 891 3000
1331 294 3001
2592 1261 3002
2336 590 3002
811 2727 3000
1948 2093 3000
1943 1101 3001
1062 1189 3001
2392 760 3001
2139 776 3002
2577 138 3002
1915 790 3002
1231 2722 3000
1084 6 3001
2976 453 3000
2871 2115 3001
540 473 3001
625 1039 3002
554 2539 3001
2151 2712 3002
1768 250 3000
654 2716 3000
2846 432 3000
2300 2968 3002
780 2352 3002
689 1355 3002
2459 1716 3002
1128 1972 3001
1525 1704 3000
2446 2677 3000
727 1931 3000
1354 837 3001
2759 349 3001
1547 539 3000
606 618 3002
760 1310 3000
1577 1631 3002
2084 938 3000
2391 1162 3000
1928 1794 3002
309 1509 3000
1649 57 3000
2579 166 3001
2931 286 3000
1689 719 3000
452 2082 3000
1137 2953 3002
1320 2180 3000
604 2622 3002
2591 310 3001
2832 148 3002
357 2931 3000
2365 714 3000
2595 2833 3002
155 2585 3000
249 78 3001
85 1397 3000
279 1234 3001
2269 201 3002
2306 1216 3001
1062 338 3002
2230 2336 3002
2684 291 3000
1629 449 3002
1157 2938 3001
1832 1632 3001
598 99 3001
977 2842 3000
1270 2227 3001
2100 2947 3001
5 706 3001
989 1722 3002
252 1 3000
487 2422 3002
114 139 3001
1062 888 3001
1413 2046 3000
1723 301 3001
1208 2396 3001
2908 2989 3002
2992 2749 3001
1838 2881 3000
1023 823 3001
740 533 3002
2702 1164 3002
114 281 3000
773 601 3002
2785 1799 3000
1799 250 3002
258 1694 3001
1749 51 3002
60 2045 3001
2315 1014 3000
1733 1045 3001
2101 426 3001
1049 2178 3002
2788 871 3001
1071 254 3002
2913 2319 3000
2798 659 3002
370 1693 3000
578 2671 3001
2390 786 3000
1670 794 3001
1723 1406 3002
36 2963 3000
1447 639 3000
868 2946 3001
1204 1240 3000
2742 801 3000
428 2419 3002
1002 2928 3000
1903 1740 3001
2214 2353 3002
1356 1608 3001
2641 2754 3001
1869 1440 3001
244 410 3000
1076 831 3002
1863 2858 3000
1492 2324 3000
1557 1141 3002
1996 307 3002
2401 1704 3001
2935 2211 3002
711 1379 3001
358 245 3001
2093 2790 3000
1212 2571 3000
392 2089 3002
2249 2129 3001
713 2708 3002
251 2160 3000
742 859 3000
696 466 3001
166 531 3002
2244 2520 3001
1182 212 3000
1376 792 3000
2585 2944 3001
1576 73 3001
1492 1701 3001
1532 1749 3001
2183 2748 3001
643 2475 3002
425 2446 3002
178 1888 3002
631 102 3001
619 967 3002
1059 1992 3000
2815 2428 3002
2416 2922 3001
1515 1932 3002
1515 2334 3000
352 209 3001
1850 1605 3000
1194 633 3002
541 2572 3002
1425 1462 3000
2213 2579 3000
2784 534 3000
1513 1110 3002
24 1674 3002
628 320 3001
1665 2680 3001
2264 559 3000
650 2031 3001
687 787 3002
2795 1870 3001
1141 1954 3000
1133 1309 3001
1800 2922 3001
2681 1456 3002
675 2328 3001
2630 356 3000
465 1638 3002
1203 1451 3001
1587 351 3002
271 2359 3001
545 1779 3001
591 2676 3000
776 2363 3001
752 825 3002
2613 1006 3000
2024 1330 3000
2955 1123 3001
2883 586 3002
2122 1548 3000
1750 2217 3002
1333 599 3001
1111 1817 3000
224 1740 3001
2704 1281 3002
1764 2507 3002
1680 32 3001
269 2070 3002
2768 2518 3000
1931 1736 3000
251 215 3001
1071 2148 3001
1579 2723 3002
564 820 3001
2816 2542 3002
2991 1971 3000
1530 1841 3001
2258 2138 3001
1042 334 3000
736 19 3002
636 2843 3002
582 1190 3002
2555 1491 3002
652 2300 3001
2273 2111 3000
985 1830 3002
2541 791 3002
696 1816 3001
104 1661 3001
230 1643 3001
1905 2241 3001
458 487 3002
883 2147 3001
2115 311 3000
165 2814 3000
710 1939 3002
832 1830 3000
73 319 3000
2836 1460 3000
1314 302 3000
2073 30 3002
1166 2171 3002
2936 1513 3002
241 720 3002
944 1498 3000
1094 25 3001
1627 2866 3001
2931 1789 3002
1276 872 3000
1809 2965 3000
2564 1159 3000
161 780 3001
1560 995 3001
1443 640 3001
1746 2741 3002
2218 1758 3000
1361 839 3000
2128 1368 3002
1843 1889 3002
545 237 3002
946 2523 3002
1589 2800 3000
2131 2766 3001
2189 2793 3002
2583 63 3002
624 1417 3000
1426 2613 3000
1062 2193 3002
2780 2595 3002
2703 1704 3002
477 2305 3000
1204 834 3002
340 2380 3000
1297 2015 3000
2237 1617 3001
712 939 3000
2640 2543 3002
1034 1429 3000
201 2919 3000
973 768 3000
48 2598 3002
2936 262 3000
745 2210 3002
514 1609 3001
846 588 3000
1125 1343 3001
729 444 3000
1793 2715 3000
433 1513 3001
2439 1339 3002
500 225 3002
500 1987 3002
1854 2387 3001
1232 134 3000
400 2082 3000
352 696 3000
1698 657 3001
2696 518 3001
2121 2194 3001
1957 1357 3001
