3000 237 989
1991 1675 757
2873 2082 638
544 965 757
2397 728 867
1537 1970 17
1586 2425 280
660 2072 888
807 1544 176
916 709 50
633 450 946
2282 969 263
1880 2423 542
1972 1950 414
2478 1858 837
417 19 12
1985 2058 849
2688 370 444
1635 1522 165
295 2717 382
1768 2218 246
2564 167 573
2226 2601 648
113 1178 607
871 2777 11
1785 2737 627
2641 2049 920
2566 1767 465
144 2895 329
1444 2678 979
2099 1960 764
2534 1131 362
1320 2034 28
1836 1860 833
282 2808 925
1939 895 101
950 474 45
2883 313 680
1499 365 249
471 773 313
374 1475 889
1965 1172 334
1826 614 325
2450 271 122
707 2507 522
2033 2426 224
2240 1285 334
164 520 761
673 2143 449
302 2129 564
372 170 926
203 2097 479
2395 2417 794
1882 2752 686
1603 1415 819
1206 2274 879
598 1849 518
1361 2816 122
175 935 644
59 314 737
236 1311 663
1397 1292 760
2133 523 196
2408 2595 301
1297 257 616
2787 220 883
992 1680 30
1015 325 430
2135 1665 284
160 2044 653
1728 198 689
2905 83 983
447 2392 652
1833 2051 9
1740 2442 313
394 160 613
1357 1891 52
81 1481 163
2970 2257 272
2812 423 110
995 1355 279
371 1845 365
2147 282 191
2556 152 605
2173 82 352
129 1300 827
2586 1002 6
2010 2107 473
2927 2325 655
2339 559 663
1552 2109 807
681 752 934
1864 1480 339
2251 1558 198
1690 325 597
2013 291 198
1395 2675 630
2703 2318 642
2854 1947 989
215 538 929
903 1022 987
2602 37 647
754 597 784
723 48 213
2460 213 178
2781 2231 674
1645 799 140
2945 2067 592
1597 2660 593
1931 567 535
207 445 504
587 2299 697
2369 2501 848
2779 703 650
2724 965 865
564 1798 621
219 1434 266
599 919 935
1278 390 628
450 476 898
2018 1377 688
1073 2643 823
1901 1252 832
1203 2284 232
726 1075 45
2106 2360 415
966 119 501
2004 315 382
1330 57 899
625 2706 639
319 2342 483
2059 497 468
52 1391 314
1708 281 10
1325 2648 144
2266 1662 767
1802 2487 830
1697 379 845
1216 1565 510
2557 749 408
2062 2446 460
1435 1894 336
1519 1819 282
1465 1699 902
2934 2138 192
192 2351 827
806 2905 9
2749 283 418
316 1906 491
621 303 689
1306 1525 224
89 20 600
918 2850 460
2326 735 441
2667 1645 629
2727 1251 94
2172 585 67
71 2617 498
260 628 427
142 0 309
2835 2424 586
2129 2532 364
1848 2885 835
496 273 987
648 2396 343
2337 1974 234
2594 1934 774
1805 588 184
1232 861 690
2026 470 272
2705 1013 894
1391 277 446
84 2756 273
2027 21 371
1591 1045 129
1520 1673 499
853 1041 23
1322 777 540
1758 1599 531
2169 716 142
1540 1904 169
342 2283 577
1766 1028 856
568 1048 244
1474 949 752
1075 2627 183
1891 137 815
1057 1668 62
119 714 54
715 1223 387
2610 143 17
2294 2605 232
2715 1644 403
2974 1877 472
2236 1061 700
2132 879 325
2164 1107 952
1605 860 414
888 1632 68
734 1759 383
2194 258 697
448 2033 43
921 1217 624
2544 1291 605
2381 1063 268
1282 117 751
415 1921 771
1126 2519 873
1065 527 376
2362 688 869
2625 361 955
2181 467 742
1227 545 176
2161 1286 847
492 911 386
1070 2341 311
1079 2052 176
1135 575 781
1182 1605 746
573 475 411
1859 2449 731
978 2028 666
1713 796 973
676 2060 982
247 517 331
562 1963 801
2185 1758 234
730 1094 292
3 1324 309
2065 1267 928
1403 2258 626
1388 1538 595
2845 1894 17
1610 1352 110
2089 812 691
1542 561 299
722 1693 419
914 912 873
