3000 1272 47
749 2440 3
1578 2659 7
1432 594 2
551 1549 8
1913 2176 6
1159 249 6
2838 935 10
2847 499 9
1367 2514 1
1469 2670 1
2025 293 2
58 1615 6
530 2486 10
841 1052 7
1001 2222 5
2575 1986 9
325 2683 10
2232 737 1
951 2601 3
2439 28 5
2764 1806 7
1761 2860 6
2700 2284 3
2108 1830 3
909 1489 2
2049 976 4
2977 2581 6
1211 2647 10
2208 2031 6
2783 134 10
1199 310 7
493 1356 9
521 965 1
2169 759 8
1502 793 7
210 2459 3
2529 1347 6
2961 2379 4
1846 346 7
2738 162 1
2013 2535 5
426 1813 7
2006 1635 7
2206 108 2
2017 1831 8
854 107 3
2357 390 1
2750 3 10
1576 1394 9
40 664 2
732 2610 8
2420 1557 9
234 546 6
953 2533 9
2990 2973 10
1450 725 7
2134 1339 7
772 512 4
524 2392 8
1964 2858 10
2962 1547 1
1597 67 9
2692 454 6
914 676 6
2618 2444 2
585 1086 1
1152 891 6
855 1926 5
2644 1896 7
2785 1493 4
2678 95 10
839 2809 5
1156 605 3
628 1237 3
773 957 1
256 49 4
2631 211 2
2840 2553 4
716 319 10
2189 934 2
800 1409 9
1301 629 6
2004 659 6
1622 1040 9
1590 149 6
1484 1654 5
2460 2668 3
2863 344 2
101 1678 8
2175 248 8
2754 2085 8
2298 1735 9
688 2810 5
269 1774 10
603 1716 6
5 765 6
1524 1672 6
2775 685 7
2451 2173 9
1296 2081 9
1797 1603 9
1649 1560 10
1066 117 3
1440 2082 1
2258 508 2
1514 1544 8
414 1937 1
448 1459 9
2919 2214 9
1446 1666 7
1018 2919 3
794 1006 1
1965 249 3
2306 2953 1
819 1413 4
2518 2197 9
1281 2281 3
2543 1351 10
643 2722 10
2985 2267 5
2826 1283 3
1595 1939 7
1193 1769 3
1070 106 6
2301 1516 4
1182 2661 7
874 2303 7
2081 331 7
2089 2064 5
2499 1972 8
685 2364 8
1798 2854 1
2880 1390 9
1711 916 7
502 490 5
2091 39 10
180 484 9
2817 2030 2
2431 2338 9
1719 689 6
241 1961 1
1814 229 7
170 485 3
974 2675 5
1937 360 4
799 1263 7
2635 2908 3
986 2079 1
1563 2136 8
2415 2996 3
677 1161 7
239 378 6
114 224 5
2910 848 10
1962 2350 9
961 435 2
2569 2189 2
2132 2250 7
2068 2832 9
1991 2138 3
1299 1372 9
2808 308 9
592 2914 2
2403 2302 5
895 904 9
1127 2196 9
1928 1694 5
1141 331 7
410 707 4
1973 823 5
1905 50 4
2438 487 3
1188 1846 3
2791 461 10
81 1049 4
399 363 2
947 168 3
2396 649 7
2339 2506 7
2224 1466 3
89 379 6
2703 715 2
1452 1811 1
2433 247 10
2355 1153 10
1836 65 6
982 2882 9
1834 612 2
444 2991 3
39 2671 5
2527 846 9
940 1408 8
1088 2901 2
2316 2062 1
1628 2004 7
745 2813 5
1519 788 8
1837 701 7
2758 271 4
317 1637 6
1934 308 5
1096 1182 7
710 1063 6
1443 661 5
431 303 2
1462 1312 3
2359 2356 5
2406 262 2
2360 2732 4
420 2344 10
1005 2789 1
2137 1505 4
1349 116 3
869 177 9
2107 2657 4
1148 1399 6
1362 1786 9
2986 853 10
1082 1569 10
1812 88 8
260 860 2
2202 2153 4
247 1882 2
1024 2412 5
602 941 10
2337 1717 8
690 1639 9
429 158 7
852 2731 8
1831 2439 4
704 603 8
1239 973 6
75 2815 6
1197 2584 10
1430 2553 8
479 2753 5
205 627 8
752 1327 8
1402 1728 2
864 2762 1
960 2575 2
1944 2838 3
972 1371 1
2330 996 9
2290 1432 9
1305 2106 10
1095 837 9
2922 273 1
1053 2904 3
574 1017 10
533 1228 2
1911 1574 5
312 394 6
872 2033 6
620 47 10
2693 1029 8
1111 2968 5
2308 2577 3
1825 2455 4
2331 418 10
2289 398 9
1963 2651 7
993 2000 3
1016 2127 10
123 808 9
2125 1503 8
2780 334 3
2782 2558 1
1221 124 1
1419 926 10
1777 1335 9
1838 2367 6
1024 1379 5
2309 2705 5
1307 943 10
454 1990 10
2881 321 7
1291 2815 7
1143 1467 9
525 903 6
2150 2234 4
2323 300 4
2415 1181 8
516 2592 10
2759 1168 3
464 2978 2
722 2087 6
2100 513 1
1642 2788 3
2044 361 8
931 782 9
2948 1123 1
224 565 10
613 2090 7
2133 1021 3
2774 318 3
1718 2411 4
881 1653 7
2580 989 1
2008 189 1
744 434 7
2601 1333 5
2423 2662 6
1380 312 9
1825 1304 1
2697 2695 6
1442 1376 10
421 1750 10
1076 1506 5
348 1728 7
525 101 7
2851 824 1
2451 2680 1
1553 193 8
203 1900 9
1723 1601 4
1139 2731 3
1260 2391 1
1624 1865 8
1395 1218 4
567 1164 9
2508 1187 3
621 589 1
1692 833 2
392 429 4
1301 2785 10
1844 391 6
1765 465 5
1463 1755 5
122 2273 10
471 964 8
670 1395 3
131 748 4
2159 1899 3
2612 333 7
2048 1880 8
1924 477 7
1488 111 1
1931 1231 3
2902 15 2
1419 1483 8
1805 256 2
1389 1803 6
2712 295 8
2996 2588 2
1708 2782 2
2642 1573 4
2867 1351 2
998 2219 3
2514 1131 3
673 2489 7
827 10 5
2305 1158 8
1160 172 4
2742 737 4
646 2204 6
1904 1205 6
2562 1675 4
1321 2477 4
898 2501 4
580 739 10
1465 886 9
1103 192 6
2498 1565 10
2353 2674 8
2148 2574 10
1866 2045 8
2268 493 5
2276 148 9
1824 2859 4
1179 2247 8
2952 2622 7
411 2677 4
368 2420 3
667 1602 1
2113 2608 8
2430 1538 1
1291 900 9
1262 1622 10
1227 1689 7
1609 1778 5
2261 2761 4
1387 2786 9
296 1606 5
387 236 10
360 2852 5
821 2823 8
1539 2433 6
1605 2983 4
562 2610 8
2251 1281 5
1482 2407 6
1808 2285 3
1267 859 9
1261 2098 3
1768 2901 4
939 1821 7
1739 2553 5
1801 1010 5
699 2232 6
2745 817 8
1748 2265 8
1511 1145 7
757 2009 10
587 2531 8
1544 2493 2
622 1704 1
2999 1727 1
1250 1256 9
1523 1325 4
2906 2771 6
1306 2581 6
1037 1332 6
599 1556 5
643 2504 7
907 2387 1
1491 549 9
2228 2917 5
2133 2545 2
1387 1756 5
1709 523 2
1059 252 2
687 2036 6
1273 1293 1
2768 1015 9
2987 2041 10
2265 327 8
720 2707 9
1623 1453 10
573 424 7
842 123 9
195 2416 5
2303 2481 10
305 520 1
683 791 6
82 2834 4
2180 1142 1
555 2130 4
1883 33 5
1917 2320 9
2387 472 8
1220 2174 4
2736 2853 2
1843 1077 7
473 1541 7
1797 698 9
2243 2553 4
366 390 4
178 1729 4
1437 2978 8
544 1853 9
2855 838 5
1716 1923 9
1242 89 9
1440 2012 8
2341 2100 9
2839 1134 6
677 2755 9
2224 69 4
419 1683 7
2176 2304 2
1388 664 9
601 52 7
1136 1424 3
2719 253 9
2989 936 1
2146 702 6
2323 640 3
2488 72 4
938 581 7
1013 289 4
634 719 4
963 2560 10
1233 1224 10
1145 8 6
2837 1145 7
923 2202 2
1008 666 4
2728 546 9
2843 1852 7
806 1684 6
931 2126 5
2517 303 8
1015 2924 4
571 1004 1
1103 2712 3
74 2229 3
2165 2440 6
1495 2131 2
2861 2980 4
2437 2534 7
880 26 7
2605 2822 1
809 341 5
1341 1263 8
1703 2249 6
1191 221 7
1334 2104 7
2699 969 1
1390 2171 7
1562 2305 2
1161 1244 6
2010 588 2
1930 2417 5
2352 929 4
1994 2371 9
2576 1515 1
1716 1744 6
1694 385 4
1897 1676 10
2313 1999 4
2864 1097 3
1271 2504 3
2900 2984 2
1898 2876 1
1557 562 7
729 257 1
173 1053 4
126 1055 1
1241 2035 6
2255 1499 10
565 458 8
2842 147 2
2512 749 2
2144 2561 10
184 2787 6
1033 2388 10
362 1488 3
949 2329 8
1202 1695 2
1636 428 3
1282 2981 2
1889 2184 6
2929 360 4
65 2928 8
1491 166 7
2911 537 3
2392 967 2
1068 2481 1
129 368 10
1136 1883 2
1735 1315 5
1686 2231 10
736 2008 1
2167 557 1
797 1150 9
797 367 4
2071 328 5
2803 1696 4
912 1712 2
636 145 9
1758 1384 1
1559 1878 4
2132 1764 7
116 721 8
1503 2641 7
1630 1355 1
1373 906 7
1801 1027 9
799 16 8
14 2185 5
1265 2702 5
1572 37 9
2690 847 8
1886 443 5
2913 1059 6
868 702 4
135 1321 3
1549 1253 9
615 851 10
2586 1613 6
2886 1470 8
1040 1365 1
1910 2894 5
2069 1528 4
2943 2385 6
2763 1644 6
362 1349 6
2602 2798 5
509 639 3
865 2898 3
2334 1827 7
691 1627 7
2583 2693 2
183 1007 1
87 2185 6
1258 750 10
1421 330 9
2895 825 2
2405 770 1
1700 2315 7
2087 325 3
893 1762 9
1478 2005 4
1793 1517 2
2627 651 8
705 2963 9
2174 150 7
345 468 10
1625 2691 10
1334 2039 4
2764 1876 3
1363 2067 6
465 2794 6
1163 1713 2
1168 1487 9
760 840 6
2963 1704 7
2409 885 6
566 876 10
2088 1193 1
2111 2859 4
768 862 9
1354 2119 1
1106 1596 6
876 2344 5
1936 1140 2
558 115 8
1719 1660 8
1667 592 5
1403 1382 6
1180 231 10
1359 1730 4
2311 714 6
1987 135 3
281 2355 8
1664 1085 1
1007 1023 2
2178 1075 9
1993 769 4
2129 2790 2
2473 2984 7
1270 292 9
1681 1670 4
1113 548 8
2515 979 10
696 1245 10
834 1232 7
174 1624 6
2403 2269 8
1889 1390 6
354 604 2
468 309 8
2317 404 5
802 410 4
272 983 5
2975 938 9
634 2291 3
1391 1919 6
1339 1275 5
1959 112 4
2110 2763 6
1434 918 8
1589 1410 3
1604 1819 8
2426 6 1
337 27 8
1185 2918 6
2592 877 10
2480 2865 1
2024 1867 2
1888 1115 8
1681 1102 8
614 1602 3
2586 2959 8
1852 1191 7
2806 1107 5
2904 2240 9
2740 1369 6
1062 2498 8
2573 1731 4
1079 2507 5
641 2222 4
2450 2944 7
1461 1007 7
485 143 5
157 2510 1
1938 2818 5
912 422 2
835 1006 3
1603 1979 8
2345 1915 5
2454 1632 3
245 669 3
2055 10 7
1313 894 10
1666 595 6
63 2215 3
1105 120 7
1404 1746 7
2027 2175 7
885 2447 1
945 2787 1
1080 2281 7
2704 2666 5
2182 1499 10
833 2106 9
152 486 8
2570 3 1
812 2632 3
1393 2334 3
1734 2042 7
556 1811 6
1481 870 1
1433 1342 8
2955 892 6
2448 250 2
1478 2434 2
2125 13 6
2207 1989 7
1250 986 9
2790 1411 2
1550 2432 10
620 1007 8
2714 1104 6
97 1909 9
1914 1664 7
2232 2976 1
1600 2310 5
616 429 5
507 1151 3
2884 2408 2
299 2696 1
1740 1679 1
126 2798 8
1669 739 5
2484 944 7
1243 1155 7
2396 662 2
1314 2228 4
1948 1524 7
1889 2275 7
824 2454 2
2084 2746 2
2197 1767 6
2297 2648 7
2684 2239 8
2077 942 7
378 2540 1
948 660 4
103 1808 8
45 582 7
1583 779 1
153 2282 4
2669 517 4
2620 2120 3
801 2592 1
845 2148 10
2618 890 2
1364 2160 8
2566 2296 10
1978 84 4
529 41 2
2927 23 3
2353 804 7
1781 2596 8
576 550 4
416 1265 1
246 2451 5
2760 102 5
293 1696 8
2152 1652 10
2328 984 4
485 2893 1
2891 423 7
807 1127 1
1366 2048 3
2456 1295 8
2363 2486 2
2537 1119 3
2345 1950 2
2382 1406 10
460 1222 2
1358 2242 10
375 2525 8
694 2103 3
217 1750 6
456 2288 3
1676 1058 10
29 1305 6
545 2891 9
2595 1583 1
31 2006 2
1352 2339 6
2188 712 10
1942 1351 7
2040 500 8
1594 125 4
380 2682 6
216 564 6
2407 2752 7
1564 1751 9
336 892 8
119 159 2
554 1783 4
1326 644 1
840 1260 2
2616 2766 2
2128 2555 6
112 540 3
2143 2288 10
973 2186 10
1857 2140 4
831 2668 1
332 1787 10
1642 79 10
356 2138 2
417 692 7
2629 2990 2
2551 1453 5
652 2028 5
2147 935 8
1934 814 4
954 1571 2
1434 2179 5
1747 2508 3
208 1721 5
1550 1184 10
797 692 3
20 1944 6
815 765 4
2915 202 4
916 2121 2
1719 2151 1
2737 1640 9
1643 107 8
1277 1194 8
1955 222 4
1616 1140 9
1887 2205 10
2212 2388 3
1318 326 2
373 2093 4
1901 769 9
2064 2936 6
1380 1908 5
533 2275 6
1472 2631 4
1749 2807 10
1323 1176 5
2051 686 4
1686 1617 10
2819 1737 5
2398 2094 3
657 245 7
761 1288 6
2561 670 6
915 2061 6
1012 1254 2
2223 1862 5
1663 950 8
2506 1498 6
763 482 4
2124 58 5
1248 1087 7
43 2544 7
1394 671 6
274 458 6
1961 1458 2
2470 1970 3
60 2200 1
1935 1111 10
2441 221 2
1981 988 1
181 104 6
2332 255 10
2155 1969 7
2764 2328 8
2805 1825 10
1879 2155 10
99 34 3
2407 531 7
893 2026 6
1247 2347 2
2603 1336 5
415 2096 1
1210 2598 5
2075 2552 2
2983 2519 9
329 2536 4
479 430 7
453 2472 10
149 2030 8
648 2633 3
282 1370 3
1701 1200 7
254 1351 8
313 547 5
70 932 6
2658 1655 3
1508 1828 6
936 940 3
1766 1773 8
2526 1775 6
378 1727 5
2159 1363 6
2027 2404 7
1018 1512 5
2261 1384 8
1092 772 5
2740 2591 5
623 1074 1
848 2070 7
1003 2691 6
1540 2046 6
851 1251 2
77 48 2
235 881 4
800 2070 10
371 1206 1
586 1292 9
2883 1713 7
728 2389 3
1848 2028 7
1775 1759 9
2116 2266 2
2349 1403 8
571 2146 2
2820 1989 2
1492 1593 2
487 1297 9
2621 2413 3
370 1881 4
662 1812 8
2165 541 7
2821 1422 7
1982 1375 9
2178 1471 8
832 532 5
2770 942 2
1592 1792 2
377 1385 2
1521 415 2
2437 1612 7
2418 374 3
456 595 5
1703 2112 8
550 1290 2
2263 2713 7
524 2463 6
2563 2029 10
2303 1982 5
2892 2409 5
1733 2636 9
1215 2101 6
164 744 3
1298 1401 5
1431 966 4
751 1398 4
2348 1522 4
1552 2998 4
1447 785 7
870 991 8
2920 2445 6
2712 609 10
2650 1635 3
2859 735 9
2362 2553 5
1120 22 4
37 1551 6
1283 632 8
1859 176 7
901 481 6
2449 1084 9
314 2340 4
1507 2669 9
1356 1625 3
2578 1916 10
1687 674 8
459 1084 7
1282 818 2
359 1977 10
2263 83 2
1216 2181 3
2920 830 3
2273 1714 3
335 1413 6
2848 731 8
1822 947 8
2049 2182 8
1490 1002 3
1774 2256 7
759 536 8
2796 2738 10
64 1578 7
866 1233 4
296 2709 5
823 2237 5
1289 2321 3
2625 1529 6
1269 1449 9
163 2912 8
329 1647 8
1833 752 7
946 28 4
2822 787 8
1225 430 10
1794 139 4
572 489 10
985 303 5
2709 2289 7
1476 2365 9
859 105 10
843 2515 10
2059 509 10
1598 1326 6
2154 504 3
1785 1378 1
199 1383 1
1027 1240 1
2951 1530 7
2502 2219 4
2343 1851 10
1994 298 4
506 995 10
1358 613 1
175 1668 3
1148 2713 1
1350 2063 1
2716 1575 6
474 1782 3
1213 1663 1
2029 9 10
388 1686 1
790 2834 8
1244 265 7
2749 1510 6
2943 550 9
1541 568 3
2634 1658 9
1515 1538 6
337 1041 6
1039 709 9
1377 1752 4
920 1162 4
798 462 10
1057 1107 10
1868 2639 5
190 1765 2
999 1510 3
875 61 4
734 1279 5
2920 1410 9
86 62 5
1166 370 7
21 900 3
169 2161 4
2461 1407 2
758 337 4
1348 2338 8
2475 1918 2
826 321 7
314 1703 7
2014 2752 4
2714 1435 4
184 54 10
937 2598 10
1071 599 1
1608 1431 3
2057 1684 8
2395 2375 9
559 2157 5
1208 2955 7
230 2698 8
647 2372 2
642 283 10
896 2203 5
953 1593 10
24 2010 5
1317 575 10
624 1432 5
2882 1789 10
2796 1941 3
2671 1815 5
995 721 6
1213 2078 2
2762 223 3
1796 2885 4
2201 285 5
2743 1978 7
381 434 10
611 1655 7
450 483 10
2442 1414 7
2218 418 6
264 1089 7
774 2207 4
2361 1905 6
2509 344 10
581 2845 10
2117 1903 2
2267 311 2
791 2524 3
2198 535 10
373 1496 1
1441 2354 6
2967 2429 8
1500 2667 4
213 117 2
779 1310 2
1739 855 4
2084 1350 1
1729 538 1
1800 1613 8
1038 1552 10
1741 1078 5
225 800 8
358 2726 10
2903 1584 6
2886 2187 10
2216 2479 1
1989 2729 4
66 1584 9
1238 2979 6
1020 2993 6
1924 1303 9
680 2646 9
2624 650 4
1276 2578 6
909 227 6
711 1229 4
539 333 9
1006 2566 5
95 2947 8
2373 0 6
631 336 10
637 2492 3
321 522 8
1906 1600 4
1298 382 5
642 2483 4
1665 1909 6
560 2204 5
1656 2899 5
2735 2808 7
1397 2690 9
286 1036 2
933 1587 8
2000 208 5
2368 1854 9
1246 2274 3
1531 67 6
1922 2460 5
1850 1000 9
441 99 4
1357 775 1
2422 917 5
2300 503 8
1987 2399 8
2101 1361 8
1697 1110 6
1486 2516 7
2815 883 3
1509 1272 1
2002 650 1
1050 579 1
1106 1862 3
306 2170 8
591 860 1
258 1149 7
394 996 7
2643 2226 3
1910 2884 8
1379 1192 2
1011 243 3
2938 843 4
2233 205 3
1378 2376 1
399 2743 10
2332 2848 6
2702 2221 5
132 1215 2
320 1220 4
1197 755 4
1972 301 6
1005 34 6
2352 2869 7
389 2560 8
2663 2769 7
2935 1282 6
2116 2238 7
2468 2427 9
1994 2010 3
1550 902 1
208 237 3
2905 2609 4
457 1548 1
352 1683 3
1955 788 4
2336 1076 8
1712 990 4
750 2358 8
219 715 3
2816 1139 10
2177 1833 9
754 2163 7
1094 2092 3
2688 753 7
2156 338 7
2730 1627 4
1322 2986 1
2942 143 9
1360 2389 4
1458 2781 2
339 470 6
334 1102 9
1014 1707 9
2324 1295 6
35 2646 7
2400 1603 9
2911 1451 3
80 747 6
2745 1803 3
1892 1873 9
193 410 5
2912 1984 8
1207 1451 3
1407 1815 1
2663 1204 5
2223 1218 4
147 1412 6
781 816 3
1437 2277 6
1522 2335 4
2821 2295 4
1802 145 3
1800 118 7
2162 1604 4
948 2681 7
1552 633 10
1845 2685 7
2522 2511 4
2294 2927 4
350 2325 7
167 1648 8
340 2676 7
2317 2108 2
2109 1164 2
2366 446 7
2530 2145 6
1794 403 7
2801 1832 10
542 910 6
169 1269 7
1878 2874 2
266 2604 2
2465 980 2
455 115 5
2988 880 10
2059 1416 7
242 2139 5
1456 2485 8
203 372 4
2977 2931 9
1554 1970 3
2433 1753 7
2629 277 2
1504 723 1
2087 133 9
1481 952 4
443 2486 9
2759 1912 6
1971 873 10
2570 1080 9
1131 671 3
259 695 6
1546 1592 4
1874 271 1
2581 1331 4
1835 2994 6
2908 2833 5
2741 1197 5
