3000 605 1
667 54 2
1415 631 1
1692 1279 1
441 1688 4
2791 475 4
2652 1693 5
66 34 1
517 219 2
1806 1695 4
677 878 5
2460 2597 5
372 2953 2
802 1236 3
398 389 5
1931 58 3
1734 93 2
975 2015 2
968 1421 3
17 2035 5
535 2640 3
1160 1652 2
882 2218 4
2139 2277 5
1595 1121 1
659 768 1
2790 1423 5
839 2624 4
707 546 5
720 1236 1
385 1160 5
2202 1071 1
2602 1154 5
55 1610 5
1996 2055 2
2284 244 4
1539 2042 2
1171 1989 2
23 1658 5
2145 137 2
954 1053 2
429 2434 5
2133 61 3
483 2622 5
1883 1818 1
2768 1916 5
2213 1380 4
1262 2274 4
1823 325 1
2552 187 3
1552 2752 1
1390 2115 5
2529 1516 4
690 1768 2
1072 2593 4
2027 1040 3
491 1293 3
1569 2010 1
1626 111 4
1711 2526 5
2660 2897 4
2078 2890 3
1232 1705 3
2550 1435 5
2807 2086 3
1921 1582 3
1643 2609 1
1277 1798 4
237 922 1
550 196 4
750 2667 5
2343 2175 3
1832 2389 1
445 2979 3
2125 2851 1
1485 2713 4
2321 948 2
1215 1225 1
382 1787 4
2485 827 2
2861 1285 4
318 566 2
1959 1710 2
492 2352 5
2007 2987 3
702 831 5
1167 1079 5
2424 1624 4
103 1166 3
1826 2129 4
2858 2673 4
373 2114 1
2710 759 1
2211 1895 5
739 2941 3
2813 1573 1
1326 1773 2
534 2240 24
175 1705 3
150 2345 1
1743 1457 1
511 669 4
610 626 1
503 2378 5
1149 2176 1
1772 417 4
1064 951 5
1556 2485 2
1207 1203 5
57 122 2
322 2894 4
603 604 4
2943 1440 2
1190 595 4
1381 1781 1
2477 2553 3
2439 135 4
1036 1002 1
2366 2514 4
252 2001 2
2438 910 1
1192 1481 4
416 2100 5
1910 506 3
24 301 3
2772 2670 2
1056 600 3
466 492 1
696 2891 1
939 1544 5
128 2642 2
195 1074 4
6 1820 1
1155 2829 4
2599 1347 3
1259 774 4
1985 2954 3
2017 712 1
1410 740 2
1602 701 2
1178 2363 4
2088 2161 3
114 163 2
703 1655 5
2849 2839 3
2774 2557 3
2964 2573 3
1342 830 1
1608 1694 1
1831 614 4
2118 2786 4
2445 2791 2
2742 809 4
2676 1772 1
166 1133 2
1744 2033 2
2812 2349 5
2370 1395 2
33 2097 5
2013 461 4
318 531 3
1128 297 1
1103 604 1
1308 2401 1
2203 56 2
971 2789 2
2304 1330 5
2767 662 3
2784 2701 1
924 2632 4
1334 1250 2
358 49 2
55 1466 1
1690 136 4
1654 2543 1
465 15 2
869 641 5
1859 230 2
2236 1846 3
1081 139 2
2633 890 5
2970 586 4
572 2034 2
2991 1191 2
2032 431 2
1579 2227 2
1284 1060 1
1407 1411 3
2287 1186 1
191 2002 3
764 1500 1
605 786 1
599 2997 4
1164 2312 1
2912 1504 2
2240 1203 2
2200 2329 2
1547 652 5
132 1805 2
2398 1728 2
1975 1041 1
1266 2257 5
805 996 4
797 1723 3
1620 1033 2
1292 2152 4
427 112 4
1467 2788 5
1013 1943 1
580 486 2
1605 250 5
2110 2503 4
2402 2839 4
1664 2639 1
942 480 4
1267 1098 4
1485 984 3
486 982 2
2826 1317 1
2897 65 2
2208 1024 4
1916 2460 3
671 738 4
249 181 3
2536 117 2
1833 392 3
2469 2950 4
324 2466 3
2199 536 2
1278 1850 3
1354 1393 2
484 1767 2
2805 1434 1
730 2251 5
1460 1469 1
2530 2583 3
2060 2781 2
1278 1871 2
279 436 3
1246 789 5
2330 2118 4
1670 1418 1
2345 1690 4
2691 2089 4
395 2379 1
2718 81 2
2233 102 2
849 942 5
2403 1157 4
2482 596 1
470 2490 1
1992 152 1
1273 1169 3
2930 2629 1
1362 2989 5
1238 52 5
816 30 2
2297 1859 4
624 2733 5
2004 2167 4
2136 727 4
2944 248 4
219 1766 4
2080 292 2
2794 683 5
1855 84 1
2915 2486 5
1508 2462 2
1384 2639 3
2126 407 3
1068 2260 1
771 682 4
415 468 4
2991 2916 4
486 2678 5
2973 2857 4
100 1764 4
2162 852 1
558 2926 5
477 1936 5
453 2940 5
700 1695 5
918 1598 4
2103 1978 2
86 1870 2
1268 363 2
1733 870 4
570 725 5
1724 889 1
539 2715 2
1445 338 1
1795 2907 3
2742 794 4
2894 2869 2
1143 1818 1
700 1567 3
2449 2204 2
1882 1340 4
2999 2026 3
1894 9 4
779 14 3
2351 419 5
573 632 1
623 1701 2
1521 1463 5
2448 1881 3
1713 1404 4
1099 2927 3
1900 1609 1
1714 472 2
1488 576 3
1577 2355 4
62 1443 1
1677 2858 3
1502 2889 1
2122 2101 3
633 71 1
2727 919 1
2444 135 5
2547 2690 5
2827 2786 1
691 2729 4
1199 2407 1
1713 693 5
2906 2433 2
1649 140 1
2394 1548 4
2393 2367 5
143 450 5
1244 462 2
1114 1878 3
2761 1049 3
1175 1906 3
161 2426 3
246 1219 5
1485 1631 2
1924 495 2
1491 2683 1
263 1718 1
1261 971 2
970 183 3
1535 1835 1
303 2630 5
494 2076 4
1622 174 2
865 544 2
1704 1371 2
1280 2427 2
1889 2098 4
2144 2861 3
561 1436 2
656 1121 4
1626 2705 3
2385 236 4
1020 708 1
1198 555 4
1260 2224 5
1508 121 2
105 232 2
2303 2504 1
2515 662 2
1867 1950 1
1921 1433 3
1563 2936 4
974 616 5
2127 941 3
2659 2343 3
1072 1783 2
2166 399 3
2903 712 1
2293 2925 2
2812 28 4
1729 1176 5
2782 1982 4
2435 2344 5
604 1668 5
4 2323 3
1140 2005 3
2342 2429 4
2365 1120 5
1807 1955 5
1902 2379 4
2429 2614 1
969 2902 3
146 708 2
1632 802 1
2867 2140 3
1971 2271 5
1757 113 4
1737 736 1
2955 46 5
203 101 2
1697 872 4
1283 52 2
458 823 2
783 1435 3
132 757 5
1358 481 5
2089 1650 5
689 2328 4
94 800 3
1924 2185 3
129 1561 1
638 32 2
1095 1507 3
596 52 5
1611 471 3
2184 2731 4
1841 603 2
672 1572 3
1330 1044 4
2420 1542 5
2292 2502 2
211 132 1
189 1234 4
479 851 4
1370 2165 3
2382 1288 1
989 2990 2
157 548 5
186 127 2
2306 367 1
2996 516 5
2795 627 4
2975 1624 1
1119 2909 1
1584 1616 2
1675 1949 3
2968 2814 1
2675 1153 1
1594 1599 5
1855 1636 2
1497 494 2
1774 762 4
2348 858 1
234 1551 4
2952 2577 3
1790 1244 4
1954 2707 2
397 1123 4
2578 497 1
2537 2680 4
2616 1078 5
198 174 2
471 819 1
1834 1538 5
2173 2629 1
47 439 3
2428 2241 1
2069 799 3
2590 2527 4
509 2493 4
1437 2361 2
2373 2715 5
2711 1959 2
2221 1517 3
1373 2279 5
2154 2264 4
1752 153 4
1637 2908 2
138 2265 5
1268 2828 2
1303 265 1
586 612 4
2432 1172 4
871 2404 2
1934 1126 4
2233 957 2
518 2037 2
2243 1256 1
985 1206 2
2636 304 5
1400 603 4
2808 587 4
954 1931 5
336 278 2
1461 1672 1
1791 1109 1
2551 1881 3
2120 729 2
2143 692 2
1564 1811 4
2824 1396 2
1968 552 2
2374 1500 5
767 2457 4
1251 2795 4
2699 2572 4
2592 948 4
624 2689 5
926 2258 2
85 795 2
1867 379 4
2400 425 2
870 2061 5
1956 242 5
1837 33 2
1359 2993 1
1996 1379 2
1815 869 5
644 49 5
1549 323 4
1929 594 5
386 215 3
916 2966 1
2134 2436 3
2879 1409 2
75 2723 5
1648 882 3
1256 1015 5
123 569 4
1344 1681 4
2748 2757 1
1194 724 5
22 2834 5
478 2860 2
748 10 5
1599 589 1
2485 1600 3
532 1203 5
4 2201 3
1141 2682 2
502 998 4
209 1759 2
1913 400 2
35 2302 4
2084 1911 2
2326 1437 5
257 1365 4
1589 1451 3
1999 2984 3
221 808 5
1729 1187 1
2595 73 5
2575 2845 3
2654 2923 4
1407 2625 1
1047 1541 5
972 2863 2
1117 826 2
2621 408 1
1275 713 5
794 907 3
1449 2388 1
1839 2468 1
319 540 3
1394 350 2
1945 2229 4
1462 2353 5
1 2207 3
638 1007 5
2638 1482 2
2863 442 3
774 219 5
247 440 5
1940 1666 5
1098 2729 3
2021 90 2
896 352 1
2978 2568 4
277 1145 4
1869 1274 4
2318 165 2
2491 713 3
772 2567 5
1696 747 2
2717 2838 1
53 2720 4
979 1749 3
2518 1240 2
1859 154 2
238 573 4
116 2467 4
810 2158 2
2993 2040 3
2709 526 2
2510 1329 3
2099 1383 4
1682 2933 1
1555 490 1
664 1094 1
361 111 1
351 164 1
2977 1617 4
1490 130 4
1201 581 1
1083 389 5
2276 1844 3
1838 1595 5
2464 821 3
460 2798 2
1015 114 3
1486 272 4
1311 1196 4
2419 697 5
2254 1628 4
1471 1444 4
2545 1343 5
1419 2232 4
1872 1774 4
68 1452 3
1213 1433 1
331 1286 2
314 1970 1
634 386 2
1856 526 3
