3000 2685 1000
1171 1046 991
2349 2644 654
2565 1169 350
2828 2563 887
1165 1227 230
1488 2989 459
22 2526 892
1006 1017 199
1144 2776 447
1188 2058 783
1092 1084 116
2775 2665 990
2582 2349 19
2364 2603 254
519 655 385
998 2813 883
1213 1863 814
1288 1811 320
1339 1490 418
1539 784 42
899 2124 438
60 889 450
2577 380 190
2899 1357 583
2070 1752 775
32 409 185
667 685 494
733 2033 103
1684 261 212
1228 533 385
146 2670 470
2409 369 37
1564 2664 193
1804 1853 647
2114 1689 923
2894 2831 196
2242 1084 34
2202 495 544
1206 2821 770
1371 2616 726
2474 2901 565
915 2643 455
226 1212 648
1016 1211 731
2390 2478 780
452 2315 674
1475 602 354
1802 1143 371
2789 1532 868
470 838 628
2039 2841 370
399 1235 680
1951 497 198
1222 23 413
1388 2348 430
1108 198 104
690 1841 396
2925 1983 836
1986 2734 534
1112 2250 922
2827 1520 99
2171 883 923
1062 1099 178
1999 996 283
1403 1369 681
1212 2146 823
2639 1179 498
408 1726 445
2099 2555 25
1365 2239 692
116 592 470
706 1041 157
2256 175 427
1953 38 414
2100 2453 567
1022 2823 374
2067 291 711
44 1554 894
1903 2924 603
2601 2500 694
1247 2139 377
1020 1364 248
1164 1135 627
1781 2361 63
2549 1024 124
1972 2467 608
1336 1695 758
612 2404 91
2414 1732 663
135 1332 917
1284 29 230
2003 2758 421
700 641 658
568 2523 193
1853 867 793
956 504 884
661 2368 739
535 831 877
1398 736 147
462 464 494
2212 1434 324
975 327 458
581 594 9
201 2596 653
2055 850 564
103 795 382
738 1833 339
608 2218 431
616 490 26
2607 1092 321
591 2937 862
559 1811 245
2542 15 692
2404 428 415
1542 1650 470
2933 1745 517
779 1934 946
2626 1420 249
2629 2636 273
203 2364 430
1172 470 870
1765 1981 747
371 1185 30
1917 1252 588
2136 2798 581
1449 2449 950
1520 919 124
624 1567 511
1157 1436 279
2166 1938 463
249 1681 256
1250 850 458
531 941 732
1768 319 723
165 982 416
2944 1876 599
334 473 537
2457 2656 819
480 759 158
365 1348 262
1598 2460 599
296 1461 24
631 2401 471
237 2708 694
1738 1004 921
369 1176 219
1263 64 675
443 392 557
2486 1414 814
1210 889 66
338 664 42
1227 593 156
2858 566 80
2490 2189 685
649 1438 818
2287 782 727
2377 2262 820
1173 2682 193
127 521 694
1015 2604 407
415 2939 683
1237 2720 797
1677 1517 184
114 2047 654
2926 203 267
2843 2066 411
822 2327 890
2971 2148 626
645 584 134
212 2910 138
1709 1632 870
635 637 192
34 2491 503
2596 1580 775
773 2992 786
47 1862 256
2058 1535 925
484 1500 464
2228 1204 408
508 959 665
2116 1920 668
2548 1780 991
2401 2396 86
65 198 202
1537 1401 674
1876 1814 38
1929 758 403
190 807 861
1663 2107 908
2128 328 502
302 838 849
2848 1072 876
1654 1190 394
1515 1482 237
629 1494 888
621 1993 236
2010 183 139
587 178 44
341 2308 493
1877 2723 20
377 2978 94
1252 1993 279
1440 1371 659
2391 709 201
319 2344 627
1735 2715 365
1689 2938 332
1513 2667 709
1368 162 337
72 2131 270
613 973 253
1428 2211 939
1789 1689 460
1349 2062 231
2323 2796 135
2068 1051 490
2873 359 633
1893 320 358
562 1311 556
199 1800 388
2195 1957 225
925 2019 256
1604 2839 728
247 698 272
2883 2397 774
149 51 168
1424 2892 732
2782 606 218
1562 1890 542
223 628 588
968 842 728
389 2049 112
2776 450 239
2201 854 876
2964 2704 301
2965 2808 905
589 1591 344
300 1154 457
1991 1638 85
366 2490 780
333 2004 69
384 57 882
2904 422 54
1522 293 279
2803 651 376
1891 707 877
2554 1987 709
2647 1476 281
1752 1768 539
2770 905 247
2705 1680 232
206 1578 418
1225 862 312
1569 2956 502
2024 1668 253
8 2265 629
609 1727 871
1319 496 697
2890 2128 31
827 1062 148
728 435 560
2155 1090 197
1958 1971 932
545 2272 736
1880 965 45
2897 917 255
1924 81 660
692 1640 406
280 142 158
460 2318 765
1378 879 161
1586 1352 735
1048 1200 865
2584 2958 698
651 2908 962
898 1505 289
1192 2069 163
1644 103 717
375 271 434
957 1164 822
1478 2394 46
2616 87 990
2410 1043 934
2977 187 584
1697 2127 494
2048 1409 328
2063 1268 669
1577 1970 929
2174 31 788
698 2034 368
1497 1837 37
2419 320 789
2326 607 66
332 709 669
2783 1739 686
2378 1781 511
1645 999 301
2042 2108 126
1169 43 574
202 1937 308
74 2730 563
1326 8 607
6 110 737
2254 1858 237
2860 496 274
2425 998 776
192 2509 856
2198 2697 174
2382 1148 99
603 1905 185
1160 2011 391
411 2079 687
1524 1685 30
737 1249 586
394 1026 715
2151 1189 584
859 1748 76
927 566 585
2535 1098 452
2993 2687 561
1724 1573 261
2917 527 929
2596 172 754
1887 1980 837
886 943 328
752 1856 166
2769 1254 336
1971 1039 638
1021 944 617
2698 2417 314
2987 2901 95
1253 2832 916
532 458 473
2172 335 609
2566 2296 7
1270 455 530
2850 2210 728
1399 224 90
1776 1683 958
2492 1906 178
1584 1834 839
1426 1471 767
1466 1823 611
2059 786 811
382 2605 999
2543 2368 452
2671 1661 56
1850 2684 899
1792 2412 991
2307 1107 237
2572 1527 891
2111 999 775
1869 1582 169
1981 2070 671
1235 2456 698
2882 1223 974
978 908 179
2096 2392 806
2476 2258 174
263 2552 104
2255 2705 588
496 684 449
1621 2278 744
763 3 86
2176 216 856
1719 1278 636
2704 669 797
2334 59 311
2861 802 646
2966 2787 272
517 2844 763
910 192 860
2821 2341 383
731 415 642
2106 409 305
980 2005 763
2874 716 700
2227 1446 367
156 739 871
1248 2997 717
855 596 825
2469 1837 235
254 727 881
2470 2182 205
2604 2771 580
992 1115 221
1955 2781 65
2029 2006 681
1275 1258 756
655 77 738
1670 104 223
457 2392 1000
1090 2515 340
1136 1702 187
1739 1117 756
2837 407 900
1693 2208 974
2415 636 485
2303 28 450
2914 1261 908
1005 207 534
1718 1791 107
1711 2906 403
2918 413 687
2895 494 326
120 2906 23
2540 2724 47
420 803 48
2325 2979 514
2081 806 350
2190 2237 509
294 1729 721
1315 1619 672
1435 232 30
1392 2031 81
2641 2971 924
2911 2099 819
739 526 955
988 561 258
1396 608 479
129 281 71
322 2832 116
2517 1806 932
2257 1328 219
2579 1131 855
1558 1771 209
1944 1561 640
2792 2590 137
171 2448 250
309 463 902
1639 1063 428
642 701 390
1846 2421 773
2757 1912 172
264 1537 350
2478 1479 436
48 193 923
1485 2107 659
1942 2246 588
550 771 718
2910 1507 986
647 2942 439
724 421 24
355 237 888
1138 2715 780
1640 669 372
792 1525 37
364 2884 568
2463 2466 914
1649 1144 553
25 577 173
686 2726 84
2746 1869 676
37 2215 789
258 1747 754
1341 1699 104
1099 579 191
396 1230 889
2839 1718 156
2085 24 863
896 2812 654
79 1838 472
1106 1258 969
2595 2711 806
907 2103 971
1679 2628 911
1331 1733 393
2308 1087 107
926 972 879
260 908 902
2237 1300 672
352 1149 81
1932 282 381
2215 2945 244
2122 518 547
888 2420 465
2538 1020 786
295 483 821
2633 908 328
320 111 295
2794 1867 465
54 1694 135
1778 1320 915
2170 2301 502
699 1004 252
1425 2645 26
21 689 428
1207 848 568
2642 1646 47
2452 595 247
1444 2443 132
2373 2878 385
1429 1297 181
2281 1089 759
2355 2946 253
1772 380 434
2555 2991 3
1834 2864 98
643 1452 980
2193 2288 999
1799 1410 489
2340 1529 345
1706 305 795
2665 2671 33
575 1911 672
1884 2391 520
2078 2690 792
432 1492 723
318 2836 307
167 1012 854
1779 2748 200
831 679 476
108 2289 366
2666 2373 505
1543 1717 664
770 324 735
98 1173 604
2612 2429 882
53 1514 484
220 2728 30
880 2085 33
1492 1116 819
950 58 44
2291 696 262
1462 2773 993
1861 2636 990
336 2271 671
2226 605 422
1281 2517 953
2262 2007 429
2821 1297 305
78 2049 78
230 424 686
2724 362 380
782 2352 369
1494 2852 918
425 570 22
1472 214 628
324 2036 132
1822 614 991
2199 2511 617
124 2050 998
2702 1367 440
1133 991 771
837 834 866
97 2886 330
2320 1126 914
754 1728 584
1067 2207 19
2511 461 824
1290 1613 2
2145 753 416
2683 2458 235
2905 632 460
1028 2987 665
136 774 266
586 187 747
407 891 707
2038 9 519
2148 2479 520
566 1119 125
2866 105 745
2928 2822 719
544 877 79
2950 2626 311
145 267 604
2661 2638 364
2754 2461 693
2523 1432 870
2488 405 816
1927 2880 213
1318 1744 91
2057 971 278
1687 2828 616
884 1284 678
236 2358 15
1770 1142 102
853 1904 418
1049 1113 903
2923 1859 930
1909 1897 79
100 2888 414
2192 2165 540
665 2610 791
312 1864 533
500 180 878
1463 588 970
486 2166 664
1581 2602 797
2670 2380 539
1536 843 470
1401 776 301
2913 2135 41
1461 0 219
191 1330 389
1245 1712 978
2357 2812 540
2117 2660 521
1889 2284 339
1538 53 323
1266 1895 164
1938 2022 547
2650 441 349
272 2889 682
1348 1086 522
2799 1022 242
1634 593 750
1920 1572 475
349 2066 812
515 1002 810
2322 139 222
13 1577 165
2619 2190 261
719 231 350
390 2717 235
2356 1794 775
314 118 743
1036 515 766
557 546 205
693 2528 110
2689 265 380
979 27 706
1563 886 528
546 1134 496
2732 2692 568
1456 147 508
2432 1202 421
1800 2882 642
2509 1910 83
1613 1856 856
2282 2118 847
1928 1068 260
976 1216 72
1489 2376 970
38 965 690
453 1700 266
2625 288 535
941 76 97
1941 2119 113
418 568 747
161 2286 683
1437 962 54
1617 124 846
2591 177 805
159 997 22
2985 644 752
1793 2966 672
2404 188 204
1294 1233 403
2209 1334 739
9 2827 378
232 314 298
1098 358 720
2030 473 804
1163 159 854
340 211 606
1088 1448 886
740 2228 857
1314 2982 966
1019 2401 49
874 825 116
469 1723 581
2696 1549 707
823 143 760
736 2818 778
496 1096 507
916 2290 373
1935 2449 631
2921 2809 203
2502 1475 387
1382 1040 986
660 2568 687
1322 524 909
2922 783 746
2979 703 360
1181 810 988
160 1381 630
2374 1902 196
1546 2402 870
239 2437 781
1867 2801 664
2819 2133 323
953 1692 112
2672 2020 103
1785 2664 367
2158 370 27
2260 813 658
234 2583 319
2245 1416 948
1566 1264 941
1345 2360 625
863 1007 247
2278 85 630
523 876 337
1710 694 917
1105 1793 839
1383 655 594
92 1806 959
1901 393 697
1180 480 996
2727 1905 940
1137 2083 740
7 2531 310
817 1701 662
1468 2986 309
520 1841 67
1699 2919 198
1790 1900 11
492 2222 993
745 962 460
1939 24 20
1337 1470 102
1961 1827 142
2294 2098 735
2752 2499 913
2134 1840 553
2537 2586 890
1104 881 653
2496 1924 774
321 484 218
1379 2186 871
1570 439 201
2992 2247 967
2101 1360 466
2045 1774 449
1162 447 165
999 1123 583
1794 1769 431
2215 2161 322
1836 1391 542
2142 1742 719
1377 60 87
2424 1662 571
1032 2898 439
1413 2534 838
423 326 907
1182 1091 305
561 2438 374
1853 1885 332
1457 510 629
2278 2625 335
1989 982 808
1704 1709 11
1301 1187 599
2043 353 312
1695 2213 605
1698 2629 825
2187 66 838
852 271 102
2321 45 459
1597 2932 356
871 728 532
1574 1471 905
2955 2446 69
1255 2283 967
548 2866 139
139 549 31
1330 1623 337
2981 2162 727
1878 945 194
2184 2756 532
826 683 773
529 246 242
619 1060 365
775 12 898
1868 2733 362
2602 1143 421
2621 2426 439
2713 2152 248
244 2140 850
2165 1045 929
1881 2195 988
1321 2743 55
955 2823 225
1667 695 460
2275 2435 862
147 62 504
1525 1370 363
1978 2675 938
1631 2071 755
1879 1774 832
1238 2658 146
2271 756 594
2065 2243 841
2795 1164 362
1373 185 140
1344 2423 433
1831 2316 839
588 218 835
1689 906 644
1079 395 965
175 569 918
2807 2305 377
762 808 25
2825 1758 908
235 1736 681
2900 805 103
2025 2923 12
1568 1970 433
1618 2306 321
501 2855 801
1481 1874 367
768 710 26
2846 2593 928
1858 103 43
95 2703 714
746 438 703
2656 2172 102
363 2273 167
154 1647 633
2459 446 980
2124 638 551
2417 732 254
438 16 327
326 824 954
765 134 467
845 1575 367
2507 2618 948
2553 796 268
255 2291 592
1672 2609 412
1013 344 151
109 274 649
1628 2389 646
1608 1049 22
720 2747 69
2836 723 974
229 705 280
566 2660 514
2673 1306 823
1689 2651 541
2140 1770 423
2574 1157 693
2258 1331 491
2443 942 5
323 2407 894
1886 406 65
1484 208 799
1759 2079 850
2888 1273 213
2539 2091 551
1828 1854 923
2411 2743 277
2741 2427 226
1725 2413 356
584 2647 915
838 1965 863
1641 1077 728
252 1865 1
747 2170 709
1603 810 713
787 2996 34
2306 137 553
2699 877 992
2851 349 760
2831 47 899
2635 1262 881
1657 203 772
537 1347 445
2265 1316 272
2669 1751 186
1381 2010 784
1077 663 706
1298 2429 742
2000 506 804
1221 522 930
710 601 69
5 1319 549
2708 1194 979
1299 2234 205
2856 2598 257
566 801 386
250 2912 844
715 885 808
594 1963 545
1054 46 897
668 625 4
1922 479 174
2017 1867 937
35 1810 43
2305 659 652
1949 786 937
2014 503 788
2207 575 694
2217 1305 173
2545 457 303
2948 608 763
516 2563 695
2293 2311 353
2622 2817 863
1888 597 882
2467 1193 362
1659 1389 499
641 2811 334
712 89 456
1749 2780 761
1430 2544 107
849 197 471
2027 1589 421
1766 445 54
2552 486 24
1601 2089 30
2975 511 907
1823 2144 40
2236 2304 788
1531 426 438
1446 2433 858
170 1909 176
2720 2009 343
166 2924 687
2495 1843 159
1819 1694 346
894 424 69
122 2640 259
999 931 222
1508 1860 852
2920 2105 844
2185 493 494
2092 1664 563
2110 1966 837
2758 1852 71
2129 2009 519
903 1357 971
1653 2086 632
1447 1745 244
730 2830 24
518 2983 659
1805 2833 990
2685 51 768
802 933 342
148 1846 811
2760 2234 969
2614 997 670
1866 2840 330
2231 1579 834
1876 838 307
4 1982 158
215 809 839
327 123 482
2506 1857 112
2381 1899 542
1068 793 965
921 2734 238
513 1931 359
962 2241 447
353 1629 377
1540 2190 506
2375 2755 1
736 1924 956
2805 2562 912
217 2744 134
2148 2698 325
2091 1423 291
2963 1626 892
622 2751 524
1646 575 809
1832 1204 640
538 836 901
2551 823 153
2278 437 715
2730 1688 205
2440 1358 721
414 1071 974
1218 1870 492
2299 725 89
2138 1673 863
803 957 294
374 1914 423
1923 1261 907
1567 1518 227
1203 674 391
2654 537 69
2809 2163 200
2401 2490 834
1957 1321 693
2441 2230 436
1664 573 605
1733 2157 432
1307 1748 41
2246 1547 657
2392 2561 348
1898 1080 843
1323 2839 847
1118 40 635
1610 1306 311
860 2951 776
1519 2123 388
2234 430 419
1405 2342 911
1696 2734 224
757 1417 487
68 2580 539
2804 433 888
1499 1894 5
2113 348 62
1170 1102 228
2480 2053 970
1689 125 307
287 2172 96
1348 2557 322
2765 1030 785
1573 815 402
2909 2494 700
2205 2475 319
1158 2490 554
2311 1269 102
1177 1736 274
2695 112 519
94 2002 971
1658 2972 68
543 135 84
600 2361 253
18 1747 209
29 2825 624
1215 238 814
2902 1501 823
2423 539 383
313 456 409
1076 88 674
960 1670 838
2108 2858 2
1361 163 729
337 1450 293
2613 1200 101
755 1382 804
2929 391 327
1498 2080 633
2330 1391 575
356 1838 538
409 226 472
636 754 738
2730 82 203
2046 2534 459
614 2465 986
27 601 730
2407 2958 233
796 1868 948
2832 248 810
2040 2657 891
269 2066 275
1304 1783 624
2736 1757 512
650 924 764
2710 1701 393
2608 412 97
1 2200 339
184 1351 814
1128 2041 490
2270 847 183
1453 641 609
328 1465 761
750 56 517
259 52 824
1175 262 137
2308 1785 350
138 2976 150
2816 2376 764
1385 2007 740
268 1079 939
2815 46 720
664 2524 393
2857 1652 3
2353 483 424
426 1065 654
625 589 407
1089 2766 39
2395 554 107
1892 658 356
2319 604 600
369 1602 484
729 1346 269
1655 303 592
2869 1116 51
1605 1663 370
251 174 70
93 918 55
1841 2939 421
2394 202 833
238 2081 19
2631 2514 327
1746 762 602
1201 2770 902
476 532 156
327 868 492
2012 2310 760
854 1607 971
128 989 876
2351 2150 457
2246 1283 19
1992 821 579
857 1894 206
936 1277 259
1525 590 747
2481 1529 614
993 1949 640
2296 2461 680
2246 2534 522
2072 2887 960
917 928 210
2836 1522 201
1959 83 49
2392 1521 709
478 2306 617
873 1245 308
2264 2731 961
2714 1984 272
1143 23 414
2082 1476 65
2337 116 289
1047 1950 390
2729 1465 65
1280 2062 606
681 1617 149
2130 739 634
2455 383 772
1402 2627 672
990 61 791
1947 2571 57
1740 2257 158
570 1900 733
63 2197 440
2444 2408 887
1286 2748 428
2342 1257 518
952 413 808
1803 1123 369
2682 1100 727
1913 2385 8
2302 841 378
2498 1913 67
55 2104 56
2976 1928 221
1142 1676 303
2616 2759 705
57 1893 775
2428 489 679
599 225 307
1303 2761 818
2675 316 158
133 416 535
2084 2432 553
1461 315 206
2188 1980 616
185 1877 149
2018 2634 351
2847 150 491
1526 86 618
1969 1155 311
274 611 393
1296 1925 516
1897 977 962
2935 2436 114
2903 1703 409
1937 2638 668
2406 1899 451
2079 314 316
574 1549 742
1150 2497 346
509 1654 481
205 2477 866
1550 660 465
134 582 838
1691 1830 310
2471 819 785
2984 2472 617
1934 924 872
1549 766 335
2338 17 125
2599 249 847
1115 1453 446
2066 372 294
1030 833 511
189 455 974
2564 396 400
2211 2691 204
2720 1532 369
939 1125 245
1627 1945 674
346 2434 771
2089 34 193
2942 1731 267
578 2032 320
1450 1132 150
1571 106 253
937 2777 521
2304 1390 500
984 309 634
767 2149 735
2016 1274 365
1943 2123 538
1464 747 349
2523 2400 168
2123 2272 783
113 2391 6
630 1761 33
1816 2760 862
1093 634 139
2206 1872 783
1127 1037 981
2222 2220 55
304 2943 668
271 2615 360
781 2910 490
2761 1460 53
2405 1909 841
1638 1545 458
456 336 169
1847 523 93
1037 374 821
1975 1973 442
2468 1607 739
2550 1439 709
174 828 994
2763 289 338
785 733 632
989 1050 208
1438 2829 957
1492 994 801
1243 947 838
1695 1918 158
1753 2158 530
2862 1120 352
46 2678 83
274 1910 23
104 105 724
369 1404 513
2617 1014 58
1052 1972 74
1059 2934 938
2466 2774 189
1223 2147 658
195 294 390
455 1500 992
10 554 860
2153 1762 505
2567 493 560
760 608 327
1553 1266 488
1742 2216 228
2386 453 60
1990 2110 832
908 1578 533
1808 676 69
1267 1337 929
490 1875 472
1585 1246 55
1600 151 662
2675 1715 904
1908 2314 42
1882 2750 791
2436 63 813
2372 1515 445
2305 525 973
1374 948 259
2047 560 546
183 2340 847
1114 1354 200
1745 1315 916
708 583 829
1795 2962 927
1159 1795 68
2368 205 243
1849 1075 140
1057 311 269
1072 2755 992
1973 2692 143
2692 400 922
2446 93 50
2512 1509 794
491 321 631
335 1825 9
2767 1284 299
2413 1205 465
353 1835 452
2062 1392 860
774 1949 785
2088 2450 274
2998 2494 53
791 390 981
1860 2813 101
1151 2995 755
1760 2367 524
197 984 757
1101 1669 184
209 11 282
930 2677 913
283 1016 757
2230 1705 93
741 1750 153
1530 1817 254
1261 767 841
2472 99 976
2632 298 948
2785 571 194
2041 1433 326
2194 729 835
1906 1344 880
528 331 763
164 735 22
2086 33 484
2870 2969 941
2958 1214 621
392 988 120
141 1870 746
1761 286 200
211 2342 503
1651 1376 269
20 2407 910
1717 2245 714
1976 186 323
1864 1788 538
2328 2252 529
2069 2327 890
225 1854 362
1038 124 712
687 526 843
368 362 687
1409 298 859
1074 2208 348
972 461 680
1552 1331 992
951 1191 12
175 1455 472
1937 938 240
1486 923 635
2558 2626 840
178 1060 931
536 2314 504
2867 2331 208
2823 665 710
67 2724 8
628 117 130
385 2422 885
2723 2873 272
2896 1378 66
1034 922 589
923 921 244
1980 799 411
2637 2002 379
196 1675 125
2812 1440 316
1029 554 890
566 1308 886
2972 2156 434
140 2367 304
1338 2994 759
577 2337 969
721 1523 693
2233 2134 610
1470 1234 744
1168 1650 704
1894 858 200
870 2728 450
2940 2790 617
2658 1431 647
1680 1118 419
381 1967 140
1620 963 300
1996 1359 614
626 1403 999
12 2810 84
2791 2160 106
1130 2380 891
2368 518 560
2563 1315 843
1042 873 239
2368 1618 610
1473 1090 806
2311 715 374
1721 1614 135
407 362 863
556 578 949
1820 1588 109
1394 2339 374
1113 1940 146
1652 597 184
856 1151 93
1342 2388 267
1397 1699 702
1899 855 696
1905 2295 930
2606 2245 710
1773 1901 515
908 1951 675
2533 1882 613
1395 553 54
2761 2610 588
307 1777 437
1442 1559 376
284 840 701
2730 370 807
2361 2377 724
1358 83 468
2262 617 25
983 2274 675
2243 966 220
426 56 356
932 2261 768
510 1494 900
963 360 735
1491 2932 118
836 88 207
2249 1061 230
759 1010 965
2251 330 425
2849 742 691
308 2967 107
242 2990 771
2315 1187 784
464 1656 503
1743 2313 541
142 2978 594
2581 764 640
130 1200 41
2885 291 913
311 1873 253
2738 2529 533
2817 654 610
2032 964 574
2747 407 753
1154 2916 435
2780 1716 144
1883 467 191
546 2285 810
448 1737 106
169 2871 262
1035 2057 799
2332 821 459
1195 747 454
2994 2275 734
2392 2126 333
695 2597 870
2580 1952 930
555 442 101
2387 201 492
2520 567 65
2924 483 216
1051 2709 250
2690 1664 992
2478 1642 430
2274 1609 948
1970 1979 632
2035 1112 860
996 1131 542
604 748 134
841 210 504
1406 1960 279
2 2175 486
2370 1407 493
1872 743 254
59 220 946
969 2289 841
2956 258 797
1285 1001 363
552 2191 543
2952 237 670
403 1822 198
1259 1124 210
487 2984 962
1166 2219 128
689 1562 708
1855 580 798
1504 722 903
2692 943 20
2756 152 875
2518 2224 908
1103 1188 327
421 503 164
344 2249 455
325 100 922
2586 1611 360
132 177 477
1080 1357 262
542 1121 252
2023 61 292
813 2393 274
1791 96 983
2304 2917 696
2999 1974 731
694 106 595
1351 1427 943
2855 1511 24
965 1615 633
2253 2341 657
245 299 566
1415 1379 98
1856 2040 136
2939 2953 439
914 2880 38
1761 2669 377
940 2464 154
1143 787 456
2366 1788 636
261 206 448
2250 1445 581
2168 354 274
2235 784 918
357 814 57
257 1840 768
1974 431 763
2739 2516 271
944 2450 857
981 2798 845
889 1685 333
1380 436 648
2877 644 775
2399 2797 900
2075 2571 786
2740 2527 612
1764 1682 450
795 2280 7
881 1378 227
2044 2577 849
959 2264 822
2431 1404 469
483 1141 850
2416 2658 221
922 2177 844
2787 2598 808
2881 2654 127
1692 1011 784
1839 2824 682
909 158 296
1153 1839 154
1815 2959 251
2487 2004 457
1734 279 591
644 2860 977
45 621 175
1956 2893 606
816 2421 414
157 2159 1000
1567 1944 579
2872 2838 339
281 253 446
2556 540 880
2485 1950 194
2725 2915 782
1622 808 232
1082 567 513
1895 1109 398
804 2323 508
864 1588 896
2103 1930 91
1500 1113 839
216 2068 87
119 292 630
2547 1459 166
458 1827 914
1874 2949 440
1728 2000 119
567 763 270
1418 1506 606
214 1289 46
2826 47 916
808 2054 299
2218 620 658
1312 742 199
441 1542 183
143 1098 568
481 570 338
496 2735 952
607 678 730
380 2681 417
2316 1683 373
1410 2382 15
475 2398 28
2365 1907 936
1853 1254 616
2143 1251 798
512 2064 530
2528 1720 566
2813 2028 258
1075 14 474
1730 2831 330
558 2052 744
2230 805 979
1327 2583 374
1355 2591 537
879 2452 12
2118 1419 988
2458 1514 638
904 1029 37
2348 491 457
2776 2389 322
2127 2781 816
2080 1355 905
348 394 328
2859 514 197
602 399 296
28 820 928
61 138 644
311 924 744
2587 1907 849
416 244 80
1592 1932 951
2670 471 258
772 531 399
1702 1451 811
2742 1555 683
2967 1183 311
2305 1127 967
913 2204 124
1812 26 314
1209 1242 9
917 1585 171
641 1186 461
2261 892 985
1178 934 851
580 1295 702
1073 417 611
2508 2635 617
707 2019 950
1713 2757 5
1279 2597 91
1496 1408 592
2915 144 556
1874 2624 799
1083 2462 455
1851 521 21
2970 564 29
1078 1537 632
273 1221 489
2403 2151 355
2834 1648 321
2568 1087 543
1328 179 783
1204 2319 697
1848 2503 176
2892 214 958
734 900 302
2434 2888 284
228 1291 417
2398 438 505
1416 1333 391
1838 2640 536
2802 2397 425
186 1397 519
887 1445 712
2454 839 158
850 1666 339
1905 1913 794
1066 2842 259
2259 1604 392
1736 2946 946
1476 2778 431
1401 2447 324
278 2572 598
1459 404 519
378 437 40
2907 96 221
2052 716 623
662 2358 775
2593 505 100
2118 1294 74
2674 69 592
2930 553 229
168 2500 749
1064 1668 846
1139 579 626
2021 780 668
1549 489 211
2704 1391 387
1309 1956 307
2001 1111 166
1200 613 820
1434 1386 693
2263 1291 149
1774 1162 393
2061 566 556
882 1954 722
2250 879 401
1593 2620 26
782 749 664
1500 1534 143
912 167 818
1501 736 849
2620 381 631
1902 555 683
2854 2970 833
648 663 102
691 551 86
722 1925 737
214 1001 810
716 2119 132
1362 2788 35
941 535 874
1626 875 691
2611 508 314
2335 2406 856
1401 2694 954
1282 819 176
2262 18 835
2833 2586 833
1483 2109 460
1167 2530 740
335 41 486
1635 1915 484
1197 1548 773
2482 2161 983
367 2510 889
1041 664 174
1335 1652 630
1777 1030 715
2855 277 861
299 1265 810
1904 509 503
717 2865 751
1002 2686 965
2845 2578 329
1235 2072 521
534 1701 834
339 634 616
628 618 584
1739 2244 407
671 2974 2
588 345 882
1786 1615 711
1914 1020 829
1915 1484 944
2103 1444 354
2267 1929 116
782 469 36
1152 1882 985
2961 1232 9
2546 1226 89
1359 301 748
1268 257 776
1436 1774 531
467 2623 82
1907 2853 991
2721 2619 792
1439 1773 815
1094 530 949
2346 1860 340
495 1962 898
2814 1046 638
1482 536 373
174 832 529
726 523 352
429 35 532
1148 636 745
1030 761 568
948 27 722
2974 1348 793
2670 610 768
285 1454 347
2786 1813 174
2494 343 560
566 625 83
483 259 918
1033 562 844
1143 556 993
2596 2454 556
1968 2177 103
2472 1528 146
2509 1772 984
395 1058 46
1061 200 797
2239 704 508
2773 1990 848
1794 1431 366
571 2662 689
710 2445 441
1227 1062 208
1729 1688 986
653 656 66
2973 1469 421
1044 1313 171
800 1451 444
1818 1056 852
2822 251 666
1919 1749 367
2756 1707 199
1556 2322 748
861 2016 84
1523 1340 981
2077 2303 250
1890 2037 565
1217 2622 351
424 812 498
1865 2052 325
1278 1775 498
1559 1473 403
2618 470 113
1249 2800 967
1346 2238 95
954 465 853
1980 707 863
46 810 905
1690 1428 443
2655 482 807
1643 951 508
677 1680 5
2225 401 610
1874 1985 660
1813 698 71
869 1230 131
2687 150 254
2954 267 768
1648 436 443
15 547 403
1565 2329 45
1261 460 305
641 2699 651
317 1325 644
2817 301 922
2667 771 814
1068 756 905
2050 2488 320
2583 1782 878
1226 2122 593
2451 1923 299
1912 251 946
2186 842 92
1931 2684 17
151 2891 101
2279 2310 382
1389 1003 639
1068 1442 416
126 1959 170
2780 2757 158
1231 2931 530
331 1560 890
2124 1544 415
2196 366 271
289 121 102
158 2326 222
326 1213 534
2086 74 489
2273 777 470
2527 1604 309
2178 1848 595
1583 121 453
2301 2292 348
2105 2356 821
2358 2501 707
2504 2679 749
561 2743 667
878 131 741
739 1876 941
2311 2702 523
2578 266 222
454 59 251
2004 2772 512
664 1184 883
2701 933 575
1938 2644 115
1125 2889 386
656 2364 129
86 1787 140
2150 2951 157
1946 70 29
233 747 709
2466 1726 211
1278 101 816
417 2676 888
2283 2036 333
2133 1678 586
2276 1304 943
83 2915 552
2755 1239 636
2422 1197 754
2237 2653 490
982 1730 963
866 2648 510
2274 2362 259
971 2909 711
1204 929 631
2824 1041 18
829 881 87
2855 821 357
2173 250 194
2169 2185 491
162 588 700
2004 2950 673
2203 2173 424
1277 399 415
2219 1791 965
1276 1852 240
2329 546 466
530 697 969
566 2753 740
598 557 544
1191 1633 57
463 2100 977
402 1179 360
1708 812 893
2421 1144 303
2041 488 647
2167 794 832
1249 2094 831
64 2018 795
2097 1009 832
1384 1491 18
466 1735 111
2604 2243 545
282 1308 560
198 884 495
458 1847 838
110 820 457
716 2959 659
657 1342 215
2684 2016 567
2137 2379 349
2879 2288 21
1926 2148 409
2679 720 330
1920 1697 103
88 576 366
419 1467 301
458 2450 61
2124 1161 213
451 2011 735
2787 2793 764
1055 790 201
2232 298 811
2093 2577 852
2990 1705 325
1025 419 925
702 1775 681
2525 1045 474
1416 1726 472
1668 2197 998
2331 275 400
818 1040 606
2309 2980 544
1791 168 928
1905 2359 110
182 898 818
1328 1065 682
683 464 159
1669 2148 265
2670 1671 188
376 1441 168
1492 2662 951
2592 2252 613
406 2585 112
401 1675 255
1767 1267 140
947 1133 172
1204 672 493
353 1332 911
1632 2659 950
1278 2120 466
1525 2936 206
1826 2608 691
2229 927 422
769 2535 145
2133 2230 579
1081 2013 447
1189 2408 797
2906 1350 895
324 2339 339
342 2410 652
794 190 224
1966 425 53
945 646 737
1988 1029 349
847 1494 568
1823 1406 228
2646 1701 752
2693 2968 629
2472 1205 294
1950 577 197
2968 874 999
331 1248 151
1223 2468 876
2475 1753 425
1502 2160 401
2002 2248 282
397 691 549
2301 2536 985
2368 1969 426
2179 565 355
2020 459 419
1905 1345 17
2493 541 748
1236 2986 122
1287 1146 511
651 2889 871
1051 2098 915
2312 1582 368
1510 1871 968
1974 373 311
2181 2018 443
2889 1664 82
1983 1887 742
2234 1262 378
674 1742 273
1260 1968 17
1091 2714 838
502 397 138
2711 191 16
369 499 571
1375 824 571
1662 808 481
2934 1644 389
2982 1933 850
1216 1960 868
2562 325 96
814 1495 767
1190 2597 370
2020 2603 362
503 627 319
1014 388 793
1325 2553 839
1458 555 305
2420 1094 378
449 464 826
424 1596 664
1199 1994 885
2649 1280 419
2165 2266 533
1817 145 53
2180 2588 801
2790 2084 387
2246 1896 50
2712 75 870
1224 2532 953
758 256 51
553 395 512
789 2399 879
949 1986 943
498 718 94
270 708 894
426 1051 546
1443 786 231
1736 680 144
105 2700 730
2821 364 655
1674 1599 489
1122 232 334
1661 1922 483
1982 664 326
1907 1435 289
1085 1590 166
2363 1594 331
1587 748 775
2511 1167 290
31 2483 47
1009 2559 271
2499 980 548
583 328 522
2165 119 268
2087 2013 192
652 211 235
1703 463 503
2724 2060 141
2723 947 37
2532 115 182
522 513 217
1376 633 617
2448 2371 845
485 89 807
778 890 684
84 1874 858
1874 2008 339
1154 529 143
1984 1760 506
1871 2531 439
2148 2442 463
1110 2048 862
467 1053 187
1506 2777 246
2733 2491 762
1700 2071 194
1126 986 813
2645 1738 637
2939 2783 782
2497 2522 766
2214 1643 978
2109 812 884
2273 1860 512
2402 1943 199
417 505 320
1008 1928 61
2388 1240 509
2731 2987 879
1357 1296 799
1833 1682 481
106 473 129
563 2918 27
788 2034 913
26 1744 429
1523 1195 998
2708 935 100
1594 2216 488
1477 322 713
1551 86 601
1595 1168 67
81 2745 964
131 2167 930
819 2713 747
1994 310 443
299 117 47
1554 1672 997
709 973 496
1242 798 649
1810 254 565
1421 2248 387
2541 2226 310
962 1493 487
2288 2422 370
2464 351 797
410 2850 774
989 776 278
1987 2269 33
2733 2569 194
2720 705 352
2734 2957 943
889 1097 994
1732 2186 40
472 297 719
634 171 598
2575 616 241
147 529 805
173 2369 430
2015 751 694
1692 318 394
883 1225 928
597 39 853
1844 1017 403
2927 2526 785
1204 2358 15
961 1490 175
66 2173 428
1995 658 642
422 373 465
1200 524 743
2817 477 713
1754 820 237
2304 1516 153
1063 1324 728
1517 2159 301
2182 1265 971
2979 2845 474
2947 1450 815
987 2941 387
841 1900 336
2265 2918 392
1954 228 179
2570 744 276
231 2689 241
809 2768 397
1606 2548 891
825 718 443
658 2719 264
2588 995 287
2304 1563 944
350 1279 768
1755 1809 249
383 42 235
2878 2056 243
181 1586 285
445 761 170
1099 2480 674
1251 2972 72
2154 2325 149
1675 1686 525
2932 2960 506
1343 515 975
2750 830 872
825 2150 89
2605 1785 626
214 2139 693
1637 1621 171
395 2730 870
383 2074 912
444 913 1000
291 1324 621
2519 2346 717
2290 1402 152
2730 2495 875
2073 227 614
180 1784 211
1811 2310 169
2350 1066 127
2528 1964 506
2509 1386 215
2777 204 70
324 665 764
2528 2137 277
2531 1208 372
1838 2668 439
281 2006 382
840 1556 84
330 2115 619
2449 1234 333
1026 1121 385
945 759 421
2578 2411 44
2041 2510 563
1576 18 449
354 1513 76
2261 2589 272
1916 2844 206
1870 2345 621
1292 6 943
1632 1062 338
1993 1743 673
985 2406 570
2720 702 448
1098 384 476
2221 1824 362
918 398 555
1862 1455 1
2516 1818 27
2521 2715 233
2297 1142 684
1258 1829 769
1469 219 505
2888 1657 115
1921 2153 573
2261 2083 267
2523 530 64
177 194 997
565 2804 55
1702 225 65
655 176 271
2532 2138 945
1994 2764 540
2246 2307 557
2026 593 654
2989 549 732
265 2788 994
183 1387 617
151 835 939
714 1070 937
1636 2838 990
1084 175 108
566 1916 828
2478 169 116
782 2445 657
2509 440 199
2813 1025 562
463 2779 533
276 31 206
1056 2206 614
1249 606 376
1599 844 55
1149 2281 497
872 2742 818
2910 1665 840
46 388 146
180 91 201
1480 2298 176
2429 2102 151
1258 352 367
592 2643 318
564 154 148
163 1411 638
1840 692 518
208 2818 612
676 1147 399
1363 639 645
2439 2584 760
83 2581 524
1859 1422 850
1801 811 952
632 1977 834
1099 2497 289
1742 1087 825
2164 2924 964
759 1456 338
1842 2535 598
265 2923 424
494 361 935
1527 221 632
2630 1024 320
2342 1254 856
911 808 693
2821 267 700
744 733 817
1974 1366 868
2560 161 845
742 321 913
922 2969 57
71 2141 97
1853 691 476
2011 2792 319
1492 709 115
2737 1427 786
2677 916 451
2286 35 384
187 1948 675
1625 974 767
2716 1574 643
319 1170 748
890 243 952
2333 2137 412
2571 2194 910
435 1055 918
1244 1304 939
289 193 641
901 671 665
2162 2828 17
922 2915 592
289 2278 28
2836 417 594
2336 2589 123
1757 2722 308
2704 936 207
1372 2806 642
2658 1998 845
530 371 677
1579 842 416
967 253 53
2125 306 537
463 1313 122
1306 55 556
2300 389 840
2211 2112 625
1129 811 907
2274 1763 255
2489 872 609
521 1955 991
2211 1111 13
69 1242 719
1471 594 251
2670 848 9
12 1444 461
2160 19 992
1407 1229 238
2652 1054 316
424 1295 696
442 1175 124
2311 962 823
2066 2462 394
1797 1327 905
1994 1845 988
2958 227 615
1936 249 21
1089 1707 992
2684 2992 622
1588 584 318
474 1612 439
493 2988 809
640 2834 633
1169 1355 58
1895 110 245
808 1140 449
655 2718 169
1997 106 205
566 1399 262
1741 545 685
2298 657 129
1232 2636 783
2443 1138 701
1660 2343 235
494 552 212
813 2277 641
1043 1338 688
1450 2204 577
51 2820 119
1018 1977 705
918 1687 920
1069 1567 412
2197 2798 419
2708 642 189
1408 2680 863
1346 838 8
2159 102 702
1305 2222 598
46 1557 749
865 514 246
1575 1000 637
1590 1494 472
675 427 951
73 2771 359
2863 153 445
1412 2291 123
1040 2427 530
427 394 263
1420 2049 154
2324 2051 511
2222 366 296
924 2532 943
326 2316 139
710 2573 557
666 1611 753
1068 1457 481
623 542 595
2505 2479 25
1695 1201 632
1446 2575 943
1099 2267 117
2223 391 615
716 865 409
482 1198 903
1727 1616 337
463 414 161
2200 434 532
1012 93 532
2704 248 254
1030 1474 766
1661 1699 103
1095 279 771
1023 1005 26
1330 2290 504
2050 2517 227
290 73 203
1063 11 390
2910 870 878
490 1755 164
2836 1796 199
463 2087 950
597 240 12
2429 1512 49
1077 533 395
1744 1258 801
850 80 669
1867 164 116
2717 2217 845
1857 2541 26
1701 312 924
2708 2526 699
2211 1648 937
1589 2563 319
585 2450 698
1329 1408 695
2706 2878 445
2939 1128 891
17 2254 851
2937 36 822
1002 1404 87
958 2744 154
183 1009 329
1548 2654 716
1783 999 706
2246 227 24
564 107 796
814 1676 369
2750 2332 439
2460 785 349
1471 864 96
540 2835 593
2708 850 459
1736 1809 922
934 1546 540
424 724 895
2806 558 866
711 305 586
2051 696 188
1994 2437 438
1360 11 416
2473 1729 241
1514 1487 107
1311 895 719
1630 1392 161
751 1764 471
413 1597 376
1525 2535 160
1063 1515 915
1689 280 285
1407 376 720
2995 1599 926
424 2880 921
1438 1531 907
1256 1051 973
2354 1276 145
1408 1513 856
1369 2327 53
493 1027 623
1582 1655 483
941 1203 54
458 2906 780
2376 1019 489
1555 2638 710
391 1756 958
328 2435 290
1354 1645 111
494 2791 650
572 1441 563
1204 682 51
2327 1962 539
1191 2430 141
2123 2597 594
1987 1771 415
1046 1948 454
1701 511 949
1500 2186 488
424 1933 462
1220 1983 800
1970 289 633
464 142 43
670 799 821
615 970 375
496 1377 896
1838 2129 458
2464 1726 517
2684 2561 341
1310 2169 951
1728 2010 370
155 902 50
1650 188 28
2675 2192 499
639 1866 977
1470 1459 900
2682 2795 783
2596 1795 332
2050 624 467
2107 30 101
31 467 988
2243 2291 941
1856 2335 938
391 2905 641
1142 2703 75
1699 1659 394
1196 850 226
2062 2759 819
2941 2779 214
319 2931 831
879 1286 953
2730 713 835
564 450 934
2513 1035 243
1190 222 575
2528 1971 221
655 1991 391
2830 1236 272
2865 2420 725
1505 2039 643
265 2277 187
2484 679 413
29 1845 871
1261 620 593
1070 19 292
490 825 951
809 1353 194
187 2661 81
2755 2256 661
2019 2971 533
970 304 818
1211 711 251
2243 2546 127
1505 1306 791
2448 1365 796
369 1 749
1911 1259 734
1120 1620 783
1824 472 201
2311 315 390
2165 2624 565
88 2528 107
2875 1298 64
2777 1975 717
1077 1066 385
2912 1299 855
1454 2650 896
1870 2383 518
1890 2217 537
2776 2451 376
1098 587 606
335 2749 772
1689 1053 936
1727 1017 388
2131 2416 548
2237 2788 958
1967 1430 958
2509 1538 776
2141 2221 220
90 1023 392
2234 932 969
2412 2609 82
1146 700 801
106 1737 272
1135 1031 417
1068 2255 214
2731 2210 32
1612 241 933
1837 346 693
2726 211 347
2823 2354 913
1694 1945 115
433 2143 77
1145 2707 454
1974 2144 320
2317 2115 995
504 1942 173
2823 2095 275
2720 1452 355
530 2960 325
2369 540 895
2066 1925 160
2600 1676 775
1509 375 275
1967 2891 535
637 2321 43
2868 256 668
1712 2104 282
641 114 158
1271 1629 61
2091 2631 223
2331 531 631
214 2362 721
2937 834 195
554 1675 419
2033 1681 921
49 303 923
1862 185 492
2423 868 608
2972 447 661
2796 776 308
2208 575 893
494 684 832
326 2963 620
2503 1821 683
2670 2218 458
1416 903 918
2262 525 996
383 2418 507
2813 1866 851
974 2228 134
1987 666 142
482 155 654
1722 1198 853
1417 2951 862
2838 1304 501
2781 2802 781
2388 28 232
1063 1356 989
490 2942 644
2005 2644 762
2384 247 791
1984 1505 357
2583 1036 31
1798 1035 400
1131 2745 844
281 963 526
2443 2875 677
2787 1389 173
1762 2876 876
2728 104 54
2135 1469 712
1761 45 742
908 396 29
1075 2913 172
207 2377 215
1293 2812 24
412 432 189
468 1570 686
2986 1721 260
2594 1197 186
1448 1624 753
490 2011 579
566 1572 197
2586 1278 756
2588 2081 601
2159 2153 540
1272 1065 353
807 1004 956
86 1441 912
1393 1839 781
1830 1688 404
2784 2980 772
2401 1433 770
483 1982 402
2091 1365 118
183 2967 787
2733 446 599
2311 2121 843
655 601 733
2461 879 980
784 2409 184
435 2076 260
1612 802 795
1695 2071 192
2627 1650 746
676 1902 882
1533 2905 479
1701 1844 651
716 465 692
2734 149 869
2580 379 248
685 70 620
843 151 635
265 1585 148
2124 701 773
1599 1305 914
305 1696 374
1187 920 689
2808 2274 616
75 786 584
1126 2145 29
