3000 2998 1
1159 2575 5006
1143 2034 1
579 2090 2
137 1427 4
2754 2971 2
2689 1131 2
900 1880 4
2652 1387 2
243 2545 3
1063 1789 2
1355 1088 3
1558 12 4
293 2973 2
887 1702 5
1754 652 1
1439 2629 2
1196 1717 4
2594 418 1
1053 1853 2
1157 328 2
1083 1197 1
1741 68 1
2435 210 2
2141 2132 4
1415 303 2
742 1742 2
2663 1885 2
2376 2653 5
994 1161 1
2780 2806 3
1320 701 3
1266 87 4
1484 2058 3
2281 1291 1
164 2020 4
2197 1733 5
1607 1654 2
80 2035 1
899 2916 3
2094 2602 2
2659 678 5
1285 2281 5
66 1746 3
2582 0 4
2017 1766 1
632 2858 2
11 2155 2
1673 292 3
1895 2628 2
1393 2343 4
1327 1555 2
1389 2339 3
2594 2629 1
2967 1183 3
825 566 5
2394 2359 1
746 522 2
2300 174 2
2590 772 1
305 472 1
2042 2010 3
1405 2810 1
9 781 5
1686 1280 3
2335 1568 2
597 2261 5
808 1611 1
1956 505 5
2160 1879 3
2748 2524 3
1732 2453 3
389 2229 2
106 1483 4
2368 1572 3
1617 1798 5
2732 1937 2
2294 368 3
2823 1719 1
602 2073 4
1478 637 1
2506 1761 4
149 222 5
40 635 3
2962 1386 4
2965 340 5
1953 1384 4
2297 2028 4
615 2919 1
1871 1470 2
215 1107 1
2615 542 1
2957 962 1
659 1368 4
217 407 5
520 716 5
571 487 5
1727 2672 3
2033 784 3
1020 943 3
1009 1535 4
1699 602 5
2416 1976 3
2944 2276 5
872 2169 3
849 388 4
727 2261 3
1330 2298 1
219 2977 1
990 1535 1
562 1141 4
2953 1351 5
893 1227 4
2490 2428 5
2792 2566 3
1731 2063 1
2495 218 3
2166 155 1
2220 140 5
570 2871 1
2354 147 4
2177 1306 5
2367 1044 1
612 2076 5
1955 2465 1
100 1967 1
849 2561 4
226 2498 5
923 2918 5
2500 665 4
1486 899 4
2489 324 5
2128 1395 5
2252 573 1
687 1059 5
109 2635 5
1918 1941 2
2696 2551 2
2151 2336 1
53 135 1
2820 2238 3
914 2378 3
1079 1453 3
2010 251 2
1846 1603 4
2610 705 1
2618 2026 1
1782 2458 2
1807 2778 3
1296 242 4
2354 1917 1
2430 748 3
2684 2698 1
1943 723 5
1857 331 3
948 1277 5
1529 38 2
1815 2402 1
729 199 4
406 1293 5
115 2295 5
658 1286 2
1227 1397 3
2286 2787 4
565 2664 1
2275 719 4
136 108 4
1250 2539 3
1217 794 2
2154 1255 4
1411 1081 1
2860 933 3
2595 282 2
903 37 2
2528 111 5
2565 2761 3
1075 39 3
1857 1622 4
1413 2927 3
649 2711 3
2527 998 3
2136 2356 3
664 2849 4
2995 1423 1
2320 2353 1
2715 513 5
815 588 3
2023 2350 2
599 2267 5
1522 2306 1
2288 2733 1
1449 1815 1
1472 2070 4
2573 1159 2
227 2328 1
875 186 5
2638 2833 2
2416 2342 3
956 1238 3
766 2425 3
921 2475 3
914 1197 3
2273 1234 1
1344 1778 1
1922 369 1
2106 1466 1
846 123 4
157 1238 4
1392 205 2
2326 2550 2
2738 2250 1
796 2355 2
2463 2313 2
579 2384 3
2843 2170 3
1655 1694 4
2693 2598 5
1551 82 3
2419 628 1
1812 707 3
2108 1254 1
961 311 5
1091 137 4
2950 2115 5
2904 1223 2
1931 1237 1
2209 2089 4
2314 1571 1
1456 1818 3
1662 1233 3
1278 833 1
402 779 2
2253 1546 4
673 1693 1
2237 1463 2
754 1738 2
951 2442 4
2299 2956 3
1507 1312 4
1049 581 5
1014 1563 4
2473 184 1
548 1150 2
1537 484 4
266 812 1
466 22 4
165 1764 1
170 2016 1
2536 1972 2
357 1563 1
272 1447 5
585 2365 1
2521 2839 3
1206 2548 3
613 904 3
1209 871 3
131 2817 4
1681 1988 3
1168 2261 5
371 2087 5
2036 1269 3
324 1215 5
1668 1021 3
682 197 1
1503 697 5
942 1481 3
1480 1324 1
2228 1174 4
910 2798 4
460 498 5
1698 807 1
2393 189 2
2747 1329 2
1078 2165 5
2735 528 3
74 1126 3
1729 2883 2
679 275 4
1215 1610 1
736 865 1
1495 277 4
600 61 2
1737 1952 5
1115 341 4
414 1902 5
542 1901 1
663 1319 1
2838 823 1
56 456 5
1063 1392 4
89 2510 2
1365 409 1
7 876 1
2287 2481 1
1321 2614 2
468 1036 2
1730 2072 2
1759 1565 4
2603 2213 4
1071 300 1
1077 839 4
1105 1408 5
2095 1597 2
1743 337 1
2535 2296 3
2070 1611 2
1241 622 4
396 138 1
80 872 2
715 321 5
2303 188 4
1205 1316 3
1880 2031 1
2740 2224 4
31 2679 3
2996 459 4
1849 780 1
508 403 5
97 968 4
1416 2681 3
2644 2226 2
55 1179 3
2859 1020 1
2795 242 5
1015 645 1
188 434 4
912 619 2
589 1542 1
1715 1502 4
2248 1748 3
808 2842 1
128 2398 1
146 2013 5
1508 1968 5
20 1260 4
45 2856 5
2395 2437 5
1344 240 2
2417 2718 4
2727 16 3
591 1373 2
1652 410 5
1485 2964 2
2748 981 2
2868 857 1
1451 1549 2
2789 559 2
2640 1992 4
2210 212 1
347 2111 5
1504 1010 4
513 2157 4
2542 86 1
2140 118 3
1258 232 1
1137 1727 2
2841 327 4
2428 966 2
29 119 1
396 1292 2
2751 2668 2
570 703 3
1298 1721 4
1996 2155 1
2238 1937 2
408 2999 5
2340 2739 3
1158 224 1
1630 2288 5
654 498 3
2363 84 2
1685 1226 2
1981 2116 3
948 960 3
273 1088 3
1318 1666 5
379 393 3
873 2597 5
2274 1005 3
837 2208 1
69 2561 4
1294 1136 4
1574 2362 4
1248 2212 1
2106 1704 1
1908 2427 4
929 2969 4
1453 995 4
1005 2789 3
2721 98 1
2667 960 2
1256 1349 4
799 2913 4
744 2014 5
349 1916 5
1831 782 5
2817 501 1
1650 383 4
1249 1792 1
2441 2296 5
1380 465 3
510 1089 2
2484 937 5
1692 2413 3
2257 1139 2
2340 597 4
828 2692 2
2275 984 4
287 2185 5
1851 75 1
2677 574 5
901 709 4
2778 1437 4
1481 502 5
2562 2278 2
297 2621 1
1941 1431 2
843 2455 3
122 2252 3
2527 1608 4
1596 2837 1
1656 2874 3
1564 821 4
1844 1828 1
1344 2033 5
2549 241 3
1266 867 4
1663 2456 4
2612 2301 5
1750 1927 5
2186 2936 1
1359 730 4
2080 211 2
767 2256 4
2979 261 5
2192 2180 2
2103 1579 5
972 2972 3
1476 381 1
1599 1035 5
1367 560 4
2262 2201 4
1854 703 3
1924 2459 3
2214 786 5
999 166 5
1119 429 5
2061 1002 4
84 1401 5
1166 2592 5
521 1991 3
1893 2282 4
1028 1217 4
2719 420 1
1717 653 5
256 1312 3
248 56 1
1220 895 3
1230 551 1
2080 1923 4
2538 215 5
416 1102 4
435 1547 1
2705 2908 2
522 145 1
1465 706 3
2803 580 4
694 2481 2
549 2446 3
1581 2069 5
2635 673 1
2142 1710 2
1979 732 1
1531 526 2
935 2529 3
1887 341 1
1417 1384 1
2828 64 3
1032 1974 2
1221 382 4
1085 1478 2
374 2109 2
2746 1187 3
134 2013 3
1375 2886 2
224 1469 2
105 1493 5
549 360 1
1094 429 2
608 713 4
1106 2293 3
648 1177 2
163 1585 2
2593 1506 1
436 2039 5
1390 1026 3
773 1615 4
304 2205 4
1829 2992 3
1276 516 4
1542 375 1
380 1555 5
2795 1483 4
2094 2703 1
785 472 2
211 2131 5
2616 24 2
90 2794 5
1122 2205 2
2334 453 2
1724 967 4
2924 2105 2
2737 437 2
1811 301 3
943 5 5
1632 1569 3
1401 302 2
552 190 5
520 1909 4
765 550 4
2056 2428 4
177 1935 4
1837 1962 3
2409 461 1
161 2912 1
357 2947 1
1136 721 5
1644 2046 3
621 2880 5
168 1873 2
2196 2077 5
1810 2048 4
297 1369 5
1527 1271 5
1674 2161 5
996 2003 4
2283 2494 5
759 2532 5
2167 2670 5
1616 1601 2
1419 920 5
2514 143 2
554 2634 4
1578 322 3
2830 2421 3
2086 2648 3
404 1378 3
1537 2162 5
274 1070 2
1677 2182 4
763 1882 4
1219 2713 5
2957 980 5
1562 2101 2
2971 545 4
661 2408 3
2721 2695 4
2607 725 4
1804 1765 2
1357 1633 3
2462 418 4
334 2207 1
1657 971 5
1287 1680 1
2876 842 4
2204 441 1
100 1047 5
926 1359 4
1477 2348 3
2183 1289 5
1839 625 1
916 1508 4
1599 1409 2
1757 2826 5
1702 1413 1
2404 591 3
2584 1486 5
2023 834 5
1114 2853 4
1124 2189 3
583 1825 2
1800 2933 2
1936 1862 4
312 2432 4
2040 2001 1
782 1751 4
1003 1299 3
90 702 5
1243 2113 2
679 2799 1
1930 1048 4
1429 2255 2
811 2613 3
651 688 3
51 844 1
2617 2119 5
1647 1141 4
1888 2443 4
48 1165 3
1762 338 2
1382 1342 4
221 2984 4
2305 807 1
2604 1894 3
1840 2632 4
398 1023 5
907 503 4
779 95 5
2837 415 3
1865 2308 2
722 2098 5
124 1959 3
2230 2887 3
1644 1555 1
1665 2367 4
2601 2015 2
1409 1525 1
52 586 4
2933 897 5
2818 2138 1
2307 2854 1
772 1202 5
2829 736 5
1635 2242 1
2104 1542 4
1136 1575 4
694 2588 4
1300 2071 3
2906 2997 3
2104 857 5
1345 2553 5
296 1144 5
2728 2990 1
509 2628 2
2558 317 1
1540 1126 4
2118 1139 4
2210 2394 2
866 644 3
1797 2019 2
221 268 5
2127 2311 2
2016 1390 2
2499 1371 5
35 112 4
2054 1304 3
892 1048 1
2886 637 3
2336 978 2
2040 2963 5
442 1046 1
1303 1432 3
655 505 2
1311 890 3
2766 1982 1
2722 277 1
1275 488 5
1939 1997 1
1484 496 5
183 165 3
1095 469 1
2954 2519 2
2120 1809 4
1402 2768 4
1162 1590 1
2143 1507 5
959 2121 3
185 1192 1
1068 485 1
1258 1949 1
2992 791 1
2482 1160 4
1024 1650 4
806 2922 5
2089 1195 3
990 151 5
1791 2452 1
1756 2637 3
2946 1700 1
1109 774 4
1423 1643 1
734 1994 4
2701 1188 1
1914 2146 1
1779 2124 3
593 1954 3
2736 1003 4
1589 969 1
2679 2657 2
2472 1317 5
521 672 4
1796 1191 3
1729 1394 3
816 568 1
1900 650 2
2533 1903 5
2153 1898 2
1504 2074 1
2434 1446 4
1203 760 1
1311 1541 1
2802 771 1
417 630 5
1064 2986 2
439 467 4
2562 1150 1
2367 567 2
2105 2624 4
2341 1597 1
533 2291 1
2496 1387 5
493 2147 4
847 96 1
991 2835 4
2205 2826 5
899 688 2
1906 1848 1
1694 760 2
1228 925 5
1522 2179 3
1938 925 5
1111 1588 2
1086 419 5
1067 2208 1
1366 2382 2
2587 1128 3
1838 2137 1
1586 1763 1
2962 2827 5
761 773 1
506 2403 4
2889 532 2
2431 154 1
2249 674 5
1640 1076 4
539 779 5
1056 121 4
673 2821 2
2935 2765 4
1351 1510 5
2008 1753 3
2529 1548 3
1584 1411 3
1050 468 5
2627 1552 5
698 470 2
2585 1540 4
1544 526 3
973 2150 3
445 501 5
2140 1157 1
2914 43 2
626 2662 2
512 2998 1
869 1163 2
2312 2277 3
49 578 3
742 1523 4
1577 1808 2
2488 2144 3
1731 2437 1
2385 293 4
2716 1100 1
1519 1596 5
2775 2958 4
544 1270 1
385 1576 5
2217 2171 3
1550 285 2
2696 207 5
120 1534 5
1370 1359 1
2845 1735 4
21 2864 1
2420 2002 2
946 2891 3
193 1650 1
1077 1442 1
990 1820 1
1183 1167 1
2321 1817 4
1303 604 4
1799 2251 5
1498 26 2
1859 1181 1
419 647 1
554 2684 3
192 2316 4
1115 768 5
1849 2426 5
2832 749 3
1999 1016 2
411 1006 3
2178 1573 2
13 799 1
262 290 5
1623 958 1
1368 2809 3
2180 1208 4
2997 405 3
272 968 3
1554 2631 3
2504 753 4
1385 271 3
2896 1969 3
2659 101 4
2298 2314 2
2486 135 3
2612 492 2
321 133 5
1572 2622 3
825 2702 2
2309 507 4
1744 364 3
1206 1132 5
891 31 1
1002 1663 2
1492 834 4
2393 1906 1
391 2445 3
859 425 4
2174 384 2
1231 1452 5
2240 56 5
1760 717 3
103 794 4
2595 2544 3
2988 2239 3
2908 1570 5
1496 1877 3
751 1591 1
1992 2138 3
1013 264 5
1854 1685 5
2073 1875 3
2315 2932 4
2910 1209 3
1906 1583 2
2882 480 4
519 1641 2
739 1412 4
680 195 4
846 1116 5
2068 687 3
370 2858 4
1539 1798 3
2285 1098 1
930 1156 4
1692 2422 2
2231 1322 1
1907 1824 5
685 19 4
2395 1643 4
1784 830 3
918 463 1
540 1117 4
2175 1019 1
1885 2625 4
139 2512 5
1452 823 5
209 1237 5
1781 446 3
1510 1224 4
770 2793 1
2108 2415 4
803 571 4
284 1684 5
397 511 1
2686 2047 5
2766 803 4
2473 1767 5
2075 2310 3
1420 576 5
941 1828 2
2965 742 1
282 2524 3
956 2185 3
1045 377 4
2691 1338 5
2014 1977 2
2146 1099 3
1951 420 4
519 911 1
1955 2623 3
739 2057 5
2319 860 4
2556 2407 5
2962 2454 3
1211 976 4
1412 2843 1
2052 2519 3
182 1776 3
2242 2989 5
2773 1589 3
1421 1468 3
2674 527 4
1139 1422 1
805 1703 3
68 1983 4
1533 2726 4
65 2881 4
2801 932 3
2619 1174 2
993 1135 2
2466 728 2
1241 1727 2
1066 2776 1
1522 1438 2
220 1519 4
2044 696 2
2865 2727 4
232 1042 5
2658 2635 4
2959 2147 2
2509 126 3
2078 86 5
1378 1513 1
349 932 2
146 1582 3
2642 499 4
939 1723 4
312 1228 4
2769 2133 2
25 2085 1
2313 1103 1
26 469 3
438 682 4
853 1770 1
1239 934 1
2156 2077 3
169 2204 4
2381 2120 2
346 2102 4
535 2813 5
338 172 1
2161 477 5
2792 2899 2
1425 462 3
2597 2917 4
2764 1109 4
2879 475 3
765 187 1
65 2759 2
17 2413 5
2053 1832 3
104 39 5
1619 1816 1
1441 1609 5
2405 2288 1
1780 2264 5
249 1569 3
30 2791 5
1511 1985 1
1381 281 4
2833 1134 1
62 2655 3
668 2488 2
1372 1497 5
368 2173 5
1100 178 2
804 2403 2
2158 928 2
919 2865 1
1885 290 2
1306 1252 2
1352 177 3
2578 265 4
906 1055 5
529 266 1
1207 162 3
771 1831 3
1424 1313 3
737 362 2
676 1500 2
1033 1878 3
1966 2677 1
162 693 3
1341 1444 2
582 895 3
1772 1788 3
835 156 2
1232 2848 2
1001 2633 2
1758 1942 2
1961 1732 1
464 657 4
1088 32 3
594 1556 2
1331 2306 2
2011 2486 4
617 1216 1
1426 1328 5
387 1598 3
1041 633 4
1257 313 5
1782 1964 5
1759 2819 4
102 840 4
1205 1075 2
699 1913 4
1980 790 5
2955 2675 1
1484 1160 3
2179 1172 2
1603 977 5
858 519 5
1821 2810 3
330 510 4
1090 1823 5
2235 2130 2
1042 2107 1
2098 2940 2
1218 1 2
2232 1212 4
2029 2975 2
715 2559 2
2516 2942 2
1106 2257 1
2805 1479 4
1125 1753 4
2636 2567 3
1146 1821 3
1923 841 4
2288 2477 4
878 2943 1
1430 2270 4
172 1882 4
2690 2181 2
1546 894 1
530 159 1
826 114 5
325 945 4
175 280 4
2580 1245 2
439 2723 1
2521 775 5
265 1314 2
1577 473 2
2756 1290 4
2027 2599 3
1236 1054 5
2282 2480 5
1621 1978 2
1147 827 1
347 72 2
2536 2092 4
2783 1877 3
2670 526 4
2970 263 5
598 297 5
2086 552 4
2641 734 4
1387 1805 1
936 1488 3
671 464 2
359 1601 5
2556 2936 2
117 630 2
2366 1019 3
2388 2700 5
424 1420 3
832 2509 1
1500 1410 5
2250 1185 2
389 306 2
1517 2790 3
1309 2699 2
1436 1171 5
2675 1475 4
2731 1675 4
1585 2060 1
490 2115 3
2469 896 1
2450 1594 4
1124 2753 5
1529 2651 2
615 1535 4
1245 2329 2
683 2948 1
2003 2892 3
1346 2853 1
2379 2019 1
2650 2888 3
318 2195 1
1143 2279 3
1629 1847 5
572 786 2
863 650 2
2480 779 1
934 2821 1
1736 2468 5
392 1170 1
692 2969 5
2694 2270 3
909 556 3
992 2265 2
1083 454 5
1265 2175 2
355 868 1
2417 753 4
662 2987 2
2173 126 1
1806 1482 4
66 880 2
76 1661 3
261 217 3
1186 1851 2
1793 2882 4
453 285 4
989 1340 2
2245 2630 3
503 700 5
2253 819 5
291 2467 2
2033 2307 5
490 2110 3
2218 666 2
669 1707 4
55 2114 1
2824 1485 2
941 935 2
309 148 4
366 714 4
2778 1610 2
315 1852 5
234 1724 3
2244 75 2
1676 2909 5
1790 254 3
2918 2091 1
1791 1565 4
787 1672 4
281 2237 4
161 1166 2
470 2596 2
2443 2396 4
1558 866 1
2365 502 5
517 2856 5
2811 2449 1
1634 1796 3
2944 350 4
1290 926 1
194 2223 4
1021 1889 5
1127 944 5
638 1379 3
1274 1781 2
1625 890 1
1529 2364 5
2507 852 1
464 2328 3
152 525 2
702 2505 3
1845 1238 1
1140 793 1
877 1250 4
1581 1980 3
2935 546 2
2383 783 4
1215 871 1
2621 1975 5
684 79 5
1710 162 2
2777 2796 5
2349 2009 5
2869 2255 5
718 2506 1
2903 541 5
902 1786 4
423 2211 2
745 629 3
1577 1887 2
2822 2356 5
358 1688 1
764 2595 3
1919 2925 4
2507 1331 5
606 2037 4
2034 432 4
937 1086 4
353 2234 4
1457 250 4
2264 1995 1
1614 1022 3
1087 1106 1
1135 1929 2
399 2481 4
2521 1061 3
588 826 5
2059 1263 5
1379 1660 2
599 524 4
1731 1836 3
744 2501 5
1891 2833 3
1651 1372 3
2086 2470 4
1582 2492 5
230 2910 3
1275 2047 1
1784 2338 2
1958 1701 2
2301 1108 5
2178 118 1
1944 302 3
2436 694 3
2233 179 4
486 1403 4
2511 1450 4
1425 974 3
2980 881 1
1123 680 1
1792 1180 4
2084 2235 1
2817 1423 3
1414 1067 4
955 2299 4
1568 577 1
2654 1697 1
2024 1149 3
885 397 2
2066 354 5
1842 1756 3
283 1458 3
1362 2060 3
545 3 1
335 2987 4
1038 2610 4
1645 910 1
2876 1728 2
171 627 5
40 1899 2
986 2850 4
1839 678 2
1455 2006 4
1713 1143 4
390 2836 4
1270 435 3
2985 719 2
259 2525 2
2942 862 3
1604 144 5
1148 449 2
732 1335 4
286 726 3
569 731 5
2742 2701 3
1960 1305 2
1252 537 3
1884 2176 3
246 1267 5
1344 480 3
2067 152 2
2574 270 4
2673 1350 3
172 1325 4
1763 697 3
2122 1129 2
1264 2555 4
1855 2673 2
2580 2433 2
1795 2557 4
726 778 1
648 2273 3
2281 2395 5
2782 149 5
2089 1636 5
2000 19 4
2406 2221 5
2361 1310 3
1253 1434 5
2018 1272 5
1905 1407 4
2956 2885 3
2188 384 2
456 1364 4
2067 252 2
2863 873 2
2618 2552 3
1379 957 5
1769 1022 5
2851 2005 5
1012 2386 3
448 443 5
1803 2516 5
938 1049 5
1120 1098 1
2066 1830 4
1487 607 3
382 1932 1
1240 2409 1
1155 2098 4
439 133 4
2757 1215 4
1391 916 3
593 2517 1
2192 776 2
2388 681 5
949 34 4
450 2243 5
2012 749 3
15 2564 3
818 1254 1
1833 2840 5
880 2346 2
1523 896 5
308 1822 4
659 2834 2
2344 1623 3
4 2840 3
447 1189 2
1516 1214 1
1461 481 2
1133 562 3
661 1452 1
810 2299 5
246 471 4
1685 1921 1
2888 2457 2
2521 2435 4
342 2522 1
2831 468 2
1773 401 1
2523 1813 1
2788 48 3
1510 1259 1
1062 506 3
422 180 4
1925 1242 1
1690 2821 4
1700 213 5
1223 2847 3
1788 1374 2
1878 2720 2
2232 632 1
57 1069 2
1288 1870 5
2709 817 5
762 2215 5
2884 1955 4
631 1225 5
793 1462 1
2741 1748 3
121 400 2
2903 2687 5
351 2292 3
278 1920 5
2877 2093 5
172 2085 2
2007 476 1
2930 2683 2
2468 1097 1
1428 2049 2
2357 2854 2
2554 2347 1
2601 827 3
2427 2497 2
2366 1406 5
2891 2109 3
2574 870 3
1613 1669 3
2380 175 5
553 1566 5
1695 2274 5
1629 1884 5
1031 2375 1
1993 2913 4
789 2781 5
2064 634 3
1593 1321 1
2939 1281 3
1244 2747 4
2969 1308 1
2981 1182 4
76 1775 4
43 2246 1
148 2745 4
306 2772 1
398 191 1
954 2146 5
733 482 4
1687 1729 1
2652 2132 5
2383 1678 2
536 379 2
1300 483 4
1414 2444 5
424 2241 2
521 1120 3
959 2678 4
1400 1332 3
1802 2616 3
674 2289 4
985 2717 1
1221 431 4
305 697 5
1044 1609 2
294 1911 4
2216 1431 2
1111 423 5
2844 1498 1
496 1926 1
27 2478 3
1367 1404 5
2097 2123 5
2849 235 4
54 1721 2
2190 2451 2
1862 2600 3
1446 2039 2
1204 1185 5
713 2119 3
1657 901 2
923 1248 4
2579 1187 4
337 289 1
2808 1722 3
2825 1227 2
1872 2220 5
209 754 3
333 2227 3
78 1018 5
484 2748 3
295 363 3
2816 392 5
1755 2209 2
487 2503 4
2999 412 1
1180 2361 1
153 242 2
871 485 3
884 1989 1
2479 23 4
633 1222 2
1927 1580 4
202 365 4
2749 1667 4
556 1720 3
873 1169 2
2412 2812 5
2269 703 4
101 1357 4
1474 1463 4
2691 623 4
204 1470 3
845 970 3
366 2225 5
1739 1039 3
618 2413 2
1500 247 2
68 2826 1
2706 1041 2
8 2760 2
1380 1303 5
2941 345 5
2713 758 2
366 1418 1
1943 303 3
2418 2603 5
2762 2584 2
2890 645 3
1336 1219 3
516 1827 4
1691 1073 4
950 786 1
208 88 4
2184 2333 4
897 971 3
2897 2051 2
1205 1881 2
2583 1013 4
167 1031 4
50 1950 3
626 2745 3
2719 2840 2
2062 406 3
1515 2905 1
2410 2574 2
1912 279 4
2868 1376 2
2508 2880 1
573 1841 3
458 1453 1
2804 2948 4
1779 1211 3
1052 2153 1
1746 678 1
1835 2578 4
1804 2773 3
41 1317 4
2702 1184 1
2268 1420 2
2369 2630 2
2525 2569 5
992 889 1
2042 127 3
682 1603 4
1618 2620 2
1186 769 5
366 442 2
1658 160 5
1850 1096 5
1113 2081 1
598 2695 5
2784 690 5
2247 1787 1
1389 2460 3
750 1386 4
2325 1814 4
534 316 3
814 686 2
752 2737 2
2682 758 1
2763 73 4
2878 2875 4
2113 2121 5
23 1551 5
1627 63 5
1210 2059 3
2387 2371 2
2420 1672 2
2901 332 2
913 1886 1
1536 1279 4
565 1518 2
2668 730 1
2800 2332 3
711 699 1
2411 1043 2
1524 395 4
851 766 3
2749 890 1
373 1252 5
2661 1812 1
386 352 1
2984 1273 2
2292 696 4
496 269 2
143 1178 5
1628 1102 4
2606 550 4
621 2009 4
2929 2477 4
1467 2723 1
156 2515 4
2557 2887 2
495 1644 3
2490 2991 2
1173 847 1
1777 1594 4
2622 797 3
2103 1501 1
491 625 3
547 1250 1
636 1007 4
228 555 3
1998 930 1
970 1990 5
1620 2206 5
964 2894 3
2072 879 4
1377 2184 5
2576 429 5
107 2444 4
2631 2090 5
2152 147 3
1216 737 3
797 2588 3
121 2431 4
461 1058 1
1819 2518 5
2397 2798 5
1258 861 2
2873 2387 1
1343 761 2
1716 1010 5
1105 1416 2
893 985 3
1037 2447 1
713 2029 1
29 426 3
2735 2632 5
1383 2479 2
2782 799 1
1528 1145 4
2890 1130 4
487 801 5
2576 2931 2
2307 2582 1
2295 2180 3
1676 2037 3
141 795 1
2136 2674 2
546 711 3
2446 1460 3
1264 2560 5
1945 1497 4
2022 2921 5
2142 2971 5
1528 2190 4
1313 2883 3
7 258 5
1812 1229 3
1610 795 1
1666 1848 3
886 2969 2
438 1348 3
60 1313 4
1049 1514 4
225 2351 5
2439 2071 1
1997 2 1
1954 2811 1
1946 1896 2
201 854 5
2801 2974 4
2327 1235 5
1010 757 1
2333 2321 1
1679 1424 3
2716 1747 2
691 2023 3
1481 1706 3
2448 1933 2
392 1812 4
2055 1310 5
624 2354 4
1302 1736 2
626 2022 5
177 809 5
2199 36 3
1072 1202 2
2777 2665 5
2787 1963 3
1986 174 1
2316 2408 1
986 1158 3
476 366 4
1900 1485 1
884 2926 2
1104 478 1
2589 384 4
895 2376 4
551 2094 1
1250 1950 4
2336 336 2
805 1637 4
459 613 3
1545 828 1
1697 2377 4
1714 2812 4
1823 1321 2
1507 1194 4
1146 1062 3
2559 2907 3
2028 850 2
2620 2741 3
459 588 2
2774 1271 1
541 2850 1
307 2786 2
2110 1234 3
2291 1632 5
1963 813 5
1553 2203 3
2808 2643 1
1726 634 1
2822 1730 3
1538 983 2
159 2631 5
2704 2302 3
1725 2512 1
1256 2558 4
1241 1280 4
1934 1384 2
2771 1220 4
710 1045 5
1868 2626 3
829 2145 3
323 2423 1
1152 257 2
1131 84 5
2611 2867 1
531 1387 2
2815 216 3
2575 807 3
1863 14 4
1684 255 5
738 297 5
1859 1039 2
150 257 1
822 1766 1
2609 675 5
1011 2680 2
2547 18 5
787 708 5
2970 643 5
1354 2628 2
2127 585 3
158 1485 5
2148 674 5
2165 2556 3
339 1855 1
1699 1549 3
2893 2275 3
1066 1171 2
1649 2125 1
646 2867 4
2500 1008 1
2231 416 1
245 214 3
1217 2547 3
810 418 5
2145 1454 5
1156 987 1
1538 704 4
450 91 5
1812 2949 2
2669 2425 5
2453 2612 1
773 1030 5
979 1242 5
392 1044 4
2664 2565 2
1521 1527 4
1752 1188 5
2054 1164 5
1825 2419 2
1473 1981 4
1659 2533 4
231 821 1
540 580 1
2680 188 5
2034 2534 5
194 2520 4
162 741 2
1774 1399 5
1940 1749 1
2567 1775 3
1117 2340 4
1361 1093 4
1911 144 1
1096 2712 1
184 621 1
1904 285 4
1142 385 1
731 2161 3
2773 2245 3
1731 422 5
1296 606 5
2951 735 4
2201 2997 4
1081 2714 4
1997 888 5
2777 860 3
1815 630 4
105 2790 5
2495 2224 2
2911 1149 5
1814 1029 1
1479 736 4
1101 305 3
52 2393 2
1170 2124 4
72 1459 5
2669 276 2
2587 2133 1
802 2646 4
2463 2856 4
1319 1299 5
2986 2298 3
1734 610 3
2734 1114 4
2363 826 2
71 1696 5
2683 2779 4
428 660 5
1491 413 3
2792 2769 5
2800 343 2
2774 125 1
1967 158 4
2743 2548 3
1605 2096 3
1578 2930 1
2047 948 2
2577 1502 3
623 2290 4
1070 1253 3
2690 311 5
1096 49 5
2537 1014 3
695 2474 5
951 113 3
841 378 3
1342 42 1
2988 683 4
2604 592 2
1283 1986 3
113 59 3
2295 2163 3
2729 2688 3
2955 229 4
1141 2650 2
1031 1027 3
246 898 2
1201 2848 5
1294 2362 2
2934 2446 1
205 1093 1
13 2710 2
267 1360 2
2368 2285 4
2980 2491 2
1536 1339 4
4 267 4
1906 1865 5
921 677 3
2440 1199 3
1023 2531 3
571 191 5
720 2869 5
192 1894 4
1283 1255 3
1419 2212 5
306 1985 4
2770 2514 2
1347 1782 2
1626 455 4
1151 452 3
2813 1883 4
1910 2697 3
1474 318 1
506 1247 4
158 1587 4
1109 208 3
233 1341 4
2198 2730 4
2828 820 5
645 332 1
2065 1863 5
940 2272 3
1782 756 4
1946 1124 2
2259 2937 4
557 1048 4
606 565 1
1619 403 4
949 988 3
1131 377 2
684 2041 1
99 2364 1
2814 1014 4
2813 2234 3
2602 2744 4
2379 922 5
2795 770 1
2608 2332 5
1925 1874 1
2476 1151 2
1216 1987 5
120 81 5
2051 2633 3
2322 2330 3
1416 639 4
1175 1629 3
1360 1396 1
2117 2862 2
745 2284 4
2755 1340 3
1979 2599 4
2374 1206 5
1268 1974 2
1494 175 2
173 2258 3
2846 949 4
411 1005 1
2831 47 4
2382 298 1
662 2172 2
1688 2845 3
564 1776 1
2680 2499 4
1708 882 5
102 1965 3
1077 640 4
743 752 1
2270 2423 5
1007 1862 5
2324 2266 2
2468 1388 2
775 223 4
2972 1368 2
2187 2358 3
1532 2726 2
1551 1365 4
664 1458 2
1433 1255 5
2099 2978 2
1749 2373 1
558 2700 4
994 824 1
2518 1668 4
1562 2807 2
1671 689 5
1054 2149 1
1543 2082 1
2166 764 3
2390 2019 5
556 2915 2
2221 2610 5
203 681 1
183 1237 3
2969 1506 2
1873 2410 1
2972 1356 5
562 111 1
1749 2057 5
354 2283 3
426 1970 2
2746 1011 5
41 840 3
2983 2354 1
2941 425 3
1000 2532 1
2568 1364 5
603 327 4
916 2676 1
1637 1952 3
2430 2760 1
1741 471 3
2645 1116 2
1461 427 5
1464 966 3
504 2100 1
295 1203 1
2666 39 4
1858 493 5
1300 2218 3
685 100 5
1482 939 2
320 1785 2
2095 2041 1
143 1860 4
1922 2429 3
1708 361 4
386 1121 4
339 966 1
2398 1844 4
761 2796 4
2656 2922 5
2581 2198 5
788 1642 3
1355 2021 5
209 2749 5
573 2347 4
1689 2531 1
2380 724 3
1970 2011 3
301 391 3
1260 1592 3
289 2271 1
110 2258 2
2868 484 1
2040 2205 4
344 2591 1
612 651 2
2293 697 2
1396 1221 4
1091 1448 3
1794 2692 2
725 2526 1
1163 1823 3
999 689 2
2788 1287 4
1622 910 1
1899 2415 2
876 2483 1
2050 2502 1
2540 2502 1
2647 1864 4
1627 229 5
270 63 1
2045 2976 4
167 2335 1
181 669 4
1920 2226 4
79 616 1
816 2709 4
1190 376 4
386 1332 5
2660 2331 3
575 664 5
883 674 1
1154 1959 4
2550 2875 4
1435 389 1
2571 2970 1
318 2392 3
1648 831 3
538 1420 1
1080 1270 2
1239 2095 3
2966 1986 3
1950 2572 4
2454 2655 5
2724 2652 2
1971 1658 3
1773 1112 4
2882 142 2
2370 1408 2
43 2609 3
494 2699 1
27 2631 1
1353 657 4
1334 133 5
2617 76 1
409 1236 5
1541 824 4
1824 1149 3
987 679 2
1631 2266 5
1082 1337 2
898 1999 1
1560 2716 3
266 2836 1
1377 2191 1
1084 2093 4
2784 2830 4
2376 1490 5
1974 649 5
1786 833 4
1071 1515 5
463 2304 5
2656 1204 2
1557 2697 1
2987 512 3
2382 1402 2
2219 2797 5
296 132 4
1745 1903 2
1718 1913 5
218 289 2
1331 6 5
340 1612 4
2344 1790 2
1791 372 2
2568 2064 3
2369 2049 2
2564 2722 3
878 729 3
1342 293 3
2464 1619 2
1861 216 2
1948 2815 2
789 2277 3
816 1727 3
1012 1454 5
1852 1301 3
813 300 4
1450 1947 5
1286 364 2
239 196 1
381 206 1
1017 2875 5
320 2164 4
2936 1785 3
798 479 5
1509 102 5
518 1505 4
1354 1901 3
2297 1766 3
1774 1336 4
1757 497 5
246 2833 5
800 2188 5
1323 454 2
1385 2182 3
1670 2586 5
427 2920 3
1060 181 3
1794 620 3
2979 800 2
2898 2750 5
466 2982 3
1444 54 3
1238 836 4
2739 1380 1
1195 129 4
1564 2897 5
991 2902 4
2135 298 2
1834 2472 2
244 691 4
2823 2841 1
1246 1919 1
2528 605 2
1984 1032 3
1694 611 2
83 2903 3
308 2469 5
1633 965 1
1092 2563 5
2500 2830 1
1297 917 3
1385 1876 4
2441 2634 5
1530 710 5
2471 2189 4
2567 239 2
2797 52 4
845 2639 3
2549 1838 5
2736 942 5
874 1569 1
1649 1442 4
1190 1750 3
2414 1264 5
2337 670 2
623 1492 1
1799 2688 2
1562 850 2
609 601 2
1091 1 5
1948 2092 3
2645 1771 4
2783 2488 3
2158 1600 1
1198 62 2
2928 524 3
1374 2160 1
2699 2216 2
2159 1587 3
1138 1837 2
38 1182 5
2820 1284 1
1309 2972 3
1403 810 3
2699 2203 2
1653 2500 3
584 982 3
590 406 2
1420 1516 5
2116 35 3
2945 1195 5
2811 352 4
1752 1058 3
474 1761 2
641 729 5
2192 2217 2
1232 2187 4
2080 772 1
2720 731 5
1118 367 1
168 1417 4
1688 1702 2
2762 712 2
309 402 3
1714 198 2
2262 500 4
1471 77 2
0 302 3
457 1923 5
1938 1753 1
946 864 5
215 736 1
2100 1856 3
2551 1161 3
1852 543 5
238 952 4
1447 2820 5
2426 1121 5
1637 671 4
1165 159 1
2241 452 5
1638 138 4
668 825 3
908 744 5
2424 1696 3
726 1966 2
10 2583 1
2976 561 4
393 253 1
2399 2005 4
267 2052 3
288 2977 2
2082 1471 5
1251 2697 3
1430 1813 5
2884 1989 2
1175 2877 5
1051 927 2
819 2098 4
2191 1082 1
2381 1232 5
971 1843 5
2317 57 2
2174 1471 3
2114 1245 4
953 17 1
456 1495 3
1252 1314 5
2999 2045 4
1245 2543 2
2018 394 1
2198 1479 1
2066 2222 1
1282 725 5
740 1070 4
430 2315 3
1695 1853 2
2900 1565 1
2836 314 3
2481 1211 1
2484 2009 5
2760 812 5
1826 856 5
1038 449 4
2194 716 3
197 175 5
206 740 5
1708 809 1
954 950 2
1079 701 5
661 2613 2
2867 1197 1
2504 1745 4
2137 1617 3
1109 1132 5
1047 322 1
2714 1842 2
1674 2220 5
555 762 1
912 2552 4
311 1427 5
1193 640 5
1783 1240 3
2391 182 3
1715 1360 2
1269 2003 1
1442 601 1
520 1110 2
975 855 4
850 92 1
2539 2546 5
1575 164 1
2132 831 4
2815 823 5
374 2586 3
345 787 3
1050 122 1
1703 223 4
2487 2464 4
2337 953 1
460 2366 2
1533 1928 1
1969 627 4
2032 1736 3
1173 1768 2
234 1642 3
1440 2052 2
173 1455 5
104 1466 4
1766 1868 5
620 774 3
2055 614 2
2770 121 5
1773 1315 1
1389 2083 1
1892 2348 4
2280 1039 4
2110 2200 1
2750 2348 4
675 2330 2
45 2520 4
2567 2193 4
1300 2365 2
2128 1201 4
24 1540 4
2236 600 2
1758 1908 5
2628 2638 1
2256 71 2
2818 596 4
1817 2530 3
855 584 1
1262 94 5
1606 2399 3
14 1422 1
2187 652 5
2889 1947 3
2210 2855 5
1864 952 1
1914 2770 2
781 1119 1
1994 854 5
255 93 5
2396 778 2
448 187 2
2129 2158 1
2607 1624 2
1538 1645 4
1815 2122 2
83 684 5
2025 961 4
470 1499 2
582 2583 5
2927 1548 2
284 1251 2
2081 1162 5
1816 2086 1
553 1398 4
587 1181 5
2984 291 4
2176 851 5
253 1751 1
313 85 5
886 1457 4
956 1643 4
2993 2387 3
2840 2938 1
1130 108 3
1476 1278 4
1121 1869 5
1262 2109 5
756 656 3
2791 735 1
310 2438 4
2344 1829 2
629 2877 5
2263 1040 3
86 33 1
846 2622 5
310 2069 3
451 2942 4
251 2394 4
394 2435 4
2112 1497 2
408 166 2
367 406 4
1443 1938 1
197 1057 1
405 319 3
1186 1544 3
2502 1392 3
2735 2191 4
1924 1306 1
2831 132 5
1646 842 3
698 2402 2
1677 1864 5
683 116 2
2134 60 2
2904 299 2
2970 2627 3
991 793 4
2415 2994 3
1725 61 4
2894 1128 5
2693 1301 2
1504 642 5
173 1192 4
2992 553 4
176 2513 5
2571 1712 4
2213 2777 3
1482 2597 1
2002 423 4
2233 2180 4
2387 232 2
947 610 2
1459 599 2
2117 1915 1
200 86 2
417 2987 2
842 1489 3
2053 2345 1
1656 1425 4
1675 2401 1
660 1802 5
1326 2375 5
2584 1790 5
371 1777 2
2642 1189 2
1022 771 1
1340 693 5
2088 130 2
2632 1963 3
650 51 4
1152 2771 4
1781 873 3
1892 595 3
513 1656 3
1959 178 4
236 237 5
2390 350 1
2272 2130 5
1961 1838 1
1045 2145 2
2338 2630 1
808 1185 2
2707 978 4
1119 2474 4
2781 1947 3
1852 601 4
78 1883 4
1807 289 4
1213 416 4
587 1668 3
1520 917 3
2259 1130 1
781 2960 1
2196 1998 1
2715 2522 5
73 1681 5
329 1570 3
489 2541 5
2372 1366 2
2952 2072 4
2920 2666 4
1507 998 3
1744 138 4
2275 2570 2
363 908 4
2012 2609 5
489 2127 1
733 356 2
2625 2277 5
2580 2818 5
2464 2780 5
2866 853 5
1074 2870 4
2685 1099 3
716 2871 4
2038 2080 1
2400 2139 1
1205 1567 4
2790 1913 5
130 2466 3
641 1358 2
2881 1305 5
2380 2054 2
529 2266 1
1796 1819 5
1960 510 4
2705 838 3
1656 1426 3
1748 1323 3
1356 325 5
2562 2204 4
1640 973 2
57 927 5
1664 1598 1
1521 1512 4
1113 2714 2
349 534 2
2634 2352 4
225 2923 2
1567 2075 3
747 2758 5
924 2981 1
1041 921 1
2716 2957 1
1682 1662 1
1579 2043 2
2773 17 4
726 2607 2
914 562 1
2127 2675 2
998 1825 1
433 1197 3
866 1263 4
1111 2400 2
247 479 5
1052 2180 4
1576 969 3
1740 2915 3
1516 2068 1
1775 2641 2
22 1775 2
2015 326 3
1176 404 5
2121 656 3
1595 2106 4
2302 2304 4
1025 1890 5
2030 2434 4
2861 2521 4
1711 1248 4
1065 1550 5
2004 2513 5
1981 363 1
1421 1726 5
2202 2103 5
1521 2493 1
1176 226 1
1055 1801 2
925 1393 5
849 57 2
584 2812 5
2870 1707 2
2545 1225 1
1524 1497 1
2737 2360 3
1096 2337 4
842 2864 2
1990 1019 3
1640 1505 1
1943 960 2
202 1335 1
407 146 1
869 2364 5
1118 2143 1
1897 1956 2
152 1896 5
294 1883 2
873 699 1
2983 2493 1
2008 1270 5
799 662 3
1673 1669 2
410 1438 1
848 369 2
1862 2866 5
905 396 5
2409 1167 3
2123 2528 1
2976 503 2
2202 1230 5
591 2173 1
2924 2023 4
212 236 1
2153 1280 5
2411 660 2
2708 1820 2
2084 892 4
373 2330 2
894 2226 2
1741 1526 3
627 1717 2
1997 814 3
2326 1810 3
1559 386 3
2852 195 5
868 1776 5
913 1363 2
1592 310 1
2599 333 4
1892 2723 5
822 2213 3
1250 788 3
2160 2602 3
1086 1745 2
2251 2618 3
631 2102 4
2050 1803 1
1040 2455 2
1305 985 2
120 1102 3
2981 1285 3
364 2327 3
2608 2268 3
2426 2477 5
2916 2309 2
2258 2158 3
2320 245 3
429 1037 3
2614 158 2
2857 1388 1
730 331 4
1031 2042 4
1563 2725 1
905 2325 5
2811 989 5
717 1673 3
2176 150 3
909 579 2
1034 2461 1
1773 1491 1
448 477 4
1242 2382 5
1139 1985 2
667 746 1
1442 963 5
917 2034 2
1716 2865 5
2808 2962 2
2697 1414 5
1041 50 2
2835 44 4
219 2605 5
2089 30 3
1295 182 4
1008 2301 3
377 2758 5
85 1804 5
769 300 1
260 1339 5
2988 1666 5
1922 2215 5
1293 1245 4
301 2197 2
1787 1224 3
1383 1957 2
883 318 5
1639 1691 3
2263 2644 1
317 2844 4
1738 1532 5
755 414 1
34 1973 5
2544 426 5
1591 783 5
478 2474 4
1467 2370 5
268 1962 3
2069 188 3
2616 475 5
473 2126 3
1542 2510 4
1514 2671 2
2767 2102 4
802 2061 3
827 2214 1
2254 2085 4
2686 213 3
1153 198 2
2292 708 5
535 1404 5
637 2647 2
806 511 3
2472 479 3
2021 2074 3
2898 2515 1
87 2964 1
1933 1445 2
2968 2125 5
514 761 1
1345 1785 4
1912 1636 1
2011 1701 4
500 1908 5
348 2333 5
1429 1897 4
1399 1826 1
2354 2687 5
2401 2652 4
1737 1577 5
771 2450 1
1695 516 5
58 428 1
1347 2594 4
2318 1166 1
737 5 4
1685 1072 4
853 2260 4
2490 1076 3
269 1916 1
1856 2948 3
1325 2190 5
2134 1896 4
1933 2043 2
1968 1601 1
1833 2633 4
625 2852 1
70 1097 3
486 2057 1
2711 1469 5
2061 339 1
1307 2022 1
1451 482 2
2794 2547 3
2505 2228 5
1843 2225 3
1681 686 3
1094 107 3
1261 2234 5
2806 2005 5
2227 255 5
409 611 1
2281 2096 1
527 2355 1
1126 1409 2
2434 2563 5
855 1127 1
2801 1149 1
2652 259 5
11 37 3
2249 1571 2
1386 2446 3
163 127 4
2415 1707 3
563 655 2
996 2758 5
2374 2649 3
2240 795 3
421 2961 4
1156 1034 5
151 2968 2
2751 240 1
1181 7 2
1159 1995 2
792 1214 2
418 1255 5
1818 1020 4
1159 2323 2
1214 885 5
2979 591 4
2207 11 1
2925 1260 5
61 814 5
404 2948 5
1584 2411 2
383 1886 5
1425 440 3
1886 1768 1
558 608 3
1705 176 3
741 1621 2
245 2704 4
2248 1274 4
1069 852 2
798 316 3
1971 1233 4
1549 1112 2
644 1462 2
1261 2345 2
951 39 1
1607 1470 1
1875 320 4
430 1973 4
915 2338 4
2391 2875 1
2206 1828 2
947 1760 4
1859 1656 3
2860 2764 4
301 81 5
273 1304 2
2686 1831 3
1254 340 3
1189 718 2
1279 957 2
366 875 5
1465 2362 2
1732 2263 2
1389 1766 3
2496 2258 4
272 2566 5
268 490 2
2872 1034 4
1004 985 1
145 1500 2
783 2046 5
1151 2039 2
947 1915 1
2807 834 5
2110 1717 5
450 1143 5
1397 881 1
1346 1908 1
2834 1263 2
1747 465 3
1877 2496 3
103 2895 1
1996 1761 1
1224 1561 3
408 243 5
858 1366 2
444 684 4
1406 1558 2
2207 301 1
1761 154 4
94 2704 4
2540 449 4
1827 2080 4
2169 2985 2
2083 2961 4
402 2099 3
574 2078 4
2878 1697 1
1359 2183 1
783 2759 1
1674 1324 2
2713 1079 4
2785 2887 5
762 1329 1
961 2615 2
1375 372 1
2752 1252 3
2283 1664 1
734 779 2
327 1589 2
1683 2998 3
801 2542 1
177 159 1
173 847 5
2583 2461 5
2738 504 5
172 2389 5
1929 455 2
1702 2740 1
1682 742 2
595 1713 5
650 2161 3
2990 1762 4
1187 2928 2
862 1918 2
2715 1880 2
35 1573 4
2316 469 3
1123 1280 1
2761 193 1
2808 1750 3
2344 1339 3
2055 360 5
1277 2937 1
2312 515 2
2441 1083 3
1448 1602 4
922 130 5
505 1263 5
2300 46 1
1506 2523 2
1084 2866 1
2387 1009 1
84 2113 5
225 1547 3
2819 2509 4
1945 219 2
2221 560 4
54 2939 3
1639 2247 3
997 1025 3
2932 777 3
682 1693 4
752 1545 3
33 556 1
77 138 1
1049 2769 4
724 1870 3
607 909 5
414 1150 4
1875 148 5
642 2485 4
614 169 3
186 2211 1
2862 2363 4
1776 958 3
1042 1866 3
1530 2764 2
997 28 1
2454 1795 3
2592 1626 4
2284 2657 4
1955 2385 3
2625 2943 5
138 2168 2
2549 215 3
747 2262 5
2302 2989 5
2623 912 4
999 2222 4
2776 1058 1
762 2199 5
1207 1058 5
2946 1867 1
2328 1642 4
1168 1903 2
2663 2079 3
2463 759 3
250 398 4
2212 2962 2
2035 2305 3
527 1409 3
927 176 2
872 760 3
2923 45 3
359 64 5
1852 1667 1
931 735 1
1712 1970 4
2777 317 2
575 415 2
2591 2980 1
1968 34 3
1320 669 1
853 1995 4
1333 1026 4
2208 766 5
441 1201 3
2525 927 1
1488 2747 2
1487 2011 4
1142 2849 1
2468 2399 2
1821 2859 4
860 1976 4
721 67 2
2342 570 5
1556 1905 2
523 455 1
1431 1060 4
1532 170 2
2312 28 4
222 351 5
1709 2555 5
2453 2285 1
2858 992 2
1514 1278 4
1325 146 1
2768 1312 5
2205 791 3
2171 2912 4
2016 935 1
2786 506 1
1861 1195 1
409 748 2
1904 1578 2
2619 2681 3
2672 2597 3
838 2039 4
1575 2897 4
312 1556 3
349 2636 3
71 2586 4
1927 1200 3
1463 21 2
2448 7 2
2725 2429 4
892 683 1
906 1752 4
198 874 4
870 591 3
1709 603 2
715 2554 3
2066 1769 3
73 54 3
2314 706 4
2147 2248 4
2580 2698 1
1611 577 2
1172 1919 3
252 2707 2
2191 1357 5
2109 262 5
1619 2274 1
1543 274 3
1199 147 5
2875 1607 3
1957 580 2
2958 149 5
682 2943 3
1779 1127 4
2984 613 5
2628 2420 1
2754 1027 1
1464 2889 4
409 1096 5
1135 1656 5
772 1672 3
1601 2302 4
679 579 1
1277 558 4
2251 51 1
2904 67 3
739 972 3
1806 439 2
1351 869 3
2327 403 3
2521 441 1
1456 2265 1
2759 395 4
1584 2918 5
1407 2993 2
1014 2752 5
369 713 5
495 1364 2
1586 1525 3
1863 1268 1
1282 1166 1
724 2331 2
2911 2510 1
1955 2991 5
2724 297 2
1469 1761 4
600 383 4
1080 427 5
2471 506 3
318 2732 3
2516 362 5
1779 2746 4
1595 357 2
664 1263 5
825 721 1
444 2466 2
2796 1099 4
1393 2701 2
