3000 1000 1464
744 194 3000
384 597 3000
2602 2399 3000
2526 2742 3000
2220 1418 3000
875 2975 3000
128 167 3000
1662 2551 3000
227 330 3000
2970 1328 3000
2517 1320 3000
249 6 3000
2290 1608 3000
2198 843 3000
249 1746 3000
2977 1825 3000
766 1584 3000
2740 2980 3000
258 1073 3000
832 1197 3000
1289 543 3000
1466 1232 3000
2385 298 3000
425 1375 3000
1918 2648 3000
2527 102 3000
283 2968 3000
1740 2202 3000
1213 595 3000
100 2760 3000
209 1050 3000
1721 294 3000
641 2321 3000
1070 2761 3000
1410 2200 3000
772 40 3000
2623 1847 3000
593 1432 3000
1451 2674 3000
2190 156 3000
2891 1770 3000
460 1636 3000
2138 486 3000
440 2910 3000
1744 727 3000
2606 1874 3000
2503 1408 3000
630 918 3000
1775 1965 3000
148 162 3000
1090 2846 3000
2591 1737 3000
867 499 3000
1267 1622 3000
32 2702 3000
264 915 3000
2484 269 3000
399 724 3000
112 2549 3000
2098 1229 3000
467 2585 3000
2397 1711 3000
2146 860 3000
1260 482 3000
1810 546 3000
1246 818 3000
2906 679 3000
695 1244 3000
975 553 3000
2037 1568 3000
471 1821 3000
1867 2241 3000
1088 1233 3000
87 1829 3000
1288 2849 3000
1869 970 3000
1431 2181 3000
1354 2235 3000
2979 1892 3000
2329 1533 3000
2944 1014 3000
351 1469 3000
2458 2708 3000
447 906 3000
2668 85 3000
832 92 3000
1555 1630 3000
570 934 3000
2935 1626 3000
1349 806 3000
1546 515 3000
2897 1173 3000
2086 2533 3000
989 777 3000
1230 2526 3000
2439 1667 3000
1617 2349 3000
1288 2330 3000
2048 2991 3000
873 2572 3000
2149 2930 3000
1867 2222 3000
2960 225 3000
1803 1644 3000
407 2699 3000
2589 964 3000
587 352 3000
2573 2664 3000
65 2837 3000
216 1451 3000
1177 2965 3000
510 2222 3000
1508 1174 3000
1948 2926 3000
1413 2713 3000
1545 1352 3000
1036 2654 3000
1384 1436 3000
771 2451 3000
182 106 3000
2567 894 3000
955 1571 3000
319 1628 3000
938 1662 3000
2212 2239 3000
943 975 3000
735 2531 3000
2865 593 3000
1734 1007 3000
360 942 3000
2005 1268 3000
452 601 3000
2854 2719 3000
387 1906 3000
937 1904 3000
2342 1143 3000
2730 1654 3000
2686 169 3000
2744 1445 3000
479 2661 3000
1518 510 3000
2132 582 3000
1434 1542 3000
1414 1479 3000
2367 1560 3000
2204 28 3000
1555 1311 3000
1977 933 3000
2861 2405 3000
1487 2175 3000
2941 12 3000
1679 1417 3000
372 402 3000
2155 1308 3000
289 1671 3000
2433 1251 3000
2988 1691 3000
1625 2483 3000
1224 1808 3000
2622 2045 3000
1598 2004 3000
2005 2290 3000
690 286 3000
2685 2013 3000
1095 9 3000
1743 537 3000
2176 1697 3000
232 2188 3000
885 2425 3000
1421 2035 3000
700 1144 3000
2960 2627 3000
1947 1120 3000
2815 943 3000
1142 2723 3000
1960 2454 3000
163 2407 3000
2622 1069 3000
2289 701 3000
2887 37 3000
171 345 3000
2167 753 3000
2647 2510 3000
711 2624 3000
1353 1085 3000
93 1083 3000
2542 1749 3000
2563 2879 3000
408 523 3000
630 2672 3000
2152 346 3000
2144 359 3000
588 869 3000
2488 1687 3000
2640 2994 3000
1639 1558 3000
1758 1087 3000
1511 2791 3000
859 2817 3000
1728 1643 3000
2906 2860 3000
1927 570 3000
1277 470 3000
758 639 3000
591 1457 3000
2685 253 3000
138 1683 3000
1450 469 3000
1616 944 3000
666 743 3000
628 1978 3000
591 1027 3000
1306 192 3000
1302 2073 3000
533 281 3000
2255 2487 3000
197 620 3000
571 259 3000
1312 475 3000
427 1567 3000
1872 631 3000
1274 1478 3000
1577 363 3000
2262 1774 3000
1536 2285 3000
1010 2627 3000
244 1763 3000
1220 1439 3000
307 2630 3000
51 2667 3000
2228 1503 3000
2169 224 3000
596 1942 3000
1736 571 3000
2437 908 3000
1617 2896 3000
1301 452 3000
1559 2722 3000
2604 136 3000
2214 2115 3000
2657 903 3000
438 184 3000
2422 1224 3000
1110 558 3000
849 385 3000
1718 2845 3000
2217 1184 3000
2751 236 3000
1011 1398 3000
2085 323 3000
991 2754 3000
344 321 3000
1329 783 3000
1935 1310 3000
1487 2496 3000
2819 436 3000
2127 683 3000
1717 1415 3000
2419 127 3000
1501 665 3000
1118 2553 3000
1832 2876 3000
1114 2558 3000
2409 2841 3000
2724 2223 3000
981 2854 3000
815 1530 3000
1717 2084 3000
2672 2656 3000
794 13 3000
187 2970 3000
2781 840 3000
2698 1840 3000
1610 1864 3000
1169 105 3000
549 458 3000
2313 520 3000
2853 1473 3000
1194 1209 3000
0 317 3000
2717 1270 3000
1556 1729 3000
2954 1631 3000
2923 2748 3000
1962 1800 3000
2221 1835 3000
673 0 3000
550 1247 3000
168 2909 3000
1686 2269 3000
1934 1414 3000
1273 2491 3000
1223 1449 3000
262 91 3000
1788 1265 3000
2131 1369 3000
2718 2823 3000
2793 2643 3000
985 342 3000
2397 175 3000
702 1032 3000
2557 1158 3000
2192 495 3000
2252 1820 3000
1213 1581 3000
39 2893 3000
1330 2540 3000
1039 836 3000
1752 2497 3000
1664 697 3000
2061 2918 3000
609 1810 3000
440 142 3000
1297 1712 3000
221 2443 3000
2023 1762 3000
1241 198 3000
2870 1047 3000
1878 2698 3000
431 2848 3000
1217 2463 3000
1884 2062 3000
658 1358 3000
2736 73 3000
2923 2880 3000
1459 1110 3000
69 1544 3000
462 511 3000
649 1856 3000
1866 1480 3000
2036 2984 3000
1522 2379 3000
1044 2426 3000
1642 2610 3000
714 782 3000
1446 1186 3000
1669 464 3000
2941 1582 3000
2079 476 3000
5 1091 3000
421 1311 3000
861 2958 3000
784 2421 3000
2590 2924 3000
292 1609 3000
2079 1286 3000
1750 465 3000
2427 455 3000
2495 1879 3000
2954 1921 3000
2063 880 3000
181 700 3000
1114 2001 3000
1472 226 3000
819 473 3000
1107 2388 3000
1422 2652 3000
2111 1095 3000
377 2404 3000
2959 163 3000
2638 2979 3000
2570 1237 3000
133 2750 3000
1460 2632 3000
2651 1488 3000
2312 1021 3000
2087 1727 3000
950 2911 3000
2827 2855 3000
1814 978 3000
1589 916 3000
2573 2493 3000
2447 2865 3000
1113 2323 3000
2477 1889 3000
1988 772 3000
1948 2928 3000
2564 2842 3000
560 265 3000
2143 2734 3000
761 463 3000
1329 1886 3000
393 2109 3000
2647 1590 3000
669 1495 3000
373 2900 3000
1169 925 3000
1061 786 3000
1642 1990 3000
559 605 3000
2836 1600 3000
902 931 3000
1566 2489 3000
1084 684 3000
1494 1191 3000
1340 1795 3000
1706 2261 3000
1988 368 3000
585 726 3000
602 2016 3000
2298 262 3000
2100 2362 3000
1063 2518 3000
41 1793 3000
527 2028 3000
2086 2599 3000
500 778 3000
2807 1876 3000
686 662 3000
2424 1504 3000
497 2151 3000
775 2792 3000
820 868 3000
1272 1746 3000
2936 477 3000
1871 2768 3000
2565 189 3000
612 2441 3000
2047 2634 3000
2517 1976 3000
1562 2602 3000
349 692 3000
146 2714 3000
1273 606 3000
1261 1096 3000
983 42 3000
1313 379 3000
2025 421 3000
389 404 3000
823 247 3000
82 1482 3000
1676 1438 3000
1809 669 3000
1657 2583 3000
1107 1913 3000
1923 1816 3000
881 208 3000
2800 2460 3000
600 2927 3000
1058 2847 3000
875 2535 3000
1044 1023 3000
1836 1264 3000
863 2651 3000
502 2071 3000
1327 1167 3000
71 1109 3000
2567 1569 3000
230 107 3000
2012 1865 3000
2763 955 3000
519 399 3000
1966 2072 3000
1603 2354 3000
43 1871 3000
2158 1121 3000
1071 540 3000
2550 1102 3000
673 354 3000
983 1338 3000
1361 2424 3000
340 1700 3000
1772 609 3000
2273 2152 3000
714 481 3000
1025 1961 3000
241 1695 3000
853 1104 3000
2501 215 3000
1298 1166 3000
2268 396 3000
442 2504 3000
2959 2129 3000
26 505 3000
680 974 3000
1231 2069 3000
1305 2411 3000
2278 2725 3000
1887 685 3000
1231 740 3000
1916 1548 3000
1147 1515 3000
2946 2410 3000
347 2810 3000
1652 2114 3000
1377 535 3000
2096 365 3000
663 1443 3000
1975 2767 3000
1111 2969 3000
2344 1797 3000
1226 2174 3000
1937 1969 3000
2442 1086 3000
2365 2484 3000
227 611 3000
1508 2611 3000
794 2694 3000
1005 1245 3000
2568 1330 3000
2031 2501 3000
144 1255 3000
1126 2808 3000
2571 1155 3000
2311 2925 3000
1706 1812 3000
2105 2588 3000
142 1435 3000
1594 1465 3000
661 2537 3000
1201 1934 3000
420 175 3000
263 2495 3000
1665 999 3000
69 2264 3000
1131 2766 3000
888 2565 3000
1979 980 3000
629 2476 3000
220 2902 3000
1569 2465 3000
2964 2740 3000
893 2935 3000
2456 2277 3000
1017 656 3000
2653 2807 3000
248 2756 3000
1215 2357 3000
174 1080 3000
792 752 3000
2947 1009 3000
1290 1933 3000
2203 910 3000
81 513 3000
118 506 3000
1208 375 3000
2206 1912 3000
1111 1429 3000
1499 2982 3000
2337 911 3000
917 1570 3000
2444 282 3000
986 1619 3000
1490 839 3000
2220 2380 3000
1370 474 3000
2934 2933 3000
963 626 3000
1606 1652 3000
1814 1117 3000
2254 1189 3000
1684 2192 3000
472 2167 3000
1301 1185 3000
769 2250 3000
2529 939 3000
2343 1981 3000
716 2513 3000
444 2506 3000
1350 1950 3000
64 2212 3000
489 1565 3000
1039 1205 3000
1467 2169 3000
1768 2387 3000
1368 2268 3000
2074 645 3000
207 2036 3000
835 410 3000
2898 1263 3000
1872 2252 3000
2603 1437 3000
133 1456 3000
2996 2026 3000
805 996 3000
622 382 3000
1688 1136 3000
1994 1705 3000
1884 244 3000
1053 1725 3000
2599 2466 3000
131 2870 3000
1162 2934 3000
333 52 3000
109 2449 3000
2819 2944 3000
428 147 3000
213 2684 3000
1938 2739 3000
1338 170 3000
38 1743 3000
2458 1510 3000
1235 658 3000
1450 2545 3000
828 291 3000
248 1925 3000
596 1357 3000
1230 2346 3000
1728 2784 3000
690 2977 3000
2715 2867 3000
1823 1 3000
479 1298 3000
2447 92 3000
71 2390 3000
2414 2556 3000
784 919 3000
2913 1638 3000
1374 694 3000
1290 1931 3000
217 2755 3000
1589 567 3000
547 566 3000
1361 587 3000
1611 1523 3000
1802 615 3000
668 1355 3000
180 802 3000
200 1701 3000
266 1964 3000
101 55 3000
709 1812 3000
2875 2265 3000
1806 1855 3000
667 293 3000
1222 471 3000
2515 1202 3000
2040 218 3000
1420 2030 3000
622 1326 3000
1444 968 3000
2456 1038 3000
1660 1582 3000
952 457 3000
1343 1518 3000
2477 2641 3000
1257 2596 3000
2266 560 3000
2508 2264 3000
1738 2578 3000
2031 2267 3000
2656 2418 3000
7 1005 3000
1003 2007 3000
569 2564 3000
866 2288 3000
2597 314 3000
1343 2604 3000
920 2166 3000
139 1836 3000
2525 2863 3000
1377 729 3000
1852 1809 3000
576 1578 3000
2129 2468 3000
746 1805 3000
2242 2234 3000
1446 2163 3000
1296 1254 3000
733 1702 3000
1890 1936 3000
1522 1993 3000
789 246 3000
2608 2828 3000
2538 2720 3000
2422 1324 3000
2401 1404 3000
963 1000 3000
2085 1938 3000
2560 1433 3000
2604 384 3000
962 1199 3000
84 1183 3000
1967 1677 3000
793 1759 3000
1462 2309 3000
2978 238 3000
2641 354 3000
210 159 3000
212 1952 3000
720 1253 3000
1344 1529 3000
1368 1506 3000
2353 1000 3000
179 823 3000
191 1903 3000
734 1995 3000
519 866 3000
2520 1208 3000
2130 1689 3000
1653 2764 3000
2550 395 3000
253 2545 3000
1125 2111 3000
703 2019 3000
2438 2414 3000
2330 2163 3000
2058 496 3000
1481 481 3000
305 62 3000
2887 695 3000
1287 702 3000
1235 2919 3000
2939 2619 3000
2521 157 3000
1531 2328 3000
351 2372 3000
787 2957 3000
1755 303 3000
2653 2882 3000
2224 900 3000
150 2908 3000
1887 2377 3000
2861 2141 3000
1206 2500 3000
1623 289 3000
2613 552 3000
2485 2932 3000
2311 2012 3000
2922 2700 3000
2276 1170 3000
965 670 3000
180 341 3000
1574 567 3000
2153 2812 3000
2712 245 3000
534 257 3000
979 855 3000
1718 1520 3000
2536 82 3000
602 1992 3000
231 2184 3000
2271 1353 3000
756 68 3000
390 108 3000
2538 1937 3000
1349 2148 3000
1633 1954 3000
1984 203 3000
2381 1130 3000
623 760 3000
2691 2614 3000
437 1839 3000
333 1557 3000
1401 2963 3000
2467 1177 3000
2731 862 3000
2889 1722 3000
309 472 3000
1802 2543 3000
104 607 3000
549 1423 3000
2799 199 3000
2348 528 3000
1881 1045 3000
2139 328 3000
1442 1471 3000
1862 1849 3000
454 1322 3000
1093 877 3000
1741 879 3000
1583 110 3000
1049 1033 3000
2138 586 3000
2226 2375 3000
1192 661 3000
397 526 3000
1997 390 3000
573 2340 3000
441 904 3000
2694 2085 3000
2227 2033 3000
2029 1501 3000
2866 2811 3000
1615 2670 3000
2067 2866 3000
1123 1037 3000
1599 178 3000
2586 2434 3000
2839 2990 3000
113 2798 3000
2435 1882 3000
795 1385 3000
945 2253 3000
2092 1331 3000
2132 1748 3000
1780 2078 3000
2237 660 3000
545 1997 3000
838 1234 3000
719 2950 3000
2992 1141 3000
488 1696 3000
2155 1787 3000
866 2881 3000
2066 1187 3000
2671 956 3000
742 2438 3000
848 2104 3000
2158 966 3000
2676 1212 3000
2098 326 3000
1557 2527 3000
65 2231 3000
443 2327 3000
2570 2539 3000
466 2037 3000
564 2053 3000
2857 1435 3000
443 859 3000
1552 2821 3000
466 2814 3000
2853 663 3000
648 2389 3000
204 214 3000
853 319 3000
2338 395 3000
4 1509 3000
2157 1285 3000
2704 2133 3000
2609 1647 3000
329 1992 3000
966 186 3000
444 497 3000
917 2873 3000
1239 2059 3000
479 186 3000
507 1890 3000
447 59 3000
364 1333 3000
114 1886 3000
960 168 3000
2453 2475 3000
2469 2461 3000
2541 2182 3000
1907 1103 3000
2770 2534 3000
1719 1275 3000
842 1918 3000
1651 2747 3000
2243 2669 3000
339 1536 3000
2738 891 3000
483 2170 3000
1226 2800 3000
1456 649 3000
578 438 3000
1579 2018 3000
1360 2752 3000
1406 1511 3000
340 2992 3000
884 2191 3000
2548 1486 3000
2195 2912 3000
72 92 3000
2597 2293 3000
542 1267 3000
1200 2582 3000
1164 1053 3000
2000 1824 3000
1147 1012 3000
172 1878 3000
228 185 3000
2732 1313 3000
1940 2659 3000
2904 985 3000
74 2283 3000
327 2145 3000
1982 2514 3000
1755 2937 3000
1038 2563 3000
2330 2205 3000
77 1929 3000
2499 1692 3000
1460 1332 3000
1150 347 3000
278 2043 3000
1999 1059 3000
2780 2366 3000
2522 433 3000
749 1817 3000
648 1670 3000
938 861 3000
53 10 3000
814 754 3000
2562 2442 3000
2074 1657 3000
959 78 3000
1421 56 3000
2144 735 3000
592 1118 3000
666 1122 3000
585 2065 3000
1922 2819 3000
711 1210 3000
1281 590 3000
1424 2123 3000
1877 462 3000
2844 2691 3000
83 2308 3000
97 2096 3000
619 713 3000
796 887 3000
1210 825 3000
502 427 3000
945 2738 3000
1900 109 3000
1112 1163 3000
1259 998 3000
1921 971 3000
2986 1783 3000
322 1984 3000
1580 155 3000
1065 204 3000
1211 2361 3000
2547 1207 3000
1694 972 3000
888 223 3000
11 1796 3000
2249 2017 3000
2636 1051 3000
47 853 3000
1901 341 3000
213 1734 3000
2530 2820 3000
2986 273 3000
521 2121 3000
1698 1394 3000
2008 2575 3000
1908 242 3000
1506 2046 3000
88 2416 3000
1127 1472 3000
237 86 3000
993 1744 3000
1194 612 3000
886 1779 3000
174 1159 3000
118 935 3000
2875 116 3000
2840 864 3000
478 979 3000
331 2571 3000
2527 2385 3000
1252 459 3000
2281 1909 3000
2762 1716 3000
2249 805 3000
2075 1243 3000
1659 973 3000
2126 2872 3000
195 1323 3000
1489 2409 3000
2468 2728 3000
613 924 3000
232 1902 3000
928 2496 3000
1024 1094 3000
1326 649 3000
2373 2280 3000
295 2218 3000
2099 2227 3000
1790 361 3000
1900 2844 3000
1185 992 3000
2569 1108 3000
2342 897 3000
2640 2805 3000
2631 1804 3000
1819 678 3000
2127 443 3000
2099 196 3000
1483 72 3000
2038 2380 3000
1383 1843 3000
922 1562 3000
1868 965 3000
1587 586 3000
2233 2967 3000
1923 2074 3000
233 44 3000
1553 2507 3000
1370 2520 3000
370 1987 3000
1971 2888 3000
502 1860 3000
220 536 3000
326 397 3000
1778 2880 3000
1097 2940 3000
1566 139 3000
1271 1252 3000
1973 388 3000
131 2956 3000
2921 2993 3000
1962 1429 3000
2939 959 3000
1135 1024 3000
1046 158 3000
386 1583 3000
