3000 1000 4422
262 1273 1
1612 2576 10000
193 2069 1
543 1311 10000
332 2584 1
1611 1121 1
2588 2210 10000
1924 186 10000
2960 150 1
594 1851 10000
473 2622 1
2129 1326 10000
2656 1254 1
1066 52 10000
2487 1009 1
1981 820 10000
1481 1069 10000
2501 213 1
1482 672 1
1996 2613 10000
2885 2896 1
490 337 10000
2907 2678 1
50 1088 10000
1996 1580 10000
961 576 10000
2742 78 10000
1806 2154 10000
2557 2058 10000
125 2419 10000
138 130 10000
2934 1495 1
1013 1298 1
2793 332 10000
2046 1953 1
1271 493 1
2099 202 1
2071 1681 10000
815 188 1
1386 2614 10000
2943 351 10000
1589 1760 10000
183 2161 10000
2927 1598 1
542 2153 10000
2727 743 10000
1510 874 10000
137 2281 10000
1302 339 1
1466 2492 1
446 2868 1
389 541 1
710 2578 10000
2718 1515 10000
1475 2039 10000
969 859 1
687 2140 10000
741 373 1
1978 2893 1
2354 1687 10000
2606 1906 10000
307 2670 1
955 56 1
1950 2593 10000
990 1206 10000
1522 1386 10000
1768 880 10000
966 298 10000
704 2104 1
2970 2175 10000
296 791 10000
653 2928 10000
2861 1909 1
1874 1980 1
1333 2997 10000
519 2540 1
630 2303 1
2900 2108 1
869 881 1
2380 2909 1
1181 2573 10000
602 2994 10000
657 2241 10000
1778 2651 10000
1074 1676 1
1246 826 10000
924 2605 10000
1797 898 10000
1460 329 10000
1581 589 10000
234 686 10000
1060 1864 10000
2234 1486 1
2135 2675 1
2815 2996 10000
2821 1844 1
2163 2880 10000
2616 1419 10000
86 1574 1
1770 460 1
476 1970 1
1529 1114 10000
2812 2497 1
2288 2057 1
54 488 10000
2411 439 10000
2110 2052 10000
860 2913 1
612 1913 1
1042 1062 10000
2654 483 1
104 2356 1
907 827 10000
94 142 10000
491 506 10000
2568 2874 1
232 1616 10000
1250 1501 1
1701 2775 1
832 118 1
1640 1672 10000
1526 295 1
2511 1417 10000
2753 367 10000
655 1624 10000
731 2554 1
1719 1470 1
1016 42 1
1346 802 1
526 1198 1
1725 1316 10000
1135 759 1
1824 429 1
544 1722 1
1558 1757 10000
8 625 10000
1985 2051 10000
2854 1056 10000
1671 630 1
313 2334 1
1179 912 1
377 1633 1
2985 2324 10000
1658 698 1
587 1197 10000
1766 1831 10000
1608 2902 10000
15 1865 1
2728 1832 10000
2662 2060 1
27 2120 10000
1423 2993 1
79 1894 1
2379 2134 1
2932 915 10000
219 124 10000
2064 246 1
2378 1129 1
168 327 10000
2513 1746 1
888 1299 1
1604 2402 1
1814 1546 10000
2151 326 1
468 1679 1
2375 521 10000
2948 2023 1
959 1238 10000
792 2549 10000
2444 1872 1
1458 179 10000
1900 2518 10000
428 2317 1
394 2691 10000
991 1613 10000
577 145 1
562 1919 1
288 804 10000
2998 2252 1
278 2077 1
1120 23 1
2222 1729 10000
1392 2503 10000
1814 779 1
2136 28 10000
1428 2068 10000
209 1762 1
324 168 10000
1758 1848 1
18 2551 10000
2829 2560 1
1329 384 1
2440 2665 1
2119 2135 10000
569 1482 1
2469 2543 10000
660 508 1
1132 261 10000
2814 877 10000
523 769 1
1542 2879 1
1223 1916 1
2463 129 1
421 215 1
2327 1150 1
581 865 1
292 697 10000
262 1765 10000
2258 995 10000
545 911 10000
991 2450 10000
676 286 10000
633 1203 1
2371 62 10000
1747 1457 1
522 2459 10000
1663 2065 1
1745 1220 10000
1376 2007 1
2929 909 10000
2505 510 10000
1870 1810 1
1627 2862 10000
350 216 1
1930 928 10000
1061 563 10000
1363 2087 10000
1768 1564 1
2663 831 10000
1380 1035 1
2897 121 1
2821 1393 1
636 2657 1
296 618 10000
1789 2673 1
328 1626 1
1020 325 10000
1302 941 10000
1131 1951 1
388 2697 1
1170 2479 10000
969 2607 10000
2376 2475 1
970 706 1
2478 431 1
539 2354 10000
1137 1479 1
244 5 1
2468 2243 1
492 1790 10000
829 14 1
1549 2872 1
389 509 10000
85 361 10000
1261 2257 10000
397 1177 10000
328 522 10000
2774 107 10000
2063 2143 1
1354 601 1
2194 209 10000
1099 2970 10000
1280 1448 10000
1456 2195 1
2093 927 10000
517 514 10000
2649 11 10000
1979 1809 10000
1277 2212 1
722 2 1
1646 1403 1
1740 1096 1
1335 1225 1
1510 722 10000
2756 2121 1
70 1520 10000
768 1414 1
2219 1421 1
565 1380 10000
795 2703 10000
1873 1699 1
2207 1313 10000
132 891 10000
404 2332 1
2086 788 10000
350 1747 1
612 801 1
400 2019 10000
1125 86 10000
1447 1344 10000
1018 1897 1
1885 2843 10000
1857 1089 10000
1981 161 10000
1529 175 10000
195 2607 10000
1595 1680 10000
1406 2027 1
2044 134 1
57 507 10000
753 1018 1
1399 1600 10000
2114 649 1
2858 617 10000
53 852 10000
2481 1949 10000
2430 1321 10000
1855 91 1
1910 1356 10000
2355 2159 10000
1979 1623 1
1025 897 1
1453 988 1
718 1128 1
2174 24 1
825 1487 10000
2753 1660 1
2686 137 1
2300 1500 1
662 1134 10000
2011 1821 10000
1773 1999 1
1667 1265 1
2511 378 1
2059 2238 10000
1705 1674 1
1136 2147 10000
2737 504 10000
1785 1917 1
1205 79 1
2755 450 1
2734 2427 10000
73 2197 1
2232 2271 1
458 929 10000
1536 2667 1
565 2736 1
1537 1740 10000
2063 1156 10000
997 2370 10000
437 1982 1
1368 2627 1
2749 1350 10000
1730 2959 10000
2629 1446 1
599 1802 10000
1159 2844 1
2473 1372 1
70 270 10000
2532 1060 1
1204 1376 10000
1348 2740 1
1974 1368 1
1156 1314 10000
1694 2809 10000
1327 2111 1
2117 139 1
1572 2446 10000
2310 1988 10000
2541 1113 10000
1086 1462 1
341 2444 1
2778 2834 10000
1789 201 10000
1837 986 10000
451 2494 1
2094 2527 1
659 825 10000
976 2451 1
122 2420 10000
1824 1195 10000
318 1059 10000
433 300 1
1669 1609 10000
2780 2898 1
765 2846 1
653 2690 10000
229 760 10000
308 2981 10000
1405 789 1
775 1224 1
2366 2085 1
2704 833 1
585 758 10000
225 64 10000
2169 2980 10000
690 728 1
798 651 10000
200 807 10000
2772 947 1
89 1777 1
240 1859 1
81 683 10000
47 1619 1
2109 1969 10000
935 132 1
1153 1554 1
1415 1698 10000
2346 1217 10000
1513 2960 10000
2348 350 1
1425 2912 10000
1921 2164 10000
2610 1835 10000
2253 1734 1
1857 197 1
473 1022 10000
2118 49 10000
1458 2213 10000
146 1957 1
1567 1922 1
2205 2733 1
528 2225 1
352 453 1
968 1286 10000
1705 2123 10000
1743 854 1
744 2117 1
1994 2321 1
1370 204 1
243 1195 10000
217 2097 1
244 1878 1
1282 1488 1
2198 766 1
2975 564 10000
451 2517 1
464 782 10000
1336 1337 1
1231 1104 10000
2218 2541 1
2833 2246 10000
2585 977 1
1987 1962 1
2808 138 10000
540 972 10000
870 2506 1
2265 20 10000
780 1223 10000
2574 170 1
1476 1447 10000
317 318 1
1297 1579 1
809 2084 1
249 2129 10000
2054 2831 1
1774 1201 10000
1755 448 1
1846 2075 10000
1308 1365 1
1631 17 1
1151 2948 1
1678 699 10000
540 1095 10000
2240 2166 10000
2445 2982 1
2174 1968 10000
1494 2745 10000
2230 309 10000
108 2061 1
2564 2313 10000
1901 2586 1
1737 2653 10000
269 1527 1
2672 2139 1
778 189 1
1727 2048 1
1390 855 1
592 1703 1
975 2103 1
1871 2231 10000
701 935 1
866 2772 10000
1903 1429 10000
172 1937 10000
2362 2383 10000
2962 1541 10000
806 2381 1
2474 1318 1
1667 2938 10000
2223 768 1
2712 1244 10000
239 1862 1
1310 1553 10000
611 1787 1
194 2417 1
585 870 10000
2131 2278 1
2825 2559 10000
369 2482 1
1221 2096 1
799 1079 1
2014 2171 10000
1277 1205 10000
1651 1164 1
965 1240 1
2977 2599 10000
2199 546 10000
371 742 10000
396 2239 10000
2890 1383 10000
1950 2201 1
750 2528 1
2233 1221 10000
2631 2603 10000
1652 1730 1
83 1590 10000
2908 1306 1
1022 1296 1
1234 832 10000
461 65 10000
219 2668 10000
195 1930 10000
1407 1444 1
733 1125 1
783 764 10000
2819 2710 10000
723 163 1
1345 1716 10000
1926 2088 10000
709 2493 10000
1958 1475 1
2415 539 10000
394 97 10000
1517 2205 10000
1200 1846 1
13 754 10000
2590 2450 10000
869 1211 1
665 2679 1
2646 2881 10000
396 2018 10000
2564 715 1
713 1629 10000
1117 1181 1
2869 464 10000
316 604 10000
2715 1788 1
1508 1039 1
848 1174 10000
1926 53 10000
2621 1940 10000
2921 2977 10000
696 1006 1
799 2340 1
595 1043 1
954 892 10000
996 2214 10000
858 1889 1
1800 1597 10000
2128 1436 1
606 2462 10000
2086 2579 1
459 2092 10000
816 313 1
183 2064 10000
2437 2485 10000
2759 1234 10000
1100 989 1
853 968 10000
2807 1175 1
1031 2947 1
1189 1875 10000
180 55 10000
555 938 1
668 1898 1
1382 1764 10000
2713 1418 10000
1774 2193 1
2397 750 10000
336 696 1
848 785 10000
61 324 10000
2078 1701 10000
2319 1100 10000
2632 1694 10000
805 1745 10000
2871 1603 1
2452 257 10000
1693 472 1
1883 59 10000
297 306 1
624 1424 10000
1430 1723 1
1596 2226 1
528 1284 1
2180 1050 1
2692 2737 1
2629 2553 10000
975 2729 10000
1978 320 10000
280 1507 10000
1304 2222 10000
2816 2306 1
2632 1131 10000
527 101 1
2362 1111 1
2591 2640 10000
2328 1533 10000
2631 1655 1
1379 1868 10000
172 866 10000
574 2661 10000
2026 2198 10000
1002 585 1
406 2743 1
253 1028 10000
147 1320 1
2445 2877 10000
637 1643 10000
1819 726 10000
2897 238 1
718 232 10000
99 226 10000
800 35 1
1592 2150 1
842 1630 10000
2307 529 1
568 467 1
990 1528 10000
863 2702 1
2754 2194 10000
1166 7 10000
304 2777 1
2449 1237 10000
593 2318 10000
1126 1580 10000
1228 1196 10000
641 2422 1
370 814 10000
2409 29 10000
2455 2837 1
2119 505 10000
2789 1623 1
575 1185 10000
1070 178 1
2046 2761 10000
2080 821 1
2000 901 1
2676 180 1
1442 2693 10000
1208 956 1
2569 1840 1
211 108 10000
2074 1707 1
1540 942 10000
813 971 10000
1601 1754 10000
2983 590 1
1733 1779 10000
2300 2921 10000
1490 2585 10000
1255 292 10000
206 836 10000
1184 1154 1
1363 1535 1
839 1348 1
2055 2180 10000
1345 2091 10000
282 999 1
1565 1409 1
102 2707 1
2986 1769 10000
1075 2116 1
104 1474 1
2867 2251 10000
1041 2132 10000
1743 92 10000
1525 2508 1
2294 800 10000
692 2421 1
1303 1309 10000
1003 2726 1
1732 1264 1
1355 2078 10000
2115 2609 10000
1468 794 10000
2596 1346 1
1202 694 1
2322 2495 1
746 224 1
682 1024 10000
1561 707 1
440 703 1
414 1805 10000
1190 1739 1
2778 1673 10000
1160 838 10000
2544 1281 1
2917 83 10000
1394 940 10000
2636 200 10000
1493 2639 10000
2859 1829 10000
767 391 1
2433 2385 10000
2521 2606 10000
1594 2783 10000
2705 2323 1
596 1838 1
2373 410 10000
370 1467 10000
1451 1825 1
2748 921 10000
583 2771 10000
210 500 1
2870 2126 1
2300 2571 10000
664 205 10000
2950 2489 10000
1400 1253 1
1659 2690 10000
659 2163 1
1717 131 10000
1435 2762 1
747 330 10000
2384 347 10000
2849 718 10000
36 1505 10000
2298 2758 1
1295 2310 1
6 908 10000
1293 199 1
926 2294 1
267 1464 1
786 2899 10000
644 1742 10000
668 1211 1
127 2520 1
2967 442 10000
319 730 1
1242 1908 1
2152 2596 10000
2266 1799 10000
1767 1390 1
314 2810 1
1005 916 1
459 779 10000
2325 1335 1
1402 1290 1
334 531 1
1602 597 10000
2873 2460 1
356 1179 10000
1646 2377 10000
408 2344 10000
577 8 10000
1387 1148 10000
745 607 10000
1357 1449 1
857 2326 1
615 399 10000
2181 1282 10000
1715 2049 10000
438 1645 10000
1713 149 10000
515 1525 10000
1994 2748 10000
1359 2785 1
822 2461 1
133 365 10000
1801 2498 1
1361 1887 1
1075 2338 10000
2185 480 10000
375 489 10000
1038 879 10000
50 268 10000
1110 1393 10000
1145 837 10000
470 2582 10000
1858 2706 1
43 2797 1
1791 1279 1
1478 1944 1
103 1037 1
883 557 10000
1544 2500 10000
1361 1102 1
1731 1001 1
1669 1110 10000
77 1173 10000
741 1907 1
474 1931 1
435 1538 10000
2920 405 1
1127 2041 10000
1615 106 10000
2694 1659 1
280 1131 1
1535 857 10000
925 569 1
2442 2233 10000
1801 1542 1
466 2146 1
710 1030 10000
633 679 10000
1670 158 10000
1324 2441 1
1991 217 1
2314 2262 10000
1791 2656 10000
2418 1364 1
1132 2430 10000
1793 420 10000
1751 2486 10000
1936 2082 1
411 1635 1
2799 1569 10000
371 2611 10000
2692 2020 1
440 1890 1
1700 770 10000
58 2571 10000
162 717 1
579 201 10000
2028 100 10000
2270 2575 10000
1063 2866 10000
1516 253 10000
1438 1637 10000
2196 1034 10000
122 2521 1
2696 583 10000
1876 793 1
2920 125 1
2218 2949 1
661 2409 1
959 559 1
90 2536 10000
1664 1426 1
2801 1141 1
95 1585 10000
2361 2176 1
1526 2149 10000
1169 772 1
2105 640 1
2010 143 10000
1532 533 1
1478 670 10000
1461 2524 10000
366 2942 1
543 2878 1
677 264 10000
1596 285 1
551 1915 1
282 861 10000
1068 1229 10000
2314 82 1
2944 263 10000
238 1283 1
1490 2730 1
2138 2328 10000
580 2922 10000
1297 2192 1
2029 725 10000
77 157 1
2484 1339 1
260 1171 10000
2270 2388 1
1612 1015 10000
1880 1555 1
593 1636 10000
2794 2828 10000
1568 2480 10000
2984 677 10000
1300 2708 10000
2458 1514 10000
1564 2623 10000
1413 1477 1
2826 1655 10000
1030 1255 1
1192 272 10000
2384 1312 1
2432 1749 10000
542 2330 1
2841 2268 10000
463 1700 1
2179 2910 1
2443 635 1
2513 284 10000
1109 682 10000
792 2752 1
1466 15 10000
1027 2955 1
278 2598 10000
2014 1071 10000
1140 2989 10000
385 615 1
2746 2005 1
412 2280 10000
2974 1027 1
1189 414 1
1785 299 10000
1455 2635 1
1481 1460 10000
2308 1466 1
1518 1132 10000
2305 1053 1
2765 2903 10000
684 1652 10000
1270 2987 10000
1294 2998 10000
632 1939 1
2604 1567 10000
970 2787 1
2224 893 10000
2920 2100 1
1888 2213 1
1989 1992 1
2177 2563 1
98 548 10000
2704 2380 10000
1753 1391 10000
1856 684 1
1293 2769 1
34 2662 10000
2900 2647 10000
2818 1775 10000
2389 592 10000
687 1067 1
477 580 10000
2919 1213 1
1946 155 10000
2165 2988 1
2965 2638 10000
2411 1677 1
2109 1378 1
680 571 1
715 1622 10000
2185 575 10000
652 1571 1
182 1051 10000
485 2923 10000
97 957 1
2285 2974 10000
2774 1776 1
243 236 1
670 1648 10000
279 1033 1
2877 944 10000
2829 1375 10000
899 146 10000
2355 2946 1
1726 2221 10000
824 2871 1
119 1073 1
1182 2035 10000
2410 681 10000
922 1248 10000
588 746 1
1766 266 10000
2442 2418 10000
1007 223 1
1063 1272 1
1880 211 1
1208 1518 1
1572 784 1
2517 1467 1
2722 1537 1
2329 1511 10000
1530 840 10000
882 90 10000
407 1866 10000
2298 701 10000
2234 668 1
1105 2976 1
952 1157 1
109 1172 1
1815 1995 10000
1710 695 10000
2588 1834 1
2730 147 1
896 379 10000
1398 823 1
1534 719 10000
2892 72 10000
629 358 1
1328 2545 1
2878 2796 1
1920 1373 1
1366 1070 1
2219 1083 1
44 655 1
1847 2949 1
1155 2181 1
1092 1239 1
1671 1712 10000
419 1163 10000
2337 618 1
596 1342 10000
1634 2170 1
1717 1879 10000
2767 2471 10000
2034 2021 1
2689 2227 10000
1214 553 1
631 98 1
2201 997 1
1215 1566 10000
