100000 289 10000
99982 26762 3000
91676 68555 3000
52493 1438 3000
3897 30786 3000
49736 78758 3000
14931 68087 3000
31587 61323 3000
32077 39273 3000
51411 92296 3000
83731 24416 3000
688 46207 3000
88838 59525 3000
93566 69321 3000
49574 98720 3000
50528 70528 3000
64392 96112 3000
58077 9018 3000
9637 99877 3000
21953 4282 3000
64906 97502 3000
63198 41252 3000
68596 37122 3000
18631 72853 3000
17575 95464 3000
57494 30 3000
83710 45832 3000
6876 20263 3000
99458 10198 3000
68786 37850 3000
56072 93508 3000
34411 63125 3000
66767 85911 3000
26155 47748 3000
24920 83534 3000
31210 42152 3000
22962 90572 3000
23818 2410 3000
3849 21353 3000
68516 80449 3000
78236 12797 3000
2359 36803 3000
86419 88510 3000
88305 76150 3000
96796 42796 3000
58830 70514 3000
13438 50023 3000
64961 34283 3000
93136 90040 3000
36512 86266 3000
92438 78325 3000
49581 95436 3000
28412 43419 3000
42380 95742 3000
18394 75548 3000
31261 54623 3000
54239 89443 3000
61160 66520 3000
16384 93124 3000
28847 3263 3000
23023 99783 3000
32409 32627 3000
40704 88529 3000
56519 60631 3000
47086 46077 3000
83838 99276 3000
13682 31997 3000
61632 73295 3000
4108 80813 3000
91334 26407 3000
6922 45818 3000
64689 73121 3000
72504 76377 3000
52956 68673 3000
75851 28385 3000
21151 10726 3000
72100 72635 3000
35551 95870 3000
58435 38736 3000
46628 44699 3000
16026 16292 3000
94230 3092 3000
17032 53278 3000
330 81223 3000
23661 69095 3000
21360 39140 3000
68279 17242 3000
5568 82413 3000
70916 884 3000
60164 32698 3000
49479 72225 3000
60352 27729 3000
37200 18243 3000
25669 74916 3000
84875 37987 3000
9877 69040 3000
24445 69175 3000
49910 94045 3000
28410 1686 3000
64472 42949 3000
95176 60441 3000
2772 2429 3000
87020 88920 3000
88371 72570 3000
76531 73959 3000
76485 50671 3000
37429 51106 3000
60477 69777 3000
9800 11400 3000
25997 60071 3000
53586 36293 3000
46050 61215 3000
11525 77996 3000
38371 47899 3000
30201 93078 3000
10885 42899 3000
1412 23334 3000
99495 69674 3000
14509 27392 3000
79681 72738 3000
49869 19849 3000
14449 8366 3000
9400 55508 3000
27563 22653 3000
89633 4110 3000
80922 39189 3000
46149 53975 3000
35642 47895 3000
2944 47504 3000
28539 12806 3000
25044 75723 3000
4207 78422 3000
64902 10816 3000
17472 30894 3000
96202 85091 3000
24899 10544 3000
67211 91348 3000
35443 3998 3000
94683 85782 3000
43538 50000 3000
26984 5975 3000
82838 64078 3000
97381 12837 3000
19118 61906 3000
32945 4508 3000
43564 71870 3000
1719 6374 3000
36442 21924 3000
42675 12670 3000
59931 59095 3000
26493 26283 3000
75077 95419 3000
95034 24495 3000
91391 2596 3000
60285 50962 3000
63651 60128 3000
18591 22093 3000
4038 73138 3000
78225 68382 3000
34974 79224 3000
6685 43620 3000
23464 81864 3000
26861 53702 3000
98090 49857 3000
62547 45634 3000
47148 79130 3000
21237 30077 3000
88928 59990 3000
77141 37164 3000
89923 62117 3000
41216 3782 3000
7533 78074 3000
10475 97632 3000
83453 48488 3000
61578 92261 3000
50643 6091 3000
93812 11610 3000
59019 5147 3000
61271 84030 3000
20315 17760 3000
61796 17930 3000
71577 3145 3000
53715 46066 3000
6623 36583 3000
86194 15645 3000
90296 35962 3000
31065 17848 3000
204 56580 3000
25640 44085 3000
27335 44436 3000
18847 95327 3000
4315 61763 3000
11589 22669 3000
55732 13243 3000
69143 45799 3000
3012 36829 3000
50956 60784 3000
728 97742 3000
76465 81721 3000
87121 57491 3000
39920 37714 3000
16241 65596 3000
83545 98762 3000
82633 1959 3000
13231 32685 3000
94009 21207 3000
60498 54933 3000
28934 40599 3000
83044 71711 3000
22214 99970 3000
51862 72517 3000
97379 32817 3000
32588 71455 3000
68607 36233 3000
66252 90560 3000
50911 2535 3000
38286 1792 3000
76356 34117 3000
71072 17486 3000
73868 79660 3000
37053 94549 3000
30912 2258 3000
4890 38802 3000
8452 30944 3000
33487 34269 3000
93499 72185 3000
91461 12611 3000
80962 55032 3000
32409 81257 3000
79580 31373 3000
86557 36966 3000
68054 84846 3000
62838 84707 3000
68211 70655 3000
74767 14517 3000
57033 29351 3000
2700 87292 3000
14425 81568 3000
66441 39618 3000
73038 62013 3000
84678 22837 3000
16737 53265 3000
72947 83689 3000
44074 16099 3000
38236 77147 3000
2366 29682 3000
11106 7894 3000
12065 66477 3000
10814 49534 3000
66569 42995 3000
99818 46224 3000
40523 46376 3000
17811 9967 3000
64567 19570 3000
75465 5958 3000
1138 64627 3000
99220 34465 3000
78646 27585 3000
85893 59864 3000
45372 13618 3000
4712 35412 3000
36869 61507 3000
91181 92236 3000
81772 61828 3000
2929 5136 3000
36482 77624 3000
83019 93921 3000
7172 4652 3000
22787 55002 3000
70128 20964 3000
96173 60687 3000
5786 34669 3000
36341 40593 3000
94354 80963 3000
18322 7429 3000
48564 19935 3000
3605 16856 3000
92852 55043 3000
61131 20555 3000
79649 31181 3000
69152 47807 3000
82649 25788 3000
75959 62440 3000
5666 27687 3000
21364 84382 3000
29725 72096 3000
99627 15083 3000
21394 21257 3000
69042 18967 3000
66967 74514 3000
