100000 229 10000
17607 878 3000
68408 89908 3000
41588 9068 3000
84776 32415 3000
47805 97546 3000
8453 47343 3000
47792 20057 3000
95960 4944 3000
64342 9256 3000
15565 57776 3000
73611 35310 3000
75063 33907 3000
68692 74042 3000
50887 72218 3000
88359 56760 3000
72428 30984 3000
82860 8638 3000
67370 88222 3000
46158 32032 3000
50294 23096 3000
22869 50433 3000
65413 84104 3000
35090 16404 3000
67286 14034 3000
59692 37340 3000
56712 55676 3000
46542 89806 3000
78784 38066 3000
67661 6646 3000
89034 98990 3000
87416 15800 3000
23259 54218 3000
61369 9282 3000
8023 76550 3000
92209 90214 3000
69105 81850 3000
62708 20244 3000
95477 76755 3000
70100 65585 3000
67794 26967 3000
6610 93798 3000
6429 33852 3000
61422 44213 3000
87054 76280 3000
47396 32290 3000
98641 41565 3000
18479 89854 3000
99829 5226 3000
69940 2355 3000
55739 32082 3000
16678 85963 3000
92784 25878 3000
30275 20224 3000
93658 76056 3000
82155 15327 3000
83195 12122 3000
2030 41412 3000
2824 99350 3000
13003 42624 3000
41602 74938 3000
6616 16749 3000
96994 54941 3000
5881 16925 3000
55048 44747 3000
17992 78862 3000
7903 96457 3000
24062 94731 3000
26221 60072 3000
8006 3482 3000
88297 10188 3000
53228 87546 3000
42945 66759 3000
34451 60139 3000
31089 88991 3000
7552 92289 3000
5473 5892 3000
91048 5902 3000
85121 99892 3000
26067 50773 3000
59271 94806 3000
94525 77261 3000
42072 85380 3000
28460 89407 3000
31443 75858 3000
45544 12717 3000
13176 74304 3000
65682 53080 3000
36853 58519 3000
67515 50396 3000
86965 3972 3000
69460 42134 3000
97153 18445 3000
73263 77632 3000
84309 49947 3000
22511 9928 3000
35659 44710 3000
17387 75227 3000
47046 22314 3000
40965 89117 3000
39197 58422 3000
50206 87766 3000
39372 63750 3000
46654 1236 3000
28233 75447 3000
55805 50603 3000
81 24689 3000
58695 35811 3000
18974 43341 3000
61263 13818 3000
13139 16910 3000
27985 33708 3000
41199 17710 3000
79896 67097 3000
99517 92471 3000
80391 625 3000
19249 23652 3000
35123 89990 3000
37122 47330 3000
74942 46737 3000
67145 98648 3000
67452 91378 3000
12988 57008 3000
15995 10587 3000
46865 3250 3000
4739 99362 3000
5111 91289 3000
23996 41185 3000
7068 98286 3000
49973 66544 3000
9962 31898 3000
53182 44733 3000
30822 44038 3000
61574 36774 3000
38841 71086 3000
39610 4652 3000
1877 78395 3000
14541 45406 3000
78200 49618 3000
62237 72167 3000
78141 46106 3000
72250 60875 3000
39298 25664 3000
44481 12027 3000
36177 81442 3000
65338 94944 3000
39050 4932 3000
37152 60201 3000
26668 81847 3000
1080 67225 3000
33857 29891 3000
3135 16600 3000
65904 30443 3000
188 70792 3000
9725 93008 3000
57341 72887 3000
96322 53432 3000
90322 9886 3000
9851 89065 3000
29701 68074 3000
73301 80867 3000
34748 25997 3000
39271 49868 3000
77660 92170 3000
62079 84296 3000
47019 81631 3000
33114 97755 3000
6896 54299 3000
38738 86082 3000
83550 33325 3000
73425 89868 3000
46983 44130 3000
14560 5357 3000
85830 7983 3000
16287 6059 3000
68164 4743 3000
22489 4567 3000
58716 77853 3000
63596 31334 3000
47596 35536 3000
26982 77122 3000
43892 84284 3000
85032 75471 3000
76567 81021 3000
94587 7988 3000
4410 40286 3000
47997 95304 3000
22151 20382 3000
21838 54216 3000
2311 23076 3000
23263 41184 3000
21823 69655 3000
2864 79060 3000
62831 58219 3000
58968 61121 3000
78272 18943 3000
26370 88088 3000
60005 53472 3000
32547 10324 3000
35909 59514 3000
17631 61890 3000
12280 2909 3000
68199 98036 3000
48189 46827 3000
90946 88031 3000
44036 993 3000
41756 89310 3000
21897 92178 3000
4297 18894 3000
75350 23825 3000
4799 60004 3000
50050 37718 3000
1230 65320 3000
27935 44 3000
49182 87908 3000
9968 28315 3000
71733 8258 3000
20745 59039 3000
31019 80374 3000
82932 79427 3000
86365 6257 3000
48756 12978 3000
66648 78209 3000
18011 56937 3000
10175 42350 3000
46094 75066 3000
63501 11702 3000
63671 7113 3000
75030 59286 3000
90865 97975 3000
