100000 3226 5251
4097 27666 9618
96571 40131 8935
96564 86600 8582
49080 73534 9640
34737 12794 9147
47707 49481 9771
43030 96418 9890
9022 21933 9692
62700 84329 8192
12931 89550 8333
94761 7843 9103
13622 20268 9110
20981 65475 8172
64732 68844 8167
35021 32294 9439
68571 9023 8908
30407 55528 9708
7080 350 8526
13117 95107 9549
59040 62434 8256
9125 88923 9180
54697 24585 9104
67182 45753 9783
84523 20004 8912
81260 21980 8748
45690 12180 9458
83549 55069 8901
49893 2799 8856
60255 26458 9734
29849 87304 9184
78986 56187 9057
11895 14621 8171
44319 68274 9563
96711 1256 8093
36567 38957 8874
54686 39225 8441
93763 94536 8160
15309 16456 9501
72636 42306 8330
3312 91904 8647
70450 50374 8491
98289 99471 9947
54134 14604 8894
78526 69711 9437
73180 72065 8013
37976 34369 9696
75921 19131 8867
43349 11009 9979
5236 75402 9166
86629 41229 9849
83134 97789 9886
52859 28830 8118
84536 3346 9127
30053 84567 8353
69588 1598 9323
52198 20312 9451
9473 24357 9120
21289 30711 8678
92674 97426 8918
47053 3462 9473
86277 97824 8210
87933 65903 8210
64292 29753 9463
54128 87156 8093
12625 40285 8306
51925 16237 8737
27298 38633 9920
97578 12418 9417
8209 84329 8516
91221 16956 8437
27232 83026 9733
10179 75714 9955
26640 92410 9029
39766 65514 9266
52969 32430 8578
25794 59820 8380
33834 75764 8012
3642 28760 9519
28864 8666 9371
28980 53221 9648
12114 70309 9822
12249 28465 9445
65095 86941 9177
63047 17597 9522
47268 29343 9126
50885 26788 8095
9274 51391 8339
2748 38210 8106
6629 16143 8936
99571 91650 8521
46712 2554 9778
34049 12616 8113
68902 66336 8762
52874 12462 9877
56730 87091 8730
68139 52708 8238
33815 91473 9321
67922 2568 9550
75472 83203 9326
1227 49436 9390
29480 33873 9642
18230 75942 9072
46592 31824 9045
28437 88131 9648
1683 56974 9678
65192 27195 9337
17867 29387 9687
7049 46773 8237
18741 60932 8454
79182 74440 9622
106 77396 9348
72257 93942 9371
81836 69224 8695
10423 90623 9291
73388 966 8916
98480 39932 8733
17777 51815 8047
97728 35132 9269
81467 38433 9048
19854 20409 9940
1776 8258 8264
65963 8868 9763
13637 31552 9675
45611 88983 9476
35037 77282 8605
42620 20010 8321
812 95518 9887
19746 57799 9245
12946 35011 8633
44401 42928 8671
34240 33490 8623
67087 95289 8340
38950 10712 9846
81893 95839 9310
78251 71340 8684
48167 77150 9837
89198 67078 8013
31684 46709 9537
40300 71571 9997
57530 96638 9095
66773 85935 9686
9437 88091 9765
61808 42619 8878
36772 90217 8429
38919 2959 9368
67559 49232 8403
64687 86253 8724
2990 8041 8255
49754 33849 9364
71609 31710 8993
11741 38810 8682
36713 19592 8257
4353 51483 8360
54718 75408 8268
19222 17164 9285
10401 24594 8022
12192 65799 9023
43893 97508 9618
4925 21709 8832
48374 812 8583
11398 56833 8461
75335 1191 8122
17613 60035 8020
13822 41231 8790
76018 5147 8421
34125 71781 8997
42101 80374 8414
46299 97541 9481
44765 49595 8489
41234 5769 9576
28813 7010 8987
10207 60897 8399
84955 14599 9316
34735 92844 8946
2361 30345 8069
22732 54930 9947
73359 55971 9534
57431 55616 8371
61873 91009 8145
12743 81703 9925
89105 22419 8379
77276 43408 9339
90989 33872 9026
58340 66870 9666
72936 99158 9425
79130 76238 8980
19549 67928 8699
70323 61895 8582
25676 68398 8175
92469 32586 9810
19674 6949 9924
629 83624 8430
14957 66193 9547
24554 41740 8027
93916 8383 9205
96222 53825 8823
360 78816 8387
68760 84602 9124
83315 38160 9204
29883 62305 9336
27711 91201 8384
15131 59689 8831
87432 44679 8389
43805 4856 9616
66368 90904 9393
94227 93275 9552
89272 15861 9726
4456 89519 8047
8511 39299 8271
39817 45730 8224
53992 61508 9507
23025 26504 8781
4076 83609 8586
69640 45432 8238
29926 40442 8810
64717 84353 8399
58345 23484 9689
85930 58540 8671
30815 69606 8994
4460 58864 9014
58419 77341 8583
26265 28630 8313
22161 37532 8580
26329 26780 8831
9546 53971 9081
93889 12913 8292
5350 82762 8272
72123 61158 8176
76648 57489 9395
33390 79720 9737
96723 43600 9735
97935 91670 9728
52497 93918 9445
76288 77572 9268
3663 7263 9782
39583 37149 8191
62069 80515 9516
20547 92688 8133
34804 88281 8735
87477 90749 9310
96424 51683 8030
83192 668 9689
6990 24380 9912
79290 85740 8185
13346 60262 8001
29841 54505 8205
83507 55006 9056
25611 35340 9668
60418 34063 9752
95364 34256 8641
98751 54898 8737
54678 78115 8412
72952 4253 9740
41429 82579 8836
80485 69996 8417
2402 9238 8280
58622 75437 9651
72536 55207 9650
40923 3324 8513
82922 43224 9685
12872 23203 9696
11459 56934 8230
97240 4481 9826
43865 24815 9785
89343 39967 9618
74961 13306 9582
95758 22225 9311
89017 4455 9109
11061 63625 8813
47717 94576 8974
26991 51490 8678
96911 81465 9801
59455 44793 9740
29015 59428 9703
44184 57683 9392
85560 80389 9614
71062 25838 9536
99121 5908 8751
39735 15957 9034
23827 23414 8180
25383 13309 8591
90514 61389 9514
14296 9106 9537
1155 36594 9922
49797 59569 8569
85260 34475 8214
27192 37468 8850
99936 66800 9390
79273 83049 9017
86231 2173 9997
83372 89089 8009
92244 66560 9374
80068 70267 8275
91851 78353 8996
64315 99482 9823
76920 6271 9389
15367 90338 9230
81305 82495 8477
34432 35310 9136
35833 43783 8763
50342 17849 9218
90872 79647 8616
61853 31712 8711
73389 71209 9274
39199 30645 8420
9669 32490 8843
62835 47658 9733
36130 49761 9260
14596 87647 9898
9757 23898 8824
9174 1791 9391
71990 38014 9172
5093 29599 8671
68622 17475 9261
13732 12722 9651
53281 12560 8865
89 77754 9566
46105 54661 8839
81831 7286 8501
63674 28555 9211
44007 18473 9041
43230 44979 8448
46521 40654 9226
79537 49692 8245
72039 69524 8809
99436 69909 8140
2952 50456 9452
61164 54137 9942
39761 63317 8905
50373 37381 8650
82463 15612 9545
80308 23940 9393
9236 46757 9429
22711 39564 8035
39522 34434 8325
1942 63815 9712
15969 47718 8358
29888 37823 9210
50083 18868 9371
82099 37910 8869
51207 3196 9936
83229 56893 8543
79445 19633 9327
81148 11309 8747
69923 84855 9602
26941 95976 8937
51675 33353 9437
35571 30818 8951
32350 97903 9488
58795 97143 8256
76299 4600 9257
34861 61249 9480
74308 35774 9579
36346 89853 8454
76017 72676 9480
86654 40710 9100
92817 83031 9864
83930 71926 9954
93767 21607 9039
67875 98565 9580
78424 94940 8524
763 1903 8486
97934 53896 8965
66248 92605 10000
13617 76189 9736
13029 56563 9150
57224 20483 8422
59630 78929 8380
13383 83429 8485
17461 8947 9303
86068 20150 8686
60382 5950 9909
31726 23670 9063
63048 65597 8714
69053 10494 9740
97553 1482 8518
73250 84358 8843
53794 12758 9231
23201 78591 8769
26119 53770 9200
34903 3106 9611
86786 3156 8506
99687 41288 8305
87496 46973 8569
96526 21162 9672
73136 86099 9094
13577 62473 9450
19104 36224 9785
97542 24571 9081
37241 29038 9070
83127 71817 9515
42717 1893 9404
83953 61337 8580
33399 11412 9143
94408 95858 8257
87602 15079 9145
48332 16731 8656
62542 22478 9785
68279 68159 9678
44058 18079 9841
20316 13518 8580
7833 10365 9877
36483 91464 9825
90441 15811 9860
92245 99527 9054
17324 81898 9279
90207 37125 8814
59885 59282 8615
9309 41628 8213
18063 27983 8568
71772 51890 8165
55660 11511 8782
12390 78104 8427
36347 5114 9831
70033 77192 8276
23625 1945 8063
21846 11665 9795
94440 25904 9669
75802 47276 8439
18309 65595 9387
727 34380 8696
30965 52651 8506
10324 30509 8446
81384 80227 9357
40347 96914 9365
87139 81318 8136
4106 10770 9599
34358 24423 9932
27283 67441 8454
99679 52735 8959
54528 5472 9532
57274 79774 8252
79203 63213 8324
88999 96431 8155
5182 18220 8635
41243 28767 8211
58145 82395 9091
23821 93267 9491
51648 74145 9888
73538 60397 9775
27958 29799 9633
85231 10269 9545
1526 56733 9157
4623 82856 9226
9924 78142 8748
52794 58772 9301
7016 78930 9673
88201 9828 9809
64261 61429 9251
72359 63400 8413
79279 40627 9940
83662 74697 8943
48999 10177 9350
83432 91558 9308
75652 87517 9218
53073 59070 9233
2327 71954 8213
13523 13595 8732
10481 16496 8892
67990 51314 8337
24410 8315 9301
2442 12 9324
41152 37412 8142
77883 18606 8755
7827 81510 9576
96473 23477 8004
87299 83926 9711
78508 76159 8416
524 76315 9161
20597 19336 8293
27052 40046 8229
79164 91996 8459
63070 56389 9744
58655 68379 9229
36619 74621 8936
57940 60690 8426
69228 75699 8099
57660 86936 8261
29761 82068 8501
47780 19930 8735
23662 50005 9669
32140 8985 8398
97996 38767 9183
13034 26756 9133
8334 17076 8123
93871 8766 9759
89273 84918 8701
25785 42266 8704
42337 31796 9381
81092 80567 9236
84905 23084 8787
34745 81094 9829
39294 42250 8099
92134 61680 9405
26824 4164 9598
69577 2244 9629
50222 24498 9639
93206 29411 8311
76849 53094 8127
71059 87378 9879
54126 8655 8684
44955 82430 9211
39719 17566 8150
5466 4675 8510
18899 12023 8438
68607 29797 8417
9941 45796 9292
24504 52222 8789
95871 38797 9779
29639 15512 9218
19358 52366 9068
36806 18420 8250
44894 74503 8598
46291 37291 9400
33852 32552 8290
5160 47212 8400
29316 7546 9767
44214 16543 9858
88480 9658 9409
73567 25464 8033
11735 31341 8794
40544 11742 8808
22572 35795 9743
65176 40243 8826
51697 17885 9186
57921 98549 8158
58293 67373 8244
43806 45375 9327
73597 79438 8852
28243 86082 8150
2028 80963 8256
33629 88509 8999
69949 7493 8689
84472 44681 8140
35859 29465 9871
42410 45023 8547
7408 52026 9067
30346 52304 8877
4984 65159 8894
91978 79054 8255
1439 14330 8194
89805 60388 8212
91538 54256 9523
47492 74262 8944
25190 40152 9251
73688 59634 9334
92902 55009 8433
38593 77491 9533
16529 24510 9958
76727 95894 8167
34975 12055 9912
39477 28597 8754
30623 24533 9317
32890 65381 9106
23433 47575 9301
53780 71596 9751
70826 21461 9514
65800 60978 8042
129 21145 9509
23856 21632 8415
5706 81512 9968
17551 35218 9254
31490 1740 9610
40505 47847 9733
85436 67887 9025
34978 4172 9853
16329 74133 9978
98740 82437 8333
14248 87994 8284
77436 40485 9068
47692 81418 9797
67933 34605 8120
36650 89183 9192
8922 99635 9004
51577 35550 8072
16891 35920 8938
94292 68142 8068
54436 61204 9605
73862 28009 9967
20592 59571 9723
82602 87513 9949
69878 25151 9178
92450 84021 9918
4819 59420 8528
91810 81838 9301
53455 86925 9692
32134 37936 9401
13310 27829 8713
21721 58244 9589
84535 30484 9076
50971 97547 8914
86620 8526 8875
47340 83178 8847
85188 52010 9499
53984 20154 8902
56530 81213 9052
28911 95697 8174
92011 10841 8266
80317 82696 9240
27572 41311 9144
15523 92914 9457
99673 84850 8505
2396 62436 8681
64332 62594 9282
57498 67326 8670
11534 99844 8328
17592 58999 9492
39084 42299 8976
82155 56201 9379
35432 95691 8585
74684 66632 9166
13600 29192 9013
17614 25715 9355
68181 15059 8074
9686 52629 9876
4782 88994 9472
71626 59976 9710
16858 43982 9516
8687 2681 9759
341 60699 9981
11051 60383 8247
42021 83216 9035
14060 56179 8612
28932 29767 9937
8205 31090 9556
91812 96541 8013
53893 92541 9560
460 97713 8519
77648 89576 9423
41119 88428 8074
67511 51988 9063
94929 96860 8145
30405 6661 8306
2973 99458 9788
70842 29579 9836
79394 7638 8332
99099 41513 8377
40675 6989 9156
61969 67775 8833
70140 36598 8945
42451 9038 9373
80981 48611 9558
56239 44130 9973
40964 62410 9107
73486 92944 9190
84471 91560 9185
40416 12892 9415
18855 66354 9992
10357 65380 8540
90140 57448 8893
56694 69708 8020
74120 30484 9402
14971 43458 9204
6187 17791 8968
21870 21958 8870
81142 43164 9418
68901 29079 9281
46258 30523 9259
89192 68771 9834
22922 19670 8832
51558 16601 8215
29675 88349 9136
5547 57752 9639
62050 73698 9410
22340 48503 9618
35282 33566 8341
70041 77917 8782
83652 5665 9136
45119 74734 8520
93892 48778 8005
16877 96407 8271
50791 75839 9153
56942 75743 9038
64423 94421 9841
82790 61706 9258
68932 43123 9374
86067 89195 9486
97150 36501 9571
87978 69754 9280
13644 28754 9658
87996 91516 9868
93098 12865 8586
26354 77323 8899
6921 13762 9453
79969 8152 9533
39928 85775 9008
6805 45676 9661
96884 8597 8919
8631 10251 9778
64302 45150 9793
96296 7476 10000
28582 37596 8283
19523 2911 8973
319 76718 9826
71498 34718 9616
5415 94128 8226
5468 64363 8567
1656 55981 9085
59284 20666 9146
97977 39917 8651
6380 86431 9852
91753 14616 9952
2689 63123 8364
79357 26819 8918
22830 31540 9808
39478 75260 8427
33558 29648 8125
43546 81800 9935
17220 50994 8949
91243 27253 8986
8738 63741 8044
96922 50715 9614
98605 75004 8677
57773 56404 9421
72860 94990 9906
37618 619 8500
53816 72998 8772
47425 92746 8263
78146 84932 8088
48645 46250 9851
25344 62867 8562
50577 73983 9695
16690 28504 9576
32721 44367 8097
50116 23258 9116
39285 15848 9900
66055 18109 9212
24307 47999 8008
79154 4150 8771
15147 10667 8770
11206 23401 9776
38899 24598 8665
30577 8955 8997
28509 36883 8861
83086 84695 9674
2784 32425 9133
54114 85184 8883
21345 73856 8690
65950 70108 8303
46622 9601 9305
91247 15908 8297
56749 42320 9539
80449 91349 8083
45079 18109 9581
46666 18412 9086
96236 71148 9117
67849 50409 9877
58203 22690 8843
11519 95451 8544
61625 23613 8027
29589 47376 8716
57071 25357 9488
14512 89663 8967
3683 60968 8097
96156 52144 9704
47933 84357 8268
58314 14827 8248
15019 17696 9909
53182 4718 9842
36635 72264 8358
55672 64337 9284
40952 64727 9092
89377 68031 8524
64952 61887 8508
41400 63140 8419
16166 27063 9658
76957 93533 8138
75456 11769 8369
93576 8755 8993
9037 5337 9539
40875 12006 8234
82312 58756 9688
4849 52154 9329
72486 28007 9240
22210 44299 9463
89090 25704 8649
59165 56737 8292
15162 61593 8752
80582 18461 8666
50001 76179 9786
45101 17265 8664
95011 66597 8030
17757 66743 8213
3079 21543 8057
44433 84271 9402
14327 51587 8548
23624 50340 8671
89649 77365 9314
82076 42371 9309
16866 67062 9532
58356 94188 9882
20155 56925 8845
83294 73721 9712
28948 32782 9148
38507 91705 8483
11431 25060 8817
28289 52104 9266
54127 78638 9424
89701 51578 9296
53112 616 8477
77097 22323 8978
36867 64898 8643
24617 67523 8606
58645 52133 9327
72616 22875 8704
36685 47608 9118
43968 16219 8710
5484 67155 9661
59359 43730 8379
64207 83132 9381
38140 39608 8286
10653 56781 8179
21300 80795 9493
62862 2652 8559
62054 99371 9088
17634 55132 9016
83858 7086 8605
2765 38855 9249
85727 27797 8057
3590 81274 8211
65648 8077 8980
75516 76964 9363
95796 54925 9887
14496 94863 9281
53890 89274 9966
6669 43674 8842
25308 93039 8632
46560 19499 8389
27863 55460 9616
43023 61266 8795
47493 80128 9641
9949 2761 8101
93830 21125 9825
40889 25542 8034
35687 22040 9817
37978 26657 9739
24774 87502 8764
45858 76861 9764
21557 71730 8565
21690 59743 8699
36595 11415 8637
13954 74366 9349
22370 74567 9709
2344 38859 9041
1477 67547 9713
13538 61773 9212
61560 3854 8396
34236 89398 9829
83937 73029 8330
9334 55349 9051
19800 34686 8747
34886 59755 8425
30863 89997 8847
78079 99865 8615
29465 4109 9839
69197 15811 9074
15629 31219 9054
11513 34504 8337
43125 23849 9965
83959 94071 9440
84481 58603 8712
62663 10628 8057
2906 23695 9403
9221 14684 8289
25278 45196 9238
3759 48190 8591
39375 95479 9659
75065 27527 8194
69315 64327 9732
38818 23919 9826
32552 23 8686
36051 61862 8194
52224 87696 8477
52050 91830 8552
99470 32585 9533
98603 39883 9371
39920 58065 9715
74497 77052 8994
84795 6810 8717
207 45040 9519
2908 66902 8535
68415 67696 9130
60680 28110 8920
41993 59469 8731
21814 43775 8012
7729 45152 8431
37554 97432 9449
65435 13694 8043
59292 3503 8505
62725 86983 9778
94012 44647 9626
32023 29522 9580
52812 58552 9873
62163 92095 8140
28031 27985 8118
69345 25063 8627
27642 93552 8649
30991 85784 8239
13251 53270 8049
77037 34112 9241
85513 98099 8602
33047 25833 8703
21800 38434 9566
71704 70987 9661
65089 35807 9842
78400 3327 9181
8090 70327 9452
97318 60159 9066
89256 91596 8287
58309 64953 9420
3245 20022 9948
10947 65575 8167
42822 71836 9090
24169 38600 8775
77866 53779 8406
10897 41686 9418
28189 31106 9378
31239 92028 9823
96809 9200 8554
82738 46695 8424
5753 98944 9172
74185 49468 8071
89499 25600 9245
70432 69319 9140
79400 69565 8662
75720 45658 9286
44300 84769 9216
36592 48107 8046
39006 50651 9580
20129 22183 8377
56318 69973 9404
64474 93482 8233
1026 44279 8566
72311 20275 9414
2651 62577 8087
19526 37030 9431
40509 4398 9964
12559 14359 8564
57949 35177 8420
53379 42807 8221
98790 65394 8173
31380 52245 9635
61909 87869 8697
29260 53289 8763
14601 70026 8784
34253 48853 9158
4201 91109 9649
39152 49324 9679
72274 70828 9784
52653 74225 9909
80082 30927 8510
77485 32928 9887
11613 71535 8723
26917 54595 8701
40271 50267 9070
1520 2137 9070
47741 46475 9317
9726 95292 8290
20862 28670 9104
21616 52689 8966
21170 1475 9802
70324 22283 9054
2704 25094 8402
79847 53666 9675
56141 52365 8995
18544 74237 9845
16059 15652 9692
95281 99780 8892
10296 73466 9339
84911 47507 9433
95198 34808 8434
44708 81789 9767
40801 34887 9476
42431 66158 8652
33410 75668 9147
5195 27587 9457
78330 36044 8400
64392 64284 8612
70494 56303 9753
89057 9505 9912
34683 12183 8860
24604 9204 9635
13808 21596 9792
12322 67082 8873
89515 73227 9233
84806 87537 9711
85493 53867 8769
95108 49734 8224
53520 44586 8912
74729 81063 8094
1637 81723 9355
83337 58528 8330
69016 57409 9757
69351 72549 9087
47855 56813 8575
68527 34673 9440
42364 67070 8521
89561 6844 9644
94927 38360 8818
92520 79987 9860
7354 82735 8620
25173 72357 8922
70904 20494 8163
56223 87944 8603
93205 25341 8740
41029 85572 8058
5280 21873 9845
66517 39137 9491
79601 53285 8148
50931 34127 8887
24440 71649 9601
63828 5705 9669
83942 47643 9790
40228 78983 8858
42548 38078 9326
56894 54683 9574
49033 86375 9257
11896 31182 8576
4533 77428 8225
84299 2465 9542
34087 18121 8964
27118 33133 8570
8952 21037 8471
13481 15895 8439
34344 17779 8606
81200 76933 9278
57715 46825 8494
78904 1928 9070
81651 66603 8149
90903 46595 9768
47785 68773 8446
71308 13857 8093
37698 15971 8305
11510 331 9157
23763 33647 9053
34102 98775 8466
36125 32088 9175
3405 23051 8917
52895 39159 9702
55163 22519 9593
42797 82225 8839
32336 19506 8896
87426 58760 8131
5171 20828 8642
69063 64799 9367
18910 2216 9864
1949 63150 8889
75759 80518 9011
49345 52157 9376
61226 9383 8461
88406 93119 8939
4145 90043 8705
14948 77708 8521
119 90971 8761
71743 11371 8711
59113 24610 9064
72458 25522 8880
39253 42674 9775
42379 24978 8087
81848 74670 9110
23517 16263 8211
30494 38281 8810
75271 23610 8312
85797 27652 9032
60067 95998 9762
50738 41032 9260
16117 36621 8783
50206 8394 9274
55689 85317 9392
9686 81561 8132
64548 92407 9304
37781 28753 9818
76481 29094 9489
88401 68238 8720
20688 5225 9082
76839 96853 9845
97725 55683 9641
75065 81075 9165
20971 4861 8859
52249 53696 8846
95466 16440 9181
22592 85596 9931
84774 32128 9839
61254 95305 8357
82911 61021 8609
54505 66200 9286
93700 60316 8456
73268 69768 8145
99800 6751 9520
9559 45482 8646
84793 62661 9263
52349 92145 8869
88961 21016 8476
94673 20299 9080
44643 87952 9768
16921 8148 9727
88255 80523 8455
98724 10177 8050
13366 83189 8926
39688 38926 9488
69331 90644 8208
37607 22082 8705
37053 86737 9766
62145 47134 9634
57059 95783 8698
53019 88876 8187
10102 90089 8694
81487 78294 8109
61712 19598 9426
22567 62502 9588
85619 17104 9483
24692 17511 8319
47587 1181 9118
98493 19620 9755
70450 60388 8682
28281 7557 8509
62224 62585 8846
71590 7492 8463
127 92204 8836
18541 48853 9437
40200 20584 8591
22140 46426 9856
74954 29681 9036
47673 56881 8618
17017 61052 8318
81704 78266 9679
68619 10858 8243
21474 77430 8324
15871 66884 8032
26796 76700 9175
57506 53548 9096
52385 60812 9772
6336 91417 8847
45021 32545 9010
66697 57974 9975
67781 24831 8799
75582 85611 9552
960 45982 8818
21454 82815 8175
13630 7004 9733
4653 85693 9333
70255 78611 8881
91811 56425 8070
40328 49785 9601
64263 57381 8592
19219 5128 8747
31263 66096 8183
99452 18089 8633
43948 47800 8176
60762 65373 9857
85408 90381 9700
53437 73434 8520
54020 89223 9459
56332 41183 8839
19048 1794 8013
24320 75068 8800
89205 46562 8932
32300 98045 9112
42616 78553 8935
12948 32520 8583
43426 60918 9927
27730 34269 9552
49229 26015 9119
8100 30097 9482
9510 83138 9679
91052 81772 9151
95554 65778 8793
41210 74688 8849
6184 76911 8640
86292 85255 8247
55102 2535 8917
26150 77439 8656
7574 35080 8144
98495 44644 9329
64585 26678 9097
13758 84593 8239
57241 60995 8250
67619 72807 9851
45280 31111 8051
14303 75957 8238
70865 49995 8467
26857 10940 9212
44224 96679 9447
86498 24722 8689
99252 33343 9208
1487 95160 9120
81903 71138 9731
49677 73020 9591
33654 18182 9662
27747 18775 8240
43127 10555 9506
64320 26902 8074
8771 63127 9776
49149 50449 9505
11041 52964 9494
99226 64664 8145
24612 12400 8284
98087 89983 8686
93002 97754 9321
92890 62188 9565
14798 11208 8144
73821 95922 9973
51847 34656 9179
40272 23369 9796
79546 31217 8677
58856 25217 8988
90707 8257 9302
68227 12582 9306
35119 95402 9659
8765 83885 8716
74591 78309 8907
66040 44217 9844
45023 40516 8935
28585 34814 9834
76527 42758 9030
50747 82734 9094
48758 99731 8753
75471 94972 9895
4209 74749 9150
68117 59844 9368
40537 43223 9888
73715 28410 8240
73073 24228 8042
30156 62566 8984
97674 30154 9768
33858 78381 8403
75421 53017 8665
53864 86986 9323
20257 89598 9165
26415 35409 9910
83448 9146 8676
34997 87258 8216
18905 96606 8148
41753 44332 9654
356 893 8262
16600 6841 8405
23364 77272 9599
39806 32937 8339
42969 47811 9601
36185 30296 9911
59083 49660 9994
70833 29667 9289
67236 98055 8641
16707 51700 9502
5235 19901 8319
76485 80322 9855
45938 97320 9079
11860 43639 8609
83182 90136 8893
4598 15011 9804
717 13370 9133
49851 83716 9317
4480 27184 9639
13691 11963 8911
41697 80949 9244
9769 1375 9152
14464 15635 8285
89406 39061 8916
30797 38486 8639
53654 98334 8344
51746 42447 9759
54250 39296 8698
15992 74518 9799
45327 77568 9321
24142 55904 8903
6363 62427 8059
3129 6477 9373
83293 59326 9176
88713 56696 9068
62155 54450 9348
70800 3304 8346
97197 68993 9892
46399 86005 8880
29832 39853 9994
23412 61999 9481
34106 19582 9284
21103 70421 9411
93106 21052 9782
14308 69485 8124
9620 18399 9181
51616 91820 8483
35015 47046 9835
8877 4742 9771
13597 96150 8476
10454 77354 8782
62077 1878 9631
21731 24302 9920
35282 72610 8462
84454 7893 8648
52785 21197 8911
49542 85348 8718
57825 70530 8919
2268 93605 8801
1470 21565 8863
83482 18495 8001
20596 42097 8229
56664 40487 8716
18590 17211 9825
84653 42798 8783
13066 47511 8116
84616 27141 9077
25571 79055 9727
50825 81327 9522
88769 88556 8681
70078 75230 9603
92299 28260 8824
78333 78425 9534
27374 17950 9301
1285 46418 8011
35128 24250 8869
34269 4348 8666
98916 79034 9790
15349 1027 8126
95316 69507 8366
45308 31453 9466
94088 88610 9139
4464 4302 9430
13497 74951 8598
86067 86963 9271
16687 93863 9480
52949 62981 9636
17855 71541 9093
1260 26214 9862
70165 62490 9273
30869 69291 9191
686 77745 8611
31937 22960 8923
99133 42163 9514
1189 30744 8921
41662 64678 9585
42669 26333 9721
19734 80309 9073
8703 15288 9341
20370 13031 9042
52186 30356 8060
11982 74865 8595
71280 95126 9155
67698 35693 8146
3838 74559 8352
27699 38082 8238
38910 1342 9328
11527 36173 9729
71564 20020 9995
17615 82669 8664
9666 49752 8469
68708 84692 9592
60043 3205 8278
60197 60902 8931
60616 54647 9837
28751 63141 9635
43816 83040 8262
65624 3501 8173
30875 5290 8695
36168 73144 8765
52942 8023 8725
22027 59082 8380
32872 74218 9139
76134 17786 8987
48956 12139 8867
58108 44664 9760
57334 80123 8277
90837 73781 8957
96184 85820 8016
69084 49948 9594
4441 42255 9478
56591 24195 9118
96890 90596 9776
31040 19645 8600
30249 25040 9713
16261 36452 9631
97678 49471 9470
62616 99149 8852
25125 4731 9159
84892 386 9392
78926 7147 9814
69082 83029 8923
18386 43435 9443
23446 96422 9959
96528 13712 9691
11710 63733 8556
58537 93103 9937
36099 41622 8147
69078 23964 8189
2446 72445 8683
9486 34139 8583
75762 91525 8477
85510 49975 8274
53846 55290 8990
17066 39487 8118
33403 88124 9576
15003 49665 8507
65558 77011 8396
65627 78522 8546
5124 49310 8974
66832 16872 9305
36091 76851 9848
60751 50670 8543
89113 19377 9502
51055 90484 9554
15722 29360 8098
97433 81764 8153
23459 96115 9163
73634 89143 9817
41293 65280 9620
46276 76122 9181
76239 48529 8642
89875 11152 8948
12963 94177 9089
81097 46053 8050
60760 20335 8574
48833 28742 8655
20857 58312 9472
51838 90743 9267
73410 88536 8885
58394 60124 9285
93696 64703 9736
52376 12692 8599
51491 55233 9299
57182 54566 9014
56044 55045 8109
62960 32060 8599
20011 45981 8064
92775 85590 9530
5656 41439 9628
79203 77834 8349
78047 78148 9733
55345 50879 9997
39833 54514 8674
70893 35185 9920
94187 95749 8487
676 1270 9746
60462 87119 8089
6259 86539 9710
36822 12475 8010
17479 5863 8991
93222 40103 8775
78890 97993 9377
58617 92065 9564
69369 10276 9705
12911 89152 9174
9310 68985 9839
43458 73855 8130
29058 42289 9535
88303 96738 8423
97462 47439 9105
20560 27164 9752
40237 64638 8189
42271 97652 9340
22861 51821 9746
63836 6622 8665
40012 71582 8812
64266 67240 9134
42290 26065 8795
36901 27352 9801
10998 68362 8069
85766 87630 8583
23779 28928 8193
33779 67507 9843
29267 72718 9637
77044 5041 9919
40811 85244 8150
31636 17333 9169
99830 58520 8985
44098 22634 8170
99767 56841 8698
64209 52617 9864
64180 17732 9823
1210 86915 9007
26256 74316 8465
34362 23710 8567
20488 35946 9938
90529 39782 8670
36269 17152 9776
99324 42458 8889
80982 98275 8155
7951 87949 8674
59816 60803 8644
97265 99156 9790
75526 32248 8390
92653 5573 8894
8853 91928 9212
26248 66202 8543
53987 27799 9959
86650 15303 9800
44113 47171 8768
32949 27720 9528
72202 80702 8369
26061 23833 9680
59138 94862 8707
65126 77102 9663
43399 95884 8841
4411 82390 9499
46915 73480 8960
1831 86584 8933
33578 76000 9419
96232 93828 9263
4868 18626 9656
33410 97084 8847
47623 30850 9528
49338 50528 9310
86315 98219 8461
59530 67725 8901
59610 86742 8872
48336 81500 9117
37355 4876 8825
35596 29472 9072
89423 67261 8351
5524 39262 9667
12672 37783 8584
3627 27384 9815
56868 71298 9771
45843 26346 9731
7972 92276 8060
10759 99893 8913
82347 7107 9947
84121 57147 9480
64970 51667 8706
61645 83130 9430
3342 840 9136
23767 80907 9880
24788 51188 9403
51178 76981 8362
41933 4758 8735
16960 16787 8225
5431 75650 9880
99091 59233 8228
16987 873 9139
74014 34817 8080
53202 88219 8495
32068 61618 9959
79024 78312 8068
90777 13751 8193
32521 94804 8641
87290 16265 9330
80433 23082 9576
65653 51826 8066
3377 43484 8223
55378 78639 9901
62173 39937 9285
84009 42906 8322
59906 11805 9198
32472 38681 8042
70278 64115 9353
89016 19316 8127
8393 53555 9121
90969 50737 8050
71136 88675 9159
58038 24517 9446
17210 21014 8596
20652 22201 9359
29824 29961 9307
79822 91651 8976
44843 79515 9475
26806 84222 9428
14870 21203 9504
85608 6097 8864
68359 5916 8288
81903 17896 8528
34710 55172 8165
8274 76982 8994
32967 86177 9722
8211 75637 8174
30415 91426 8579
9040 74158 9008
65707 13614 9057
25483 93601 8320
60056 18480 8708
3559 8330 8215
47250 37542 8550
21417 38811 9457
41932 29941 9496
64192 22983 9554
68905 58985 8724
81599 53747 8471
78393 92481 9301
83558 51138 9214
22445 37966 9199
40466 38512 8955
97270 73699 9040
72012 12326 8773
33417 67349 8053
72096 34762 8716
53500 5844 9872
50901 20564 9336
57500 33133 9779
73773 63831 8305
71211 90242 9049
40191 81692 9143
624 599 8900
5416 48629 9230
32877 9006 9926
28902 26603 8505
52454 71006 9841
94327 75906 8145
73258 65295 8173
43317 49561 8220
59965 68731 8231
70702 32511 8294
43843 16402 9854
93408 98217 9653
82239 75306 9969
67403 77741 9647
78366 5662 8591
40738 71290 8224
147 89323 9338
85983 86965 8231
61903 22928 9405
7311 74999 9766
19936 31672 9885
28089 51135 8566
68519 9745 8001
44839 96731 8791
50027 93809 8020
65367 22125 9849
37129 77419 9685
18750 27667 9782
33387 2997 9649
55556 8006 9136
66849 56545 9195
42732 2029 9562
37662 75320 9004
86651 77697 8247
87582 74822 9001
20144 33683 9137
76391 69621 8802
20292 9286 9758
8028 58721 8508
43811 82137 9666
55310 98245 8938
99493 17543 9467
98000 38096 9238
34718 8046 8824
99730 81135 9617
45638 34399 9202
94052 99737 8599
97271 46711 8556
7733 67210 9643
11879 94662 8570
76733 9021 9155
22173 53767 9307
86285 36934 9090
26467 54364 9534
88263 51810 9629
29108 10400 8906
19702 945 8551
58100 70381 8561
39209 49305 9913
36866 37156 9291
38072 92613 9383
80541 71831 8543
66494 41158 9089
94730 10706 8301
73786 7363 9631
24333 30880 9802
5554 21494 8220
24137 95008 9012
11872 62569 8218
36517 95645 9651
33157 50829 8183
97590 92745 9155
52807 52166 9353
24703 81793 8254
75984 77023 9419
85584 13114 8829
65960 107 9375
36728 58611 9603
87799 17706 8833
74130 94646 8512
6653 49090 9234
30228 4836 9270
8559 22452 8985
50608 42287 9964
33476 67986 8239
88824 36584 8058
22240 62545 8981
93192 14904 8179
4088 42130 9646
61359 53745 8041
30685 96497 9733
76903 70349 9953
71858 97374 9198
50067 25544 8587
64959 21804 9054
54609 4801 9971
81184 75364 8936
80687 52877 9279
82120 21396 9459
88797 85849 9678
1725 53645 9907
29569 60443 9337
81386 59058 9068
87604 12708 9095
7173 50486 8846
62339 86995 9537
76625 38075 8690
37917 69679 9919
95096 75484 9036
95500 14756 8625
88365 53178 8092
34466 44029 8364
54668 22805 8255
50783 53918 9642
21234 4497 9855
16557 1283 9368
13531 56306 8872
89224 40757 8877
15294 60228 9399
90555 40392 8999
7900 95389 8569
63390 93546 8735
28418 18040 9908
81634 15905 9367
78351 29497 9813
6176 33821 9969
25003 6163 8401
3106 46839 9141
53731 12955 8089
43358 26787 8463
95953 65178 8922
17572 31405 9328
48321 10673 8600
88683 92286 8841
53323 7555 8475
36449 25809 8337
4486 67203 9517
79891 16881 8988
43507 36971 8038
36068 33164 9531
77668 82125 9854
35899 44883 9176
92953 51519 9869
72413 99249 8037
36226 61497 9139
20044 43022 9830
47744 39986 8633
92687 44068 9561
68411 46928 9862
57810 59462 9102
20135 8010 8032
73603 24699 8438
17940 59205 9207
59341 2078 8514
24844 920 9080
80238 5409 9826
95411 14268 9584
23397 64551 8618
17157 84145 8419
42657 14449 8961
83950 17090 9364
93195 74440 8419
40662 43525 9357
37943 11351 8874
82674 52557 9433
66818 42363 9913
70399 27562 8715
79982 49724 8706
51454 6830 8571
40437 72730 9107
49489 22913 8165
72584 8045 8589
94430 33818 9371
91487 74498 9025
98233 95246 8369
96591 75019 8250
63190 94573 9405
28633 13736 9674
15801 92348 9697
92044 77725 9837
48616 2549 8384
620 49774 9074
78305 59429 9262
31330 15873 8076
93634 6014 9803
32438 39027 9136
22803 63027 9299
12350 12919 9193
55134 64443 9241
38010 88475 9943
1039 19232 9789
34033 31153 8370
81202 73554 8094
65024 43756 9133
87926 76075 8484
13290 55778 9123
20533 98371 8842
65637 45414 9628
22963 70592 8502
5443 82967 8461
62934 60908 9645
6199 10811 8804
39730 4136 8489
1693 10636 9940
35852 21694 8595
32573 17765 9786
99301 88021 9120
13309 67063 9138
74137 4024 8621
87439 44576 9818
4025 9653 9422
787 88852 9298
52126 1498 8283
41039 64101 9407
130 48113 8259
31478 79191 9739
96593 31793 8113
79951 97849 8089
24254 23524 9377
58515 32280 9357
65389 5528 9815
25050 86411 8180
88736 54402 8331
87830 59123 9470
27327 89487 9323
59951 99319 9132
70304 91535 8080
28120 84970 8548
17735 24537 9805
50861 54628 8023
6808 42332 9973
88021 16011 8071
33664 36910 8614
84485 10228 9349
64656 21108 9953
31990 84264 8885
53609 72137 8696
44336 37108 8331
39866 24856 9484
31836 49348 8899
94704 64034 9857
94200 1467 9128
63209 95335 9844
70566 76777 9473
20955 67799 8436
42697 40795 9116
85916 83508 9618
53884 76758 8562
40122 76717 9205
88633 39318 9982
37676 94713 8339
7637 3609 9354
82931 4985 8683
66196 95385 8771
18965 49278 8004
64146 21794 9534
72893 582 8350
20702 980 9408
91125 89860 8826
60128 94606 9113
36325 34416 8670
33307 56519 9190
44541 79997 9283
91979 18158 8292
60979 51606 8115
67895 98190 9784
70115 87110 8932
68281 71739 8355
71574 8363 8880
3434 42334 8955
39029 50507 9591
62068 1366 8222
46388 68742 8053
92414 51001 9332
30689 58432 9781
94889 31470 8946
28488 50864 9689
32159 91604 8390
98637 30684 8556
44726 81417 8104
58242 35578 9044
92154 58972 8475
45365 60584 9137
42204 89067 9239
54721 84812 8228
64188 69375 9403
48259 74178 9016
45211 71695 8366
57433 9168 8613
28665 71548 8329
26144 4166 8179
75862 95493 8893
58317 67724 8428
61605 61730 9724
66253 88399 8695
52390 18517 8787
63700 33089 9790
41460 84643 9077
91930 11178 8390
79605 76668 9359
53873 55391 8725
24150 83308 8274
3794 48927 8935
96303 51633 8778
75240 23918 8087
90221 90176 9943
95391 57835 9954
60334 6838 8414
51516 19011 9869
52786 69971 9978
32141 45153 8394
65194 85228 9513
52604 15950 8158
44379 1557 9024
58344 40469 9287
3636 7857 8014
28063 55916 8689
3276 67105 9086
83443 14847 8572
76356 99935 8108
34936 65564 8657
59563 91060 9222
68892 17675 8161
11659 47149 9664
53930 25628 8497
18380 25634 8320
4216 9750 8558
42264 39386 9560
66681 85723 8221
13256 43623 9885
69323 73098 9873
64964 30937 9468
70401 42928 8570
57390 45706 8076
15612 58271 9759
14085 6500 9288
19366 63887 9393
65288 16772 8094
90107 92685 9432
13471 61153 8192
66065 27411 9023
94391 60361 9482
86061 93881 8950
49346 44469 8414
67638 72772 9040
736 77452 8011
41273 6287 8806
26930 26827 9485
93173 34915 8778
17102 29666 9814
1620 37897 9781
33405 57438 8004
38731 43079 8465
56721 88511 9371
63526 50649 8809
64031 89715 9232
14759 2007 8195
12486 65456 9691
30826 57059 8647
54022 4750 8118
57619 4843 9067
32399 2670 9308
79042 26661 9709
54207 1325 9737
88152 65242 8170
56898 50995 9299
2381 61 9233
71090 61210 9688
66268 71681 9863
79894 72215 9000
56678 53387 8814
11614 11356 8685
90586 67332 9340
25445 311 9296
57542 28398 8963
23282 22760 8073
27802 87930 8293
65799 30301 9491
1663 56823 9502
94701 84823 8005
159 70428 9613
62718 15501 9261
19473 24714 8512
73604 30115 8267
94146 29209 9192
22059 36437 8384
28099 28227 8843
79554 93080 8249
10256 98763 9007
84230 5637 9960
42492 71934 9801
49497 72123 9395
53951 87112 8384
14230 55597 9240
1101 9455 9767
12649 2700 9500
76072 98611 8857
10033 80847 8779
8724 90235 9324
87766 19588 8705
95136 46461 8794
90279 34688 9966
75907 69973 8737
92224 49454 8802
62116 62293 9731
81973 90133 8150
93960 84943 9305
33338 33212 9543
54504 67074 9245
76056 39263 8450
82470 62747 8380
49960 55070 9118
98804 71787 8655
31039 12287 9895
15628 43804 9176
30502 7174 9493
41591 33075 8309
59701 68996 8181
1790 98220 9484
52083 27429 8189
39752 19071 8155
73445 58546 9090
1294 85679 9539
6401 17600 9420
27648 7434 9427
36500 17681 9070
7740 77807 9966
95589 80886 9252
94707 93627 8414
7838 74111 8391
69234 53517 8403
27584 88700 9517
81302 27921 8662
89775 93190 8224
44762 7170 8866
53159 2570 9907
58139 75328 9942
16624 33705 9823
91012 72829 8129
5779 74490 8940
41478 62374 9317
58681 84285 8967
96044 27173 8493
88443 99130 8189
93711 81195 8713
33911 63851 9000
37234 9715 8792
8606 51107 9301
20518 14645 9120
49800 47945 9655
27899 68699 8748
14134 51393 8929
61825 96072 8435
64528 35363 8968
50863 85007 8593
31365 95606 8555
9484 93153 8686
5580 89163 8439
31576 83999 9330
68935 69813 9983
44194 73488 8122
80661 91010 9037
63167 14915 8752
72121 16197 8469
69766 65945 8747
42248 50444 8320
81906 18163 9748
57153 22325 9331
94568 80 9629
97107 42572 9787
61407 61959 8279
19863 2668 8766
75661 56762 9078
16212 19922 9359
60067 50284 8396
47133 9107 8876
51688 69957 9569
23988 13636 9591
74441 62344 8925
36668 59452 9130
31721 60529 9599
11603 98092 9243
36572 90143 8746
28154 86410 9824
53485 54378 8220
39423 6657 8682
7680 8837 9323
29491 91626 8227
31769 86176 9084
4218 19850 9270
74754 49019 8617
27099 91524 9292
87811 28574 9695
55001 95193 8755
95249 44629 8501
5785 15752 8139
72693 94232 8161
61953 48971 8650
32525 17291 9289
46395 29903 8422
10380 76613 9966
37113 78717 8916
43097 85816 9343
90764 44859 8295
80072 69657 9525
8381 69002 8316
40472 42751 8607
68598 35241 8365
84573 74042 9164
96865 20563 8851
90993 34677 9429
34164 34108 8103
6427 75979 8535
12555 97377 8747
89144 95911 9917
86930 27046 8530
72268 2573 9614
54357 34556 8697
80958 13470 8359
11771 84066 9650
68224 61254 8754
38400 20537 9591
49441 68123 9505
5344 28541 9569
74737 70636 8624
65787 69194 9358
89931 91002 9626
45356 94084 9601
72504 41139 8488
29490 12332 9916
32382 93124 9427
2743 55416 9111
86462 63597 9383
76554 65746 8098
23448 78933 9593
36986 64834 8601
49874 84215 8697
18554 98029 9215
11202 47703 8232
14808 93781 9742
8184 40320 9071
24711 82178 9776
10264 20237 8416
17416 7423 9907
53408 71904 8734
78856 32103 8053
586 75795 8989
255 52190 8559
76276 881 9227
27920 85697 8659
96566 20263 9425
81855 6026 9087
45932 91976 8942
33513 5187 8501
71380 28600 8156
26630 82236 9786
79911 64580 8271
22787 16649 8205
64972 48134 9886
22802 49057 9856
77616 50308 8945
87917 9799 8536
82647 91146 8087
6594 23143 9755
78054 88879 9766
55380 78235 9333
88423 78430 8630
37898 40359 9411
71259 21783 9877
756 66533 9313
86976 31592 9570
58484 70403 8098
72360 19255 8562
31734 2634 8656
5801 59981 9447
49011 41068 9637
6430 56142 9366
54736 27281 9059
93429 97029 9386
64465 26128 8281
66472 38667 9975
56783 13038 9417
86956 13131 9427
85297 65161 9962
39553 49002 9079
24844 52571 8407
91360 76261 8726
17317 50699 9290
4965 33987 8616
87024 84397 9641
72976 85137 9804
75006 87442 8991
24780 71576 9609
77590 72509 9725
89373 27431 9329
63415 23271 9503
61051 68565 9623
36601 46325 9537
84685 50808 9993
53929 29364 8523
13355 57834 9469
3726 3635 8037
14105 39731 8835
77210 71467 8590
26937 24786 8507
74188 50893 8830
15835 98209 8416
37166 65240 8934
35163 56148 8161
47378 32288 8625
55179 73648 8646
92895 69916 8496
79023 78874 8908
41525 42239 9115
68350 67840 8253
43098 47415 9782
47735 75721 9150
88272 87722 9923
34565 73383 9234
55875 79451 9212
99072 8258 8612
48105 10433 9472
94507 31381 9950
57870 41394 8289
82496 85715 8696
69078 24130 8403
57967 26172 8242
44409 45811 9239
69816 85208 8603
90201 49841 8074
95773 84750 9376
2809 79595 9867
95878 68086 9944
93161 42489 8872
36662 41639 9603
16114 11414 9608
64795 90474 8236
8824 17935 9659
84210 70 9969
33543 23104 8287
80731 77462 8336
31099 14118 9819
32206 80214 9951
99144 7726 8932
1348 93746 9588
28929 90513 8863
30749 31005 9937
47763 80005 9081
40939 28991 8155
27379 17276 9234
66359 6531 9757
89992 30614 9058
61280 32329 9852
40633 76988 8263
30643 11105 8602
49981 95327 8050
5961 44706 9695
6422 40015 9032
40021 17673 8115
52018 14138 9342
17028 15934 9481
91363 44233 9488
79411 77966 9891
25011 80928 9229
88015 58391 8897
91581 20379 8001
48927 96137 8465
74318 1939 8013
45367 79077 8683
99976 60500 8525
13335 58506 9163
64777 62873 9824
7571 74247 9355
86873 86311 8211
17284 75973 9788
12964 10001 9268
14932 29478 8343
78973 85872 8793
12006 87108 8389
17141 90860 8423
48341 2767 8636
20349 46502 8812
57776 73716 9864
54560 40572 9968
13557 3474 9691
75848 92722 9740
20979 41096 9470
51243 78574 8174
1295 13567 8657
40774 94673 9175
80724 62994 9718
4329 22882 8635
57535 8377 9169
8814 84298 9564
94930 57109 8863
59736 2124 8897
8049 44963 9628
65711 96799 8416
83099 65278 9893
77863 71356 8091
76265 13196 9665
85850 79716 8945
58081 32175 9483
67426 64044 9396
32617 71885 8664
78300 84245 9679
66789 42013 9734
46226 37842 9626
78588 75047 8010
3400 19227 9792
96622 7342 8537
35947 46600 8065
3376 58235 9863
54261 1496 9112
70538 66932 8894
33405 51410 9548
74320 67123 8983
50212 68918 9881
12552 84800 9555
8379 73669 8165
45404 92983 9994
59224 80791 9998
46667 85789 9694
98156 48979 8628
88728 20844 8335
40565 21144 9477
60060 60651 8090
5809 54715 8765
40814 3831 9755
73750 97544 8926
12013 61078 8035
7688 670 9880
28993 35305 8282
68144 56796 8204
82692 56386 9793
65011 96613 9605
80841 25133 9446
32365 28987 9611
81295 68443 9577
27412 64226 8908
61548 47002 8025
3539 50333 9969
32179 26666 9333
21997 7177 8822
88567 75380 9637
3249 17506 9925
43524 45028 8981
30474 55980 9385
47737 55031 8342
19708 78765 9217
38440 7916 9229
34286 64736 8740
69287 50265 9946
65992 82929 8515
6563 73069 9292
30306 53620 9882
11705 66628 8573
96710 42605 9669
68890 29538 9397
80116 67927 9884
38214 43089 9109
51552 94547 8459
36719 99304 9398
29610 75983 9937
21120 17532 8038
17147 32684 9408
43319 19253 9847
98180 88572 9788
17388 35181 9769
18583 72646 9656
23480 81098 8585
53503 70579 9078
12622 12056 8989
76686 29543 9866
32334 22713 9444
62813 45449 9267
45426 49379 9282
57365 50114 8039
97216 56863 8111
18719 99468 9143
17753 89725 8947
47200 71817 8736
25907 27586 9976
76408 93060 9492
83103 6838 8607
36836 9520 8872
99520 42073 9864
93046 9129 8844
47067 75590 8141
81034 13143 8095
15397 32445 9291
69956 48409 9938
50910 30554 8944
1171 31559 8939
33983 19039 9580
18293 25740 9420
11616 6068 8412
60358 44012 8958
93610 5432 9207
46227 40216 8649
10045 83920 9190
90355 95262 8137
70419 17574 9545
59459 81927 8287
22582 45622 8162
54863 31556 9875
88772 49576 8724
79267 58209 9014
74604 93294 8151
56440 59697 9025
55130 32578 9568
60759 80044 8026
81709 5513 8915
66431 93645 8617
32316 11253 9076
25172 38537 9069
28280 30313 8811
77892 59333 8110
41242 33838 9566
2196 50799 9222
88802 14867 9228
43976 36308 9351
16026 94183 8302
4199 20129 9976
4463 9501 8697
38336 53525 8911
85394 13163 9392
19479 91389 8328
12947 87269 8383
75538 7800 9740
97435 25022 9951
465 33469 9938
18731 25564 8126
81814 3368 9486
30230 50615 8765
399 99375 9860
4714 71515 9690
19623 16943 9777
94823 54796 9146
78172 86881 9876
27480 87242 9197
5906 64996 9489
67879 62772 8974
51302 23310 8441
63545 33825 8753
45143 5914 9520
78779 98111 9138
56701 4491 8277
85120 30937 9139
30929 85936 8877
18178 77205 9280
27698 16774 8438
19883 85661 9773
1999 70896 8986
13700 32401 9741
89536 70514 8260
64999 2314 9786
45348 10699 8511
20812 21356 8109
55940 62671 9680
77177 29183 9058
10555 19042 8503
39984 70753 8167
9848 92765 9643
64447 59593 9710
30986 84847 9621
55100 69857 9549
72721 80743 8349
9702 98406 9445
36791 53229 8031
8700 62079 8048
28856 80095 9903
73456 46416 9182
22443 62268 8986
57470 90466 9675
41306 76541 8524
22432 62108 8687
85842 74586 9489
56074 98027 9322
55554 14919 9488
34684 87872 9875
84347 38665 8961
99062 23751 8447
27269 53570 8108
49313 97828 9035
85435 95066 8063
48794 58498 9197
23006 2873 9786
72328 15673 9035
6263 88120 8059
94215 93998 8875
36020 71775 9214
98881 55979 8645
53212 27201 9972
33549 96240 8120
34135 50220 9444
54943 94923 9509
20519 49956 8755
42404 31654 9247
61120 89178 9479
48862 18906 8863
14003 41589 8953
17606 97142 9018
81414 73583 9918
56889 98047 9785
47362 30532 9910
92368 94658 8094
6821 86177 8242
45304 67232 8171
14288 86806 9947
83389 82130 8820
80702 37196 9897
99379 33083 9709
92043 96786 9075
62977 38183 9001
86292 30197 8089
57292 89366 9823
40679 55201 8194
15813 13880 9160
3945 67296 8730
5560 66434 8036
18819 73209 8297
42373 57643 8303
16996 58785 9132
39548 53519 9314
56547 3820 9843
30457 56208 8146
79683 27129 8782
17121 78674 9745
61273 39294 9758
75885 96333 9680
99196 8831 9715
93796 42406 9030
98744 42607 8937
40657 50778 8955
19773 31487 8769
61982 54092 8531
8304 93412 8049
77926 18780 8582
95939 21405 8628
61071 46878 9859
41526 50946 9151
2283 77587 8553
69317 10677 9959
16380 8479 9043
95372 84174 8575
96229 79273 8666
87242 38258 9104
26349 1703 8135
67017 16092 8605
38481 30779 8057
44445 88130 9074
68273 81273 8887
80330 3491 8919
40412 30298 9120
96761 81846 9533
10414 12238 8413
63230 48131 9742
68371 45875 9408
64522 86273 8366
32244 34059 8290
34282 21513 8948
86812 80102 8492
25815 47815 9974
91194 96013 8927
53015 41932 8179
55381 19170 8288
13363 1169 8074
57282 96024 9764
99244 6877 8330
99327 77799 9127
36893 56731 9791
55492 41728 8019
76975 39956 9478
64177 85905 8067
92025 1522 9242
57494 36234 9181
53580 72161 9237
43177 33868 9752
31753 73697 8711
44030 20431 8586
70226 77906 9267
44303 70297 8476
95701 59519 8193
28952 13967 8128
22287 21309 9819
12061 21509 9704
60415 1629 9439
87505 34679 9735
81542 11728 8507
64643 73158 9675
62704 23339 8299
42301 2249 8859
55568 44144 8440
56997 11427 8082
44515 4718 9953
51771 10600 8915
19271 46988 8701
43823 45083 9603
55514 57890 8557
54145 54167 8872
43229 14373 9132
50175 59723 8141
72990 95659 8743
73494 53058 8891
68416 73939 9954
35870 49268 8351
3571 74448 9536
21988 7755 8689
77576 59671 8005
12485 81721 9446
66723 18513 9175
33493 62514 8061
26972 53331 8668
62660 76638 9930
79106 64125 9884
42130 53584 8778
81108 7392 9333
87523 81192 8559
68496 6873 9252
85248 37252 8084
80969 88902 8257
8260 80368 8183
66430 8353 8229
54233 35594 8396
39999 54932 8910
18520 28192 8736
11626 16875 8085
57856 41742 9924
69056 92964 8835
54710 9770 8905
71815 39407 8919
79451 40909 8589
69478 84798 8993
35289 27397 9768
94428 48482 8787
59300 25168 9836
66936 91684 8527
85698 41487 9075
16874 58383 8531
91064 11576 8556
43109 28560 9629
50998 95584 9582
89014 57666 8165
95440 15554 9861
15847 32612 9098
97711 99725 9050
17241 12740 8173
15465 71896 9573
49685 4886 8892
68872 57014 8923
51180 30216 9826
97564 5982 8584
49722 15700 8336
60576 62039 9277
39347 89918 8846
39766 5638 8899
78164 85138 8652
92114 37278 8419
37352 52711 8372
75724 26618 9372
15614 8043 8710
34300 87470 9259
59685 39028 8763
95432 31689 9530
42308 1753 9479
43006 65867 9174
52282 70527 8145
69374 52312 8354
53845 71356 9989
86106 37940 9336
49041 15355 8646
42643 52173 8017
89664 24567 8885
83091 82805 8663
67458 14926 9210
77139 57049 9909
66085 44616 8371
20302 88443 9038
32233 826 9841
93356 71116 8013
34615 19533 9262
60167 20796 8618
92173 91871 9869
70903 23453 9206
90545 83857 8660
82814 50989 8495
13530 14184 9363
47367 52396 8356
36775 76774 8795
6216 53001 9340
40838 56611 9375
17728 75117 8733
48175 23434 9899
61971 81893 8048
79283 91750 8728
6325 6778 9800
65957 21125 8322
15411 88950 8646
52289 95530 9948
63375 70237 9106
16182 38058 8885
69261 70618 9113
5010 6075 8832
31804 65715 9724
5123 84678 8160
26952 44051 8591
76884 97500 9520
53253 3761 9578
99324 3444 8354
88173 32430 8417
45715 32218 8440
99808 62964 9547
2653 78117 8699
29046 24396 8717
17873 11908 8527
57605 6351 9858
50946 96232 8258
26014 71443 9992
20507 42485 9682
48274 58560 8269
21586 5871 8648
94074 71697 9872
59353 47948 8562
31995 8716 8354
8171 4052 9396
23344 53059 9690
32200 57206 8458
15457 17160 9129
53105 36465 9995
34702 74630 8134
53064 7573 9504
25571 95861 9803
45948 8303 8013
15352 22999 9459
93826 39963 9106
59572 13785 9041
95881 37159 8832
4414 87418 8628
16697 8671 9946
28454 78235 8239
98356 2979 9036
93977 82617 9232
33067 9660 8432
96826 72136 8824
72902 82826 9300
70270 5856 8783
63341 38158 9616
37616 27417 9072
17145 13699 9371
92392 39474 8990
88441 9532 9827
93424 32307 9676
27966 24910 8132
34295 74127 9353
34046 92582 8297
92940 65839 8828
35905 28453 9762
6647 92376 9383
78059 23473 8103
55253 63433 8854
53167 3544 9835
64417 58172 9556
41917 43789 8426
18540 86672 9292
70568 20788 9530
88136 25746 9023
2556 7655 9623
14035 13811 8257
76377 69050 9434
59361 23237 9380
90475 87842 9218
37317 64491 8402
26565 27944 9456
60441 35124 8187
45449 94568 8813
1914 13387 8491
64178 61553 8355
11204 67411 9304
53479 23051 9376
15360 62384 8201
13415 3781 9898
52828 37636 9065
36935 94431 8000
66321 89579 9649
30546 62157 9633
48556 30162 8393
4269 29060 9828
59566 60684 8263
89611 21182 9307
26252 70777 9725
65141 61543 8523
49821 96158 9563
51976 42225 9591
2413 60248 9722
42527 45520 8455
93515 60118 8997
86115 17651 8843
90090 52623 9928
10048 98887 9001
52539 60350 9413
27868 75971 9523
10044 28732 8683
33733 69573 8434
13549 70249 9419
74072 25721 8011
47479 84290 8381
59777 57853 9679
31030 37613 9401
68850 93833 9336
10957 33724 8283
46947 16812 8426
272 12352 8882
63542 90868 9153
38900 4870 8568
17182 34802 8922
69530 79854 9378
49464 50903 9565
75966 63522 8421
89605 77113 9341
31310 73816 8401
59105 46466 8384
67444 87985 8223
99690 1154 8693
56496 81466 9943
12963 71963 9176
49996 37512 8134
4437 30416 9765
49036 86073 9020
36879 614 9648
3979 61008 8756
16656 31611 8967
44274 50410 9371
63245 28463 8323
43175 36902 8572
16627 15775 9513
52201 57514 8754
70581 1218 8129
76020 37399 9501
1833 71529 9784
55469 68447 9658
79270 48143 9937
43045 93968 9732
19342 66681 9691
51186 6526 8697
52958 71453 9678
56281 25247 8221
49997 58492 8826
51718 36394 8382
8919 74437 9088
372 9721 9994
56919 64453 8303
62981 14619 9191
45087 66864 8699
44711 16936 8088
78175 97641 8862
21364 79536 8294
12233 68912 8709
7025 4830 9821
5569 34925 8105
4149 98248 8475
44329 51796 8449
91410 77768 9527
73928 16370 9944
48243 33496 8884
80020 90972 8730
55664 82848 8512
80621 18923 8445
29357 21771 9512
76976 40958 9692
49336 13206 9884
83526 98325 8729
27594 14207 9282
3110 54664 9197
97581 55033 9778
72944 27532 9485
9391 78192 8171
6094 55115 8284
14890 93699 9791
89296 38382 9684
91818 23601 8054
52097 240 9903
29635 99973 8163
58088 27094 9319
55161 16648 9387
92702 71639 8837
92633 93972 8589
33081 84433 8863
60430 22741 9344
58617 68781 8910
99534 79124 8939
41934 54381 8745
77906 92654 8668
85506 96677 9637
3791 30910 9785
90548 54688 9885
27185 50172 9173
68943 56457 9492
53979 78651 8250
84894 85520 8624
9651 5673 8024
20311 50048 8386
18837 63218 8653
2242 92761 8914
23279 31148 9380
3241 1534 9182
22888 1975 9684
80427 36743 9623
49817 26019 9906
45181 76692 8352
64731 1114 8952
13604 21322 9568
27011 59286 9128
92962 88998 9470
8864 39980 9712
59251 74432 8459
13932 59792 8171
42888 15555 9229
2686 63166 9630
66892 95315 9709
54874 70482 8232
4794 30678 9383
70123 53316 8113
48081 6542 8955
92782 45380 8383
50656 7385 9858
23441 62321 9917
41979 9779 9929
36383 72677 8289
5799 11397 8920
39954 14953 8765
49696 64598 8144
81283 62757 9690
63981 31068 8309
54655 53386 8364
71512 12726 9059
9532 20934 9339
39314 1968 9002
15191 7640 8547
95716 61702 8950
11320 19319 8180
44954 31677 8943
55656 45914 9736
26696 62024 8663
9939 6382 9862
39239 65973 9803
59287 70514 8623
74453 59112 9459
46804 52795 9213
18579 87790 8149
96912 12428 8514
7626 76061 8167
54366 55773 8175
18612 48985 9218
70733 80629 9827
95923 23632 8598
65845 41259 9103
10603 37925 9107
67570 2567 8706
38557 88046 9862
6063 9036 8183
15955 9260 9305
69211 91149 9463
5941 5815 9003
53539 99296 9977
40888 97822 8781
90574 5481 9733
88090 10187 8160
44021 76679 9018
1347 35888 9906
77270 88690 9323
59284 73382 9557
92624 71716 9559
30702 70737 8610
21153 36581 9566
86111 77184 9889
49135 49325 9790
70120 77705 8888
74593 52159 8707
54886 74033 9910
81497 12746 8621
58380 23708 9379
37880 74854 9452
61849 80974 8047
75173 25275 9421
37886 98188 9092
79906 44574 9116
17656 35048 9840
22135 85476 8899
63182 26757 8272
34557 62177 8287
41369 53402 8475
82475 5609 8543
5831 92897 9753
77636 16722 8057
10541 76240 9640
76954 63146 9836
2625 4854 9283
85575 41017 8755
81978 44012 9720
34730 29121 9814
2019 44894 9780
5684 16470 8146
85225 74541 9324
13869 30125 8877
5742 45566 8592
73027 93629 9029
38575 64393 9066
62427 27950 8398
54591 79079 9419
10782 13693 9089
7227 40688 9253
20049 65344 9389
82488 68170 8816
80383 24495 8719
17969 4638 9042
28355 47803 9483
51629 84609 8949
67181 94046 9223
23972 71812 9995
71213 8300 9645
49298 26822 9119
43053 79783 8045
33395 32909 9872
93885 26310 9706
98970 49173 8895
40279 9046 8674
25165 39795 8525
29823 61024 8418
12290 56231 9831
38167 76739 8572
69795 46164 9223
66045 55063 9802
99189 32663 8898
83613 34963 8054
14899 50224 9422
51762 80561 9248
18156 97127 8324
59203 34304 8848
23622 74994 8881
82233 15429 8124
82631 99678 9589
14116 29044 8190
63332 20717 8642
24896 31603 8563
37287 59421 9551
11588 52183 8631
41356 44990 8994
28618 60838 9978
18636 69881 8798
31907 60016 9134
37192 63203 8612
7771 94283 9463
85178 90409 8075
41711 3844 9305
24720 89436 8198
47042 93384 9927
92747 28423 8253
37822 46896 8001
9978 58495 9757
25282 64214 8940
65823 56610 8479
9468 55656 8061
95756 96358 8002
40045 14777 8395
80987 46985 8467
48281 27515 9974
14828 30039 9075
58354 1207 8474
49291 66097 9141
96833 47550 8758
8482 78855 8334
11585 98962 8056
10944 31373 8519
57781 20220 8401
51106 23154 8678
32109 56434 9199
81017 88560 8555
94969 96527 9800
96593 62895 9938
78586 1044 8888
38432 79324 9690
20161 34067 9416
75148 12239 8914
41249 50760 9853
53956 69352 9388
91095 91500 8012
23073 47864 8342
75277 63009 8353
31504 32178 8546
87475 95069 9966
5248 85525 9225
6023 75305 8587
60373 17870 8022
73765 78471 8101
64726 48368 9830
6301 35868 9816
81305 61868 8194
87050 14859 9777
75302 22004 9907
80551 56485 8219
47165 70983 9594
90510 47499 9235
24027 43779 9992
80237 42232 9067
21692 87106 8241
93654 28022 8793
34445 13886 8205
13235 16535 9947
93763 58032 8138
96049 77580 8347
56289 74765 8725
53425 14831 9578
74311 83188 8568
22221 47599 8066
37725 98394 8351
68276 52918 9980
8800 64300 8160
82093 12261 9747
745 26833 8302
14691 78043 8910
83695 51785 9669
43957 42302 8621
5435 21202 8515
20951 85136 9835
58267 66548 8821
14401 32732 9804
41215 24189 8075
73189 67723 9817
12478 25300 8261
58579 87220 8085
99585 66583 9817
89579 87081 8205
7716 29165 9361
56280 60217 8549
84582 13133 8288
72436 28693 8503
43602 1431 9417
45450 72111 9220
49424 94528 9470
8113 23498 9692
66214 77533 9412
15675 14612 8156
22148 56113 8082
40067 83298 8430
44229 139 8231
51804 86204 8057
83772 11341 9518
84190 26575 8006
34305 92872 9495
36528 77152 9563
48033 55363 8533
17252 82408 8558
62132 37993 8226
31730 4692 9867
60142 89345 9287
12603 86834 8998
66112 93985 9563
51664 2682 8114
26142 34845 8419
53420 1469 8138
50717 35922 9968
79782 37688 8386
5092 68664 9887
13249 49699 9960
73689 94794 8630
72381 21917 8588
26042 17833 8693
21481 4087 8420
27967 12751 9317
44875 94937 9392
42860 98530 8136
84585 65024 9222
22410 47566 9615
86252 81032 9041
41904 76861 8204
36400 30428 9704
3916 59577 9339
82213 47893 8443
3028 11190 8089
88492 34270 9776
83920 76729 9160
19761 37998 8767
19134 50998 9627
99479 98976 8461
57642 94315 9801
64568 9156 8329
10122 47117 8371
94534 15027 9682
97053 42584 9752
73738 47869 9511
81216 50757 9083
21268 64276 8166
7769 6806 8969
15744 64119 8681
59144 13529 8860
85830 24009 8820
25876 47338 9787
16758 43735 8456
86386 36268 8275
9655 23728 8436
98027 60280 8365
11803 79961 8683
17412 17798 8925
21545 97530 9956
68693 30601 8312
92155 12117 8161
78414 46443 8458
55560 92651 9075
76980 87899 9901
1278 88432 8928
17800 31971 8912
42799 53186 8154
17917 54812 9774
74419 9768 8306
14658 53206 9157
76406 3264 9482
86161 46431 8022
51459 26111 9510
29415 42891 9207
99052 90189 8800
65710 76601 9604
37400 95055 9994
4615 42081 9082
74129 5956 8237
3340 15486 8584
6469 18684 8375
52504 32164 8354
43748 44218 8692
17874 88699 8170
87909 15203 9529
91899 66457 9002
64098 84754 8462
96416 17565 9779
41647 65428 9096
51534 16587 9155
76969 55268 8076
2804 79404 8994
