300 298 9837
137 145 2
207 27 2
9 17 1
203 130 1
99 243 2
120 192 1
80 5 2
152 47 2
26 169 2
65 234 1
39 149 1
246 207 1
228 150 1
241 171 1
271 209 2
37 55 2
24 60 2
293 230 1
244 133 1
192 95 1
134 275 1
46 71 1
2 93 1
253 4 2
256 245 2
64 166 2
224 259 2
167 265 2
49 226 1
161 204 2
30 197 2
101 16 2
274 159 1
85 261 1
108 49 2
145 254 2
174 193 2
73 210 1
148 260 2
170 10 1
270 283 1
87 280 2
91 279 2
45 184 1
52 54 1
232 70 1
206 26 2
196 30 1
77 173 1
127 291 2
69 247 2
257 194 2
276 69 2
67 153 2
217 155 1
110 38 2
275 282 2
164 250 2
13 232 2
233 241 2
171 127 1
113 89 1
225 101 2
292 99 1
216 126 2
53 134 2
240 237 1
260 86 2
183 44 2
156 52 1
4 110 2
89 72 2
59 103 1
88 228 2
291 136 2
288 109 2
280 74 2
237 113 2
272 267 2
132 22 2
201 18 1
38 163 1
197 258 1
173 87 2
238 216 1
281 225 2
63 117 1
36 190 1
296 28 2
50 102 1
117 296 2
3 65 1
297 161 2
23 246 2
84 219 1
90 43 2
200 84 2
159 217 2
209 37 1
223 268 1
150 178 2
230 272 2
128 135 2
125 252 2
242 33 2
58 188 1
122 240 2
133 138 1
20 175 2
187 278 1
165 85 2
129 64 1
32 139 2
19 140 1
208 298 2
96 34 2
204 231 1
220 151 1
51 12 1
188 270 2
10 284 1
264 256 2
176 29 1
283 162 2
121 143 1
82 61 1
193 142 2
222 100 1
12 249 1
247 238 2
263 242 2
102 168 2
231 31 1
210 94 1
116 271 1
250 158 1
54 75 2
243 200 2
229 203 2
278 202 1
147 299 1
234 132 2
114 15 2
16 57 1
299 264 2
261 108 1
180 13 1
153 220 1
43 201 1
226 227 2
182 128 1
124 121 2
44 120 2
27 199 1
78 98 1
76 97 1
162 7 2
60 281 2
143 58 1
98 187 2
172 152 1
266 32 2
282 218 2
295 198 1
100 88 1
74 83 1
169 2 2
18 131 2
235 92 1
109 165 2
34 41 2
126 248 2
285 257 1
7 73 1
1 51 2
157 164 1
179 215 2
252 46 2
119 116 2
22 290 2
105 129 2
79 19 2
28 239 2
168 205 1
48 146 2
118 295 2
131 182 1
75 148 2
166 107 1
185 105 1
177 115 1
277 14 2
72 119 1
212 122 2
11 81 1
6 118 2
130 172 1
144 154 2
163 8 2
146 221 1
31 80 2
191 91 2
245 20 1
181 39 1
265 285 1
138 96 1
219 160 1
184 179 1
15 77 2
198 177 2
286 253 2
205 196 1
154 147 2
66 156 2
199 25 1
135 236 2
136 191 1
214 269 1
86 181 2
284 78 2
259 176 1
93 36 2
190 235 2
106 24 1
83 174 1
158 63 2
103 189 1
258 35 1
195 293 1
175 79 2
142 255 1
104 244 2
94 277 2
56 289 2
112 183 2
0 211 1
70 206 2
35 214 1
41 229 2
57 104 2
189 144 2
95 251 1
178 125 1
202 123 2
248 292 1
215 185 2
269 40 2
249 124 1
268 274 1
279 157 2
25 0 2
139 224 1
107 76 1
111 273 1
151 186 2
47 223 2
255 263 1
62 288 1
8 112 1
254 212 1
5 106 2
211 287 1
294 114 1
17 56 1
160 6 2
236 23 1
71 111 2
155 141 1
92 53 1
68 67 2
262 286 1
42 59 1
21 208 2
239 66 2
213 233 2
186 195 1
221 68 1
33 50 2
140 9 1
29 3 2
40 170 2
141 21 2
149 294 1
81 266 2
273 90 2
55 42 2
287 262 2
267 213 1
289 276 2
194 45 2
14 48 1
123 62 2
251 180 1
218 11 2
227 222 1
290 167 2
298 1 2
97 137 2
