2627 2625 9
110 1583 1
906 1655 2
218 1743 1
1521 416 1
527 980 1
2421 179 1
888 1185 1
469 2055 1
1747 309 1
1065 2449 1
1118 523 2
661 926 2
630 1834 1
1362 1094 1
1392 35 2
1055 617 1
1976 448 1
2037 1219 1
1078 26 2
633 980 2
930 902 1
2527 278 2
321 744 1
331 903 2
2433 980 1
1410 1643 1
1507 139 2
1650 579 2
1300 208 1
1320 1644 1
187 1260 2
2155 1121 1
825 1720 2
761 583 1
707 980 1
2315 37 1
647 1306 1
476 35 2
284 2347 1
964 377 1
2505 1187 2
849 1352 1
18 1923 1
427 35 2
1087 1794 2
366 253 2
623 545 1
568 792 1
2167 2236 1
1026 980 1
1782 1764 2
1829 1585 1
900 35 1
31 1932 1
1577 990 2
781 2040 1
251 1694 2
1188 2344 2
1894 1923 2
739 2024 1
2153 105 1
591 792 1
716 1659 1
968 2320 2
1990 694 1
2418 1213 2
1175 792 1
318 1006 1
1925 1923 2
82 105 1
654 1092 1
678 165 1
939 105 1
2464 1639 2
1306 1456 2
2115 660 2
2051 83 1
117 1022 2
2271 1906 1
209 367 1
552 2482 1
2240 1719 1
2611 1457 1
829 350 2
599 1784 2
2086 980 1
740 1057 1
2480 1644 2
1347 1208 1
909 792 1
1182 1923 1
466 1568 1
1199 1170 2
505 2377 2
1173 253 1
2042 2400 2
973 1338 1
1935 71 2
688 914 1
1048 1393 2
2172 792 2
22 413 1
2174 1415 2
2040 2057 1
1878 1540 2
383 2170 2
2577 980 1
171 1923 1
434 1911 1
1016 2335 1
1775 253 2
1130 3 2
168 2574 2
390 2596 1
1094 1158 1
2160 1141 2
1058 1525 1
2363 2516 2
502 826 1
2441 1609 2
2307 2616 1
2250 448 2
1795 980 1
1676 792 2
2545 1800 2
658 1777 2
994 1923 1
1124 144 1
1103 35 2
863 980 1
98 1923 1
2066 980 2
1401 2345 1
1169 1806 1
338 2335 1
473 922 1
407 1918 1
741 1457 1
1560 1834 1
746 1827 2
1665 1874 1
2227 980 1
1476 789 2
770 980 1
2074 776 1
1358 1051 1
1740 1022 2
2486 980 1
114 980 2
489 48 1
518 2386 2
2136 202 2
1155 296 2
1917 2053 2
1321 277 1
303 2345 1
504 1685 2
2229 617 1
1940 980 2
934 2269 2
1515 1440 2
2590 1834 2
440 101 2
704 2096 1
2265 792 2
1142 1305 1
391 1583 2
565 35 2
1008 2237 2
198 192 1
2558 420 1
2198 1038 1
411 980 1
960 254 2
451 826 1
1158 237 2
1643 1739 1
1979 241 1
1224 1590 1
267 1806 2
188 1436 1
1148 2245 1
1928 1806 1
2252 854 1
1955 980 2
979 1785 2
1314 1033 1
880 980 1
258 1583 1
1758 801 2
988 1099 2
4 1834 2
2368 2194 1
1721 118 2
2157 1797 2
1889 2574 1
1680 980 2
446 767 1
83 252 2
1166 1253 2
152 1764 1
1185 1427 1
1898 617 2
1009 331 2
1681 1900 2
1868 1415 1
204 2311 1
1876 1457 1
2278 983 1
1460 786 2
1168 2450 1
1633 980 2
478 792 2
2626 1583 1
1189 980 1
1324 572 2
952 980 1
2334 296 2
1451 980 1
1545 1811 1
286 11 1
1081 277 2
696 792 2
333 2514 1
461 1926 2
1598 296 1
2208 980 1
710 2168 2
2178 456 2
2353 2078 2
1718 1457 2
1807 1583 2
1668 2024 1
256 35 2
530 2345 2
1719 1491 2
2256 1643 1
2168 1799 1
237 2152 1
871 510 1
53 2252 1
2018 35 1
996 2297 2
1498 792 1
865 539 2
1057 1644 2
1473 719 2
1981 1942 2
1418 2051 1
1690 2196 1
887 1806 1
1565 1178 1
456 740 2
2022 1806 1
1778 1545 2
1326 1827 1
1237 1806 2
2152 1799 1
1503 105 1
731 980 1
1212 1990 2
1669 792 2
851 2335 2
1353 554 2
2342 2176 1
1332 792 1
55 1923 2
1967 1457 2
1520 111 1
821 1923 1
214 253 1
990 792 1
1248 959 2
2561 363 2
1487 1252 2
2140 1831 2
801 2345 1
1089 980 2
2401 1408 1
2264 2327 2
1387 1583 1
1583 980 1
755 2335 2
1608 1530 2
2411 2237 2
290 1583 1
573 35 2
1792 35 1
358 288 1
1266 362 2
463 1923 2
597 71 1
1910 792 1
1513 1158 1
2618 1923 2
2035 695 1
2542 1451 1
722 1777 2
301 712 2
1472 689 2
2328 1917 1
1518 192 2
2019 2529 2
758 1923 2
827 105 2
1913 105 2
687 980 1
2116 980 1
1707 2455 2
1865 362 2
225 792 1
116 35 1
2544 732 1
2098 1140 1
1726 1430 1
77 1656 1
651 2093 2
2612 980 2
1952 296 1
1594 1848 1
2585 931 2
1603 2570 2
2345 980 1
1624 167 1
1670 750 1
1438 792 1
8 105 1
842 922 2
1355 2166 1
588 2584 1
680 518 1
959 2071 2
1945 1457 1
1851 105 1
2406 2612 2
1467 1806 1
36 10 1
1265 62 2
949 1433 1
767 2100 1
987 996 1
1220 2468 1
1095 35 2
797 2353 2
1330 926 1
496 2179 2
1930 980 2
701 792 1
1091 980 1
1295 980 1
1390 689 2
1832 956 1
916 792 2
278 1223 2
1368 296 2
222 767 2
1957 1031 1
516 1408 2
1960 1547 1
1641 1827 2
180 1457 1
1299 2377 1
2036 1699 1
146 2538 2
922 364 2
2488 1553 1
2359 296 2
955 1514 1
1385 1765 2
1421 1215 2
779 2615 1
2479 980 2
2176 239 1
1186 1806 1
860 1600 2
1859 2527 2
614 990 1
2462 1837 2
1534 685 2
1494 740 1
895 792 1
1745 1154 1
2010 1704 2
2532 1903 2
425 980 2
33 362 2
372 980 1
640 1435 1
2272 1727 2
1193 191 2
1831 2295 2
2361 1583 1
884 1834 2
96 792 2
1942 855 1
179 2485 2
2539 35 2
1420 35 1
2073 35 2
928 457 2
75 1842 2
1393 1530 1
1763 1180 1
1911 1581 1
2362 2345 2
1377 980 2
730 1457 2
442 980 2
600 1583 2
576 1526 2
580 1078 1
932 296 2
1834 980 2
2370 1223 2
586 580 2
1517 283 2
1032 980 1
2616 35 1
1340 1760 2
1161 35 2
948 1923 2
63 1834 1
337 2164 1
2293 792 1
145 2502 1
2128 227 2
1474 247 1
936 243 2
1125 1583 2
2591 105 2
371 1523 1
2580 2045 2
352 2585 2
2194 980 2
1663 1897 1
392 1853 1
1404 1834 2
2356 212 1
1654 294 1
323 617 1
670 1282 2
1425 2539 1
1617 980 2
2169 420 1
1607 253 1
878 2345 1
947 2337 2
2258 1583 1
875 2275 2
1242 1834 1
1023 980 2
1692 714 2
1105 1583 1
1915 1180 2
1895 1170 2
575 1951 2
1305 542 1
1914 1469 1
1164 1923 2
429 980 2
370 918 1
2225 1583 1
1765 1992 1
147 105 2
1233 35 2
1585 980 1
1036 10 1
1688 980 1
2490 1923 2
73 980 2
1514 1314 1
855 300 1
409 792 2
2404 980 1
87 980 1
397 510 1
1028 980 2
280 1764 1
637 97 1
2214 1806 1
2567 2522 1
1 2237 2
820 2345 2
2517 531 2
457 1336 2
1556 980 2
2247 980 1
76 81 2
1532 334 1
2347 1855 2
1729 2272 2
2383 2064 1
1145 649 1
419 35 2
2478 1831 1
2615 1701 1
1197 2256 2
420 792 1
1499 380 1
1415 792 1
1380 1649 2
866 980 1
311 980 2
1907 2320 2
2301 2615 2
465 980 1
2008 253 1
2600 605 2
1785 1304 2
497 2578 1
1741 979 1
2260 246 1
2080 1585 1
1797 1764 1
1486 253 2
1656 35 1
708 215 1
1033 2454 2
806 792 2
643 35 1
2069 120 2
2234 167 2
1558 2245 2
2460 980 2
1970 1917 2
2129 617 2
354 2477 2
1031 2345 1
2376 792 1
17 1831 1
2122 2237 2
1756 911 2
1378 2344 2
2071 906 1
1082 43 2
684 1007 2
940 1786 1
954 1546 1
1381 181 2
467 792 2
2106 1583 2
2088 35 2
1986 35 1
253 792 1
1336 342 2
2582 362 1
1361 2570 1
449 1779 2
1017 980 2
766 253 1
231 128 1
631 296 1
46 94 2
86 1777 1
903 401 2
3 861 1
665 22 1
1466 792 1
1012 536 1
1323 1065 2
1539 2578 1
1471 420 1
559 296 2
2415 2437 1
1307 35 1
1687 2453 1
872 980 2
229 2179 1
104 2578 1
1877 943 2
1040 2433 2
2095 1415 1
2148 2128 2
1218 980 2
593 234 1
2286 792 2
1717 296 2
137 1834 2
1222 35 1
1580 555 1
1702 2138 2
221 980 2
807 2345 2
1500 792 2
2446 688 1
837 980 2
725 1310 1
1541 732 2
423 980 1
510 589 1
1231 1583 2
2525 2468 2
91 1834 2
2621 1684 2
1863 1937 2
1137 295 2
1252 1923 2
1590 1364 2
1611 1546 1
1432 35 1
1647 890 2
2158 644 2
1708 536 2
2045 992 2
1722 980 2
328 167 1
2384 980 1
2202 2345 1
1629 792 2
2043 1797 1
1262 1457 2
2304 792 2
1948 35 1
1250 1327 1
1272 1923 1
350 32 1
1749 2104 2
130 1606 1
2049 167 2
313 1899 2
2426 2068 1
1102 980 2
129 397 1
1436 50 1
1341 1910 1
1399 980 2
356 2578 1
789 861 2
459 617 1
487 598 1
650 2373 1
1862 447 2
404 253 1
2455 1185 1
20 648 2
1929 1436 1
2403 1440 2
472 980 1
991 1219 1
1416 35 2
1597 1583 1
2279 792 2
2448 1134 1
2369 1355 2
1949 792 2
828 980 2
228 1588 1
1335 792 2
1561 980 1
1334 2218 2
491 2537 1
212 951 1
2318 1213 2
2183 2570 1
1869 1121 2
2110 2331 1
90 1717 1
787 1808 2
1281 1583 2
910 2010 1
1276 792 1
2224 792 1
1893 1583 1
1234 1862 2
1398 2208 2
424 660 2
1192 1777 2
2061 2345 1
762 980 2
308 937 1
1275 10 1
699 1320 2
2520 35 1
1706 986 2
2121 2503 2
1019 792 2
1880 595 1
1249 1113 1
443 1583 2
1896 35 2
1968 792 2
1531 1324 2
1405 231 2
2083 65 1
1931 1848 2
1308 1509 1
215 1529 1
126 296 1
889 2014 2
2513 617 2
2365 35 2
667 918 1
42 314 1
241 1435 1
368 420 2
244 980 1
870 2614 1
326 2335 2
1825 101 2
23 918 1
1119 296 2
692 2345 2
2414 296 2
2280 149 2
213 752 2
674 1831 2
1864 643 2
711 1706 2
783 980 2
2432 1427 2
177 1888 1
381 980 2
343 362 1
255 792 1
1388 105 2
1784 980 1
893 1585 1
873 35 2
2085 124 2
1135 407 2
1086 2623 1
2226 296 2
1485 1325 1
1181 1278 1
693 944 2
1349 1608 2
254 2571 2
1995 2194 1
1562 146 2
1007 54 2
1337 39 1
164 1923 2
907 990 2
738 2345 1
1364 229 2
1350 980 1
2323 1881 1
931 2288 2
29 1770 2
554 1244 1
1922 624 1
2546 2335 2
1900 309 2
634 253 1
826 980 2
1070 296 1
1067 1752 1
1208 2538 2
513 35 2
1755 980 1
1391 990 1
367 711 2
1901 748 2
2341 792 2
583 526 1
1344 2448 1
2466 980 2
99 1557 1
484 35 2
197 35 1
1006 373 2
879 2591 2
555 2356 1
1812 1834 1
757 1717 2
243 980 1
2141 1863 2
1887 1193 2
1279 2104 1
57 133 1
2398 35 1
112 1470 2
1292 1513 2
1977 35 1
978 1418 1
490 980 2
1779 1554 2
2164 1362 1
1446 1613 2
1800 2475 2
1527 2374 1
1529 2478 1
2536 1717 1
998 1605 2
676 2110 1
475 980 2
131 423 2
183 792 1
293 2345 1
2523 2390 2
402 1760 2
653 1743 1
669 980 2
2596 667 2
1042 751 2
401 1950 1
1524 2045 1
2182 373 2
1046 1697 1
458 1031 1
775 1862 1
689 1637 1
800 296 1
468 1523 1
2064 572 2
616 1923 2
2427 1784 2
1496 1923 1
1011 1583 1
2495 1223 2
1710 2236 1
11 2478 1
200 296 2
1760 980 2
641 980 1
2000 246 2
1111 1923 2
589 739 1
638 1989 1
2622 2433 1
1453 1583 1
1715 792 1
622 792 2
1154 702 1
1244 2012 2
613 973 2
2458 362 2
348 71 1
572 619 1
454 316 2
2159 393 2
2120 1656 2
925 1585 1
327 1777 2
1194 1706 1
2330 1806 1
1274 1923 2
1104 1364 1
2534 1457 1
316 569 1
2366 980 2
1794 1546 1
1128 980 1
1610 35 2
26 2450 1
133 1991 1
1258 296 2
161 2151 2
1592 1936 1
2305 1009 2
1838 1583 2
2605 456 2
210 1185 1
399 689 2
857 213 2
1205 306 2
1974 2085 1
2409 2089 1
2269 792 1
1546 661 1
2453 980 1
1333 1120 2
2537 709 2
1589 193 2
2020 420 1
1847 1720 1
709 1820 1
569 552 2
831 647 1
2130 2443 2
2575 1882 1
639 54 1
763 980 1
1365 362 2
6 980 2
1730 1199 1
2236 1975 2
1632 361 1
1818 1568 1
2109 980 1
1251 1489 1
571 980 1
899 1834 1
1630 1373 2
2193 239 2
260 801 1
21 120 1
2188 1104 2
1038 324 1
1121 2245 1
1796 105 2
1751 1583 1
602 973 1
271 980 2
118 980 1
336 35 1
2211 779 1
1631 1583 1
1430 1664 1
1563 1118 2
1209 296 1
836 1288 1
1291 1992 2
894 35 1
791 71 2
1339 1457 1
287 965 2
2608 2148 2
1689 980 1
1824 1170 1
1636 2521 2
2576 1327 2
1655 563 1
2231 980 2
1375 2256 2
1071 2598 2
1285 829 2
645 105 1
976 1699 1
951 175 2
2209 2511 2
479 167 1
156 980 2
1578 749 1
819 980 2
604 980 1
167 792 2
1787 2422 2
1293 35 2
1678 980 1
2610 1402 1
89 2345 1
1803 2151 2
927 1007 1
1587 1764 1
2549 792 2
737 588 1
715 2204 1
1871 1455 1
2469 1923 2
292 1504 2
304 792 1
1684 980 1
297 660 1
1397 1981 1
2201 10 2
325 1213 2
2554 1869 2
1191 1583 2
238 35 1
598 557 2
1947 211 2
1897 1277 1
2204 2604 2
681 1415 2
1777 980 2
1133 1764 2
2068 1639 1
172 1457 2
869 980 2
369 1296 2
743 801 1
1987 2152 2
32 997 2
1867 2026 1
664 792 1
1544 2148 2
1564 2353 1
2048 2624 1
983 188 2
150 1583 1
1141 1729 2
1177 792 2
382 241 2
207 1198 2
1548 1457 1
384 2537 2
261 980 2
2056 105 2
1826 351 1
691 287 1
1727 765 1
717 2441 2
508 1048 1
578 1923 2
1770 148 1
852 1923 2
1004 588 2
610 980 2
2220 2345 1
2126 1529 2
2344 792 1
749 22 2
590 1602 2
1062 1777 1
335 286 1
2463 1529 2
1786 556 1
2242 2103 1
1700 980 1
1278 1249 2
1799 2342 2
1144 1670 2
805 980 1
49 2224 1
1254 792 2
134 2421 1
2503 2309 2
733 362 2
394 2314 2
2131 1536 1
778 105 1
655 303 2
1427 111 1
0 1408 2
2350 2271 1
736 420 2
2515 980 2
1566 1656 2
119 105 2
832 661 1
128 342 2
2381 792 2
2124 1998 1
2572 2250 1
1304 233 1
2625 980 2
1029 1135 2
448 533 1
2475 944 2
2336 792 2
353 792 1
373 2454 2
1022 699 1
1996 781 2
289 2116 2
1502 2193 1
915 754 2
482 417 1
1844 193 1
902 2128 1
1677 167 1
892 1362 1
2556 1729 2
103 399 1
1232 2064 2
782 42 2
417 1869 2
1924 35 1
236 792 1
1020 1180 1
549 980 2
39 1725 2
1737 1643 2
351 1583 1
2586 2018 2
1152 2252 1
652 2042 1
44 980 1
2308 980 1
108 2198 1
1693 2155 2
1079 362 2
1488 1213 2
2282 2617 2
1159 1827 2
503 1563 2
1235 1583 1
393 1427 1
124 233 1
1174 1585 2
2465 1211 1
2165 421 1
1728 1470 2
1542 35 1
1240 2100 2
102 1125 1
760 980 1
2472 1834 2
2571 1303 1
1002 980 1
2205 227 2
78 980 2
1804 1806 1
235 2053 1
950 1914 2
905 595 1
2039 867 2
239 1314 1
2147 615 1
1255 10 1
415 184 1
2143 1653 1
250 835 1
962 2483 1
403 792 2
2102 909 2
1225 792 1
2377 903 1
2096 2171 1
532 1583 2
268 2433 2
157 296 2
2484 1415 1
1606 838 2
406 959 2
438 1799 1
1083 1061 1
435 969 2
2099 612 1
1373 1353 2
2197 980 1
2569 792 2
106 1583 1
1097 2437 1
1790 1457 1
790 2079 2
965 1050 1
1360 1806 2
1074 1737 2
432 488 2
1310 1923 1
1575 2267 2
551 2623 1
422 489 1
107 980 2
2607 1286 2
230 1923 1
1088 1193 1
155 105 1
1284 296 1
2101 1725 2
972 435 1
1950 2525 2
913 1213 1
506 1921 1
1581 910 1
2145 1588 2
1762 792 1
314 309 1
818 1656 1
1394 1903 1
1047 1354 1
2456 2508 1
2560 518 2
480 1595 2
1061 870 2
706 2600 2
773 1979 2
2081 646 2
94 1725 2
1129 980 1
2412 384 1
1599 429 1
835 1022 1
1396 980 1
1954 980 1
377 2369 1
1132 2372 2
246 52 2
142 1502 2
2521 2288 1
1510 2570 1
1993 980 1
765 2435 2
1140 980 1
2445 71 1
1673 1212 2
1013 792 2
1110 28 2
2263 1446 1
1736 2620 2
1793 2237 2
1328 124 2
2309 1116 1
1934 1286 2
1543 1813 2
2564 2345 1
772 2575 2
2070 1701 2
982 2570 1
2501 1180 1
1238 1609 2
921 2369 1
499 1656 1
1030 792 2
834 1521 2
1530 747 2
1906 3 2
1605 903 1
1850 2496 2
816 980 1
1117 48 2
562 980 1
72 1415 2
1918 2124 1
322 980 2
295 579 1
2108 2247 1
2186 105 2
2107 1559 1
509 167 2
48 1614 2
864 980 2
1733 792 1
232 1484 1
2481 980 1
2001 2483 2
2346 35 1
2587 1408 1
302 980 1
1363 980 2
526 1178 1
273 949 2
1691 1075 2
2374 2391 2
1160 1726 1
1525 613 1
521 161 1
683 2395 1
362 980 2
2467 853 1
1806 980 1
625 1170 1
1213 980 1
2021 2089 1
498 980 2
193 2309 1
386 1768 2
1348 1975 1
2212 1764 2
1602 424 2
850 35 2
159 793 2
1920 980 2
1143 980 1
1447 617 1
1049 990 2
1963 1744 1
536 1720 2
539 2561 1
718 2415 1
992 2188 2
1269 694 2
1648 429 1
1857 1283 1
677 1145 1
1395 980 2
2053 213 1
1491 95 2
986 262 1
2431 980 1
1414 1741 1
531 1922 1
1923 980 1
713 1806 2
2485 2042 1
2117 1834 1
1984 980 1
535 362 2
306 2605 2
1035 980 2
1856 980 1
330 144 1
2274 1936 1
1109 689 1
2103 511 1
233 2450 1
1888 179 2
2496 31 2
1458 980 1
2092 792 2
2598 554 2
1764 792 1
2210 856 1
1273 1786 2
269 2578 2
1919 980 1
2531 464 2
400 1473 2
1696 2171 2
2179 566 1
845 792 2
587 1806 1
1413 1870 1
2238 287 2
1277 417 2
1195 35 1
1068 2617 1
1672 1834 1
897 1226 1
138 643 1
1465 792 1
1705 980 1
2402 1859 2
1874 1583 2
1021 1823 1
2434 250 2
2393 2397 1
2113 1764 1
481 1761 2
15 2104 1
2084 1594 2
1370 792 1
1429 2237 2
774 732 2
1386 2369 2
2380 1834 1
2428 105 1
2483 1514 2
853 1014 1
1064 792 1
1953 670 1
1327 1836 2
2325 1600 1
2180 1576 2
2291 2288 2
1750 1834 1
2094 1013 1
1492 1180 1
1210 2288 1
2603 1269 2
1570 857 1
812 2462 2
668 980 1
1014 1371 2
2551 980 2
657 1650 2
541 971 2
2091 1257 1
977 2382 1
682 2325 1
2105 35 1
511 1545 1
2104 980 1
40 595 2
2385 980 1
2349 2393 2
1422 2466 2
1150 1291 2
679 75 1
437 1764 2
945 35 1
1163 1923 2
56 2276 1
1482 2345 2
995 2345 2
162 792 2
2192 2138 1
574 980 2
1908 105 1
436 2208 1
37 2263 2
54 2390 2
943 203 1
1686 2237 2
944 1776 2
2436 567 2
2016 213 1
882 980 2
1069 792 1
1675 1531 2
2435 1831 2
1108 1927 1
1247 672 1
1374 1764 2
2024 83 2
1331 2570 2
2473 1253 2
202 2052 2
753 10 2
282 1583 1
1526 1197 1
240 2415 2
125 902 1
158 980 2
1352 980 1
694 883 2
1823 1711 2
1214 792 2
919 1526 1
1267 1923 2
1905 1923 1
355 1879 2
365 1248 1
2597 35 1
2029 980 1
2184 754 2
615 1558 1
1382 2345 1
520 167 2
65 1578 1
2181 2363 2
2005 980 2
413 1149 2
205 2141 2
2599 684 1
780 2523 1
1662 988 1
410 493 1
2149 429 1
1769 909 2
485 1659 1
41 1022 2
2493 1594 1
1734 1777 1
1683 624 2
1403 105 1
1613 168 1
814 792 1
2014 2134 1
649 1590 2
1106 420 2
2093 1460 1
1619 1825 1
1187 1584 1
843 35 2
1147 2301 1
283 1313 2
1066 105 1
2243 721 2
160 1656 1
1941 980 1
547 1743 1
1830 205 1
2299 554 1
24 296 2
2195 35 1
918 324 1
1713 35 1
1604 161 1
2223 35 2
1454 1097 2
788 2570 1
14 883 2
1551 617 1
2125 2351 1
719 2068 1
2077 702 1
1407 1891 2
1584 679 2
904 1914 1
2482 1884 1
1151 752 1
294 1093 2
2331 1073 1
2492 1230 1
673 35 2
1442 980 2
2563 2423 2
545 1671 1
488 1198 1
249 105 1
115 1583 2
802 2475 1
993 980 2
1549 296 1
173 980 1
1685 749 2
1528 1536 2
123 2345 1
1286 980 2
824 2358 2
1423 477 1
1245 2485 1
389 1764 1
84 980 2
376 1583 2
815 2319 1
877 1923 1
1434 2378 2
2559 1557 2
672 1780 2
2394 980 2
846 571 1
2076 296 2
1433 785 2
695 1457 2
2322 742 2
2339 1585 2
917 809 1
2578 980 1
388 1583 2
519 980 2
2510 721 2
564 1509 1
1497 454 1
557 2141 2
1455 980 2
2300 612 2
603 958 1
1101 1743 2
474 2194 2
93 732 2
2215 420 2
1449 1926 1
1748 980 2
546 980 2
2332 829 2
2276 2164 1
444 1903 1
751 1606 2
1271 1806 1
2439 1310 2
1098 588 1
2063 943 1
607 167 1
2424 2010 2
1667 324 1
2151 1075 1
2457 1083 2
2132 1806 2
2170 1547 2
450 980 2
2320 1168 2
396 167 1
2497 1975 1
139 1719 2
2417 2609 1
201 792 2
1833 1149 2
1184 792 2
2156 1923 2
2218 2437 2
1345 792 1
2266 953 1
933 105 2
1127 1806 2
2594 2509 2
2191 674 2
299 1408 2
2372 105 2
644 2403 1
705 732 2
300 2154 2
1926 980 2
378 980 2
1096 980 2
1766 1386 2
121 508 1
2447 1923 1
1802 792 1
1595 1985 1
666 167 2
1424 1058 2
540 1457 2
2327 1593 1
2261 1249 1
1346 792 1
2075 980 1
1190 1451 2
1389 202 1
1115 1451 2
2595 35 1
608 1361 1
662 3 2
2171 424 1
1903 1012 2
1167 2335 2
1902 317 1
1322 1385 1
1720 1082 1
2281 266 1
1215 771 1
2389 792 1
686 1954 2
1303 2523 2
34 1583 2
1343 792 2
1294 1593 1
332 2493 1
1909 1923 2
703 134 1
2118 980 2
1891 789 2
2303 1923 1
1053 35 1
471 1244 2
470 1656 2
1264 2570 1
2313 980 1
2057 1667 2
2601 980 1
1034 980 1
252 2305 1
2498 35 2
619 1985 1
416 2620 1
2468 274 1
1263 809 2
374 792 2
1836 2204 2
1282 300 1
1858 980 2
2535 1061 1
1039 1078 2
2343 2570 1
785 315 1
265 2138 2
891 980 2
1288 1820 2
194 2249 2
2451 1388 1
2550 980 1
1634 792 1
1573 420 2
2405 792 1
2087 2420 2
1445 1923 1
1257 2245 2
561 1585 2
1027 1583 2
189 980 2
1882 2084 1
47 980 1
199 1777 2
307 105 2
601 792 1
2524 35 1
768 1923 1
811 980 2
1311 444 2
1815 980 1
1754 737 2
2065 1149 1
1411 2015 2
1419 1408 2
937 1170 1
2055 278 1
967 1770 2
1645 361 2
1338 590 2
585 35 2
1783 381 1
2333 300 1
1988 120 1
1870 1390 2
1627 491 2
2306 792 2
208 62 1
1535 980 1
320 980 2
1384 790 1
1937 1067 1
1041 2237 2
2442 503 1
1703 2272 2
732 980 2
1972 909 2
1845 792 2
2196 2471 2
2388 792 2
1063 1710 2
69 105 1
1852 980 2
929 2210 1
1296 1664 2
1623 2238 1
1991 1497 2
2161 792 1
1961 308 1
433 732 1
2335 980 2
1660 1451 2
1540 832 1
1100 243 1
2367 792 1
1572 1583 1
1709 792 2
1376 980 1
2338 617 2
1649 1787 1
1550 139 2
1731 234 2
170 1837 1
12 105 1
176 980 2
2387 35 1
1406 792 2
2114 980 2
2259 1923 1
79 617 1
81 980 1
1827 35 1
2528 1797 2
1077 980 1
2420 2282 1
441 71 1
1060 785 2
1157 792 2
2410 1937 1
908 60 2
2543 1085 1
2429 1834 1
2067 296 2
1638 792 2
1819 2453 1
1268 635 1
71 980 1
2 239 1
886 2453 1
538 1637 2
1469 335 2
2340 1559 2
1369 1923 2
2602 792 1
2273 1236 2
543 370 2
149 1855 2
563 2360 1
2013 1777 1
1228 1415 1
2553 980 2
584 35 2
1744 2282 2
1879 1248 2
245 2046 2
1841 980 2
1652 1923 1
1443 71 2
2518 2240 1
2449 1735 1
1051 1745 1
1138 1457 2
1073 2012 2
319 964 1
165 1285 1
1994 1305 2
1701 767 1
1835 2416 2
1211 904 1
582 60 1
2235 10 1
553 602 1
153 1764 1
1093 1414 1
1537 2570 1
1628 1283 2
1139 2063 2
2292 1923 1
1817 1950 1
858 980 2
1463 1754 1
1146 2145 2
1944 416 1
1735 2191 1
195 980 2
2443 506 1
2222 35 1
744 360 1
636 381 1
70 980 1
971 38 1
2568 35 2
1223 273 1
617 980 1
1356 2612 2
1983 35 1
2514 749 2
2284 980 2
854 703 1
1989 266 1
1651 2345 1
885 1031 2
2203 1757 2
1207 2237 1
2423 1663 2
1801 1923 1
43 2255 2
1860 1910 2
2134 457 2
748 2561 2
2038 1834 2
833 792 2
938 26 1
1788 980 1
64 2262 2
154 792 2
2138 980 2
1402 980 1
627 792 2
136 2345 1
2310 980 1
1848 1600 2
2112 253 1
579 53 1
1547 2264 1
515 2345 1
2241 1583 2
1505 1911 1
953 1800 2
2268 2570 1
844 617 2
45 1834 1
1408 980 2
2267 2400 2
2425 1269 1
840 980 2
2519 980 1
1123 300 2
342 2470 1
418 2281 1
1481 2345 2
61 35 1
2023 2402 1
380 1820 1
2396 980 2
1932 1744 1
2028 980 1
2351 792 1
754 1325 1
1448 1816 1
494 980 1
1203 16 1
605 1747 2
1043 1278 2
1283 740 2
786 1245 2
890 1691 2
808 1947 2
1099 2252 1
1435 2205 1
1725 75 1
876 1581 1
702 333 2
958 572 2
2450 2378 1
2162 1213 2
2002 792 2
2200 980 2
2270 1251 1
1246 1457 2
697 1923 2
2379 792 1
660 1260 1
734 286 1
1462 664 2
2027 2347 1
1773 1777 1
1892 980 1
596 1071 1
1243 1433 2
1582 296 2
2378 1081 1
784 1583 2
2584 334 1
1971 2570 1
752 373 1
16 943 2
776 1693 2
874 35 2
148 637 1
248 71 2
310 2422 2
19 543 2
1591 980 1
646 2545 1
1637 1730 2
2089 1923 2
141 423 1
1329 980 2
2512 1444 2
621 649 1
1999 980 1
1567 1086 2
2617 2369 1
1712 1583 1
970 400 1
2504 1484 2
924 314 1
2477 1754 2
914 2046 2
529 1834 1
2408 1063 1
2189 1764 2
1080 850 2
1682 35 2
528 792 1
514 1668 1
408 2116 2
2604 1867 2
257 219 1
2562 1457 1
340 10 1
1383 2335 1
111 639 1
941 2242 2
1354 1408 1
1805 377 1
2232 980 2
1054 118 1
714 2014 1
2565 980 2
334 1153 2
140 980 1
1417 296 1
1621 105 1
2540 1583 2
2007 1757 2
1440 58 2
1711 2297 2
360 553 1
2573 1542 1
2382 1531 1
2166 83 1
2255 139 2
464 941 1
2031 1806 1
2392 1583 2
1966 2463 2
414 145 1
2289 2578 2
100 1583 2
981 35 2
550 792 2
1478 792 2
1179 1353 2
1092 227 1
288 792 2
477 191 1
2624 2155 1
2251 1764 2
2311 980 2
2221 481 2
1253 287 2
1037 2389 2
1704 647 1
1005 1180 2
2583 2473 1
1554 688 2
25 980 2
492 1058 2
2246 296 2
620 2256 1
2032 209 1
1217 253 1
1229 1764 2
803 1446 2
1200 1121 2
1978 1457 2
2522 489 2
169 1923 2
1297 284 2
618 35 1
1679 371 1
2298 438 1
2541 980 1
1319 792 1
1107 1743 2
969 1643 1
1379 980 2
2046 1413 2
2009 2378 2
339 1570 1
1015 2480 2
2137 980 2
1428 2417 2
363 206 1
1153 330 2
2533 296 1
2082 258 2
898 2570 2
769 1836 1
88 1427 1
2047 980 1
963 10 2
1997 2570 2
1757 990 2
2355 167 1
1216 1923 1
2257 1457 2
1290 181 1
275 1232 2
671 980 1
2511 2016 2
1695 1806 2
174 2101 2
2011 2518 1
2100 1681 2
357 1457 2
460 105 2
1899 577 1
2079 538 1
50 2170 2
659 980 2
1639 354 1
2348 980 1
920 1310 1
52 1818 1
2508 1653 2
663 296 2
2237 980 2
1568 596 2
700 897 2
2206 1889 2
5 1923 1
2078 2574 1
2062 1600 2
346 980 2
690 35 1
1646 1124 2
2190 556 1
848 212 1
1973 1451 1
1533 792 1
1593 1328 2
1301 1764 2
1230 1614 1
626 1109 2
1270 1803 1
296 980 1
2526 1834 2
2430 306 2
1956 980 1
2452 35 1
1854 990 1
1227 2165 1
1122 1211 2
1842 780 2
1992 306 2
2072 2516 1
1809 2046 2
923 980 1
447 1550 2
817 524 2
347 1180 1
771 1519 1
1927 1931 2
344 1125 1
724 1923 1
2119 296 2
2609 2190 1
2173 792 1
1890 20 2
1056 980 2
1170 2482 2
1176 1583 2
185 1929 1
2275 1384 1
2619 980 1
1477 2237 1
946 2077 1
726 2100 1
182 95 1
1771 980 1
1674 792 1
823 35 2
901 909 1
2187 2486 2
1025 296 1
2499 1777 1
135 1585 1
217 980 1
1116 1770 2
632 448 2
2547 1185 1
274 1524 1
421 1752 1
1936 2024 1
2494 980 2
132 1509 1
720 187 1
2006 2138 1
635 1654 2
956 1338 1
2052 808 2
1975 1817 1
163 897 2
227 2478 2
2337 980 2
1904 1093 2
2391 754 2
277 2275 2
1456 1320 1
1884 187 1
2004 234 1
525 1286 2
1538 792 2
612 911 1
2390 2154 2
2491 972 2
38 2408 2
272 35 2
735 2408 2
2097 2191 1
984 10 2
1839 665 1
1969 792 2
1489 1557 1
1516 980 2
203 635 1
1318 875 1
611 980 1
1640 927 1
2297 1113 1
211 2514 1
85 1517 1
92 1923 1
175 1152 1
523 1150 1
609 2194 1
1951 112 2
2400 782 2
2502 2273 2
1316 792 1
1172 769 1
1459 1923 2
712 980 1
1821 792 2
2133 1583 2
1555 296 2
1156 35 1
2437 456 2
868 1559 2
2233 2612 2
1609 2609 2
1256 2482 2
896 1764 2
453 980 2
1313 2463 2
2319 1679 2
727 253 2
861 1334 2
1933 1662 2
1612 1583 1
1620 980 1
1883 1923 1
2033 854 2
1260 1489 2
1776 2436 1
1753 2089 1
266 2324 1
862 980 2
486 1457 2
2012 1786 1
1626 2345 2
1849 1583 1
1289 1415 2
1579 35 1
1642 417 1
2163 2222 1
1325 776 1
1964 1999 2
1571 1179 1
1962 980 1
728 1697 2
830 1764 2
2285 1613 1
1317 296 1
1618 801 2
379 2011 1
542 2603 2
35 980 1
1452 1583 2
2386 464 1
675 2345 2
259 792 2
1183 1743 2
2538 1963 1
2373 1241 1
1938 1834 1
1431 1457 2
1372 1585 1
2360 674 2
2623 2143 2
745 2341 1
1504 970 2
1601 792 2
839 420 1
495 589 1
656 2345 2
1774 1979 1
629 2243 1
493 980 1
1697 362 1
1202 167 1
1600 2010 1
2185 1638 2
2552 443 2
2283 2578 1
2407 980 2
262 121 2
1916 1576 2
935 1806 1
501 35 1
1409 2141 2
264 2181 1
2529 2147 2
558 815 1
1206 1834 2
28 231 1
2294 2224 1
1659 980 1
101 205 2
190 1180 2
181 35 1
1450 1937 2
341 909 1
2500 35 2
2326 980 1
777 792 2
2123 980 1
2175 1588 1
1671 1386 2
95 978 2
556 240 1
1120 980 1
455 105 1
1780 938 2
2606 1583 2
642 538 2
1716 2138 1
361 980 1
2358 980 1
2397 1990 1
1866 659 1
859 105 1
68 296 2
1569 1923 2
206 209 2
1512 2341 2
799 2457 1
2142 2345 1
1881 2408 1
345 1671 1
721 2199 1
2371 1806 1
223 1039 1
1822 35 2
1126 1457 2
1666 1910 1
2316 1834 1
430 1923 1
1596 980 2
1816 1371 2
809 638 1
1090 980 2
1312 980 1
1495 980 1
359 841 2
1846 2578 2
1351 2194 1
1523 1501 2
2620 2537 2
1437 792 2
452 980 2
1003 105 2
957 684 1
62 1546 2
742 937 2
2509 2145 2
364 1325 2
764 1444 2
2329 302 2
122 1534 2
1171 1583 1
2219 1385 1
1828 2443 1
234 980 2
2444 105 2
324 588 1
1813 205 1
184 619 1
838 538 2
349 296 1
883 603 2
2364 980 1
794 801 1
1798 664 1
2150 1457 2
517 1806 1
1576 418 1
2440 980 1
144 1974 1
1239 792 2
2277 980 1
74 792 1
1980 855 1
813 980 2
1165 2267 2
1853 1306 1
1357 35 2
606 296 2
2044 980 2
2228 980 1
2034 792 1
298 296 2
1076 1793 2
628 2341 1
2574 1828 2
1586 841 1
1843 1583 1
2290 29 1
1752 615 2
1018 980 1
1616 980 2
1810 1923 2
1615 1923 1
178 2140 2
143 2510 1
1732 623 2
1873 792 1
281 876 1
2471 337 1
375 1097 1
2090 980 1
534 1703 2
10 980 1
2262 980 2
2139 253 1
2146 980 2
1699 342 1
1519 1294 1
2506 664 1
1241 1299 2
2054 792 2
120 35 1
648 680 1
2111 792 1
1506 494 1
1259 997 1
1342 1923 2
2459 381 1
2127 1583 1
1912 35 1
1196 2036 2
1522 296 2
2613 3 2
1302 1248 2
792 980 2
2216 980 1
926 1092 1
1468 16 1
2461 792 1
1943 2345 1
1959 980 1
1178 2575 2
2217 1784 1
127 1806 2
226 332 2
285 71 1
997 367 2
577 773 1
1761 163 2
186 792 1
483 1379 2
544 732 2
1875 980 2
13 1923 1
305 1139 2
2324 1524 2
2207 1583 1
405 538 2
1204 980 2
1201 1457 2
1162 980 1
1114 296 1
2476 980 1
500 30 2
1767 980 1
2419 2559 1
1045 10 1
747 1088 1
2177 2563 1
2030 1847 1
1840 980 1
1149 370 1
1653 1741 1
2296 6 1
2593 980 1
462 1834 1
2154 1073 1
2060 2566 1
989 1923 1
1367 2453 2
2003 44 1
97 650 2
66 964 1
1694 296 1
975 1583 2
1791 980 2
219 245 1
1001 1393 2
2321 969 2
58 270 2
567 2272 1
974 1145 1
847 2572 1
2254 1570 1
793 726 1
2302 1311 2
2614 822 2
1855 2403 1
2470 2378 1
1635 2345 2
2253 969 1
2357 2345 1
1444 1590 2
2245 175 1
1723 1559 2
2395 703 1
1261 193 2
756 2298 2
1112 792 2
1441 220 2
67 747 1
759 617 2
1622 35 2
2199 2170 2
1059 2345 1
1768 1208 2
1400 723 2
1738 2523 1
1072 792 1
841 523 2
1553 792 1
2592 1213 2
1861 980 1
1075 860 1
911 798 2
961 178 1
1508 1806 2
1724 2011 1
113 980 1
1052 792 1
1501 957 2
30 1583 1
1439 1994 2
537 2341 1
1000 792 1
1371 825 1
2248 296 2
1084 980 1
2317 1923 1
2557 980 2
1588 567 1
2530 1764 1
1309 233 1
2239 362 1
247 2518 2
1461 2570 2
1198 2320 2
595 980 2
624 1446 1
1625 1140 2
191 20 2
2312 2345 1
2314 980 2
1998 1809 1
1965 980 2
426 579 2
60 980 1
105 980 1
2416 2369 1
192 792 2
2548 980 1
2050 560 2
1657 1408 1
581 1923 1
1958 296 1
1113 449 2
1085 980 1
2375 1994 1
1470 734 1
1484 1923 2
2015 980 2
80 993 1
560 646 1
1366 792 1
196 980 2
224 35 1
27 1605 2
2438 1531 1
533 1914 1
1789 2434 1
1511 980 2
942 980 1
2058 1923 2
1982 1038 2
1044 420 2
729 792 2
166 35 1
796 1923 1
750 640 2
7 703 2
1885 1709 1
1837 1263 1
1644 2181 2
2244 2574 1
804 990 1
59 420 1
109 300 2
2454 1701 1
1743 792 2
329 167 1
524 1375 1
1359 1309 2
798 1547 1
9 35 2
291 1717 1
242 108 1
1772 1888 1
1886 1583 1
1742 1834 1
1939 2221 1
276 980 1
2017 980 1
2399 1923 2
2354 1567 1
1280 275 1
1136 1583 1
2516 1116 2
2489 1415 1
270 2282 1
1872 35 1
1714 105 1
594 118 1
1236 911 1
1781 35 1
387 1684 1
1658 71 2
216 2175 1
2581 2075 1
1479 1694 1
263 35 2
279 2578 1
2413 1785 2
507 1585 1
570 296 2
512 1946 2
856 318 2
1464 1583 2
2026 1756 2
439 2578 2
2570 980 2
428 10 2
2588 1353 2
1759 177 2
398 792 2
385 980 1
1946 1710 1
1480 542 2
548 10 2
2589 2236 2
2487 2462 2
1820 2285 1
723 1830 2
1536 1282 1
2059 980 1
795 1583 1
1661 980 2
1509 1923 2
1559 980 1
822 165 2
1614 797 2
220 88 2
999 446 2
2422 2182 2
867 1950 2
810 1507 1
912 303 1
522 1580 1
309 1250 2
1698 1923 2
2135 2335 2
1024 1827 2
566 2036 2
1298 35 1
445 2121 1
1483 105 2
1010 1427 2
1808 1637 1
1131 1764 1
1134 572 2
317 959 2
431 127 1
1287 2486 2
881 529 1
2230 1806 1
685 1547 2
412 362 2
2041 2033 2
1490 576 1
51 420 1
1557 2402 1
151 129 1
1493 617 1
2025 362 2
966 1147 2
1221 1923 1
395 2196 1
1315 792 2
1219 980 1
1412 1998 1
1552 35 1
1664 522 1
1921 702 1
2474 296 1
1180 980 1
315 1393 1
1475 362 1
2579 1457 1
1226 94 1
2295 803 1
2249 1823 2
698 959 1
2288 1385 2
1746 1797 1
1814 1923 1
2507 2463 2
1985 212 2
1574 792 2
2566 434 1
2352 2453 2
2555 2278 1
1457 980 2
1739 481 2
2287 253 1
2144 35 2
312 2417 1
985 296 2
2213 1990 1
592 1457 1
1050 875 1
1426 96 1
