2105 2103 7
1740 1823 2
1956 1861 2
22 1310 2
625 1861 1
1017 212 2
1053 1933 1
2053 1278 9342
224 1141 2
104 413 1
1980 1116 1
1401 1956 1
52 413 1
1905 1636 2
1348 1078 2
1488 212 2
1340 474 2
1008 53 1
704 1921 1
2026 1306 2
1233 713 9462
939 413 2
227 789 9003
776 212 1
2078 1199 2
1624 1956 1
48 1116 2
1185 562 1
503 1952 1
201 1921 1
661 413 1
1459 94 9990
469 1025 1
1110 1435 2
1147 1352 1
257 562 2
1546 862 9308
659 1861 1
695 1732 1
236 1801 9558
827 1823 1
1568 319 9533
1517 501 2
1285 1503 1
346 212 1
176 1823 2
1481 1282 1
400 562 1
759 474 2
1300 474 2
427 212 2
508 894 2
46 1098 1
266 413 2
313 485 2
1584 164 1
416 1813 1
475 212 2
21 1274 9010
1543 1823 1
1519 212 1
544 1933 2
1003 1435 2
1243 1407 9902
354 212 1
59 223 1
1809 791 9235
1821 474 1
942 1831 9059
664 1058 9463
1818 779 1
1541 212 2
1131 1671 2
988 971 9750
1379 1823 1
1736 1116 1
1917 1635 2
1968 1318 1
99 1859 1
1302 223 2
1060 1654 1
922 263 2
1069 1823 1
1105 212 2
309 197 2
252 1405 1
581 1616 9608
637 1010 9553
1580 212 1
268 223 1
819 1116 2
910 103 1
2029 1078 1
222 862 9065
100 1014 9600
804 413 1
1873 544 1
1385 212 2
1167 413 2
1293 212 2
858 163 9633
437 262 1
145 212 1
1038 1732 1
289 1861 2
2063 1028 1
1392 390 9735
1403 413 1
792 1105 2
390 1001 9733
757 562 1
772 407 2
128 212 1
1902 212 2
264 1823 1
2062 439 2
410 1848 9585
1595 1405 2
1812 85 9480
1659 2100 1
1892 1352 2
184 212 1
1363 413 2
161 212 2
317 212 2
1594 906 2
26 1078 1
417 1207 2
1755 413 2
2000 413 2
349 1072 9302
567 197 1
1361 1388 2
306 212 2
729 492 1
361 1823 2
1050 1861 2
518 1861 1
920 413 2
882 1823 1
785 413 2
554 413 1
720 1028 1
857 1921 2
80 484 2
2079 212 1
49 464 1
815 474 2
676 11 9981
1978 153 2
892 1823 2
521 212 2
267 212 2
1394 1428 9525
1339 1352 1
1512 1414 9407
1281 212 1
1786 103 2
1997 212 2
1820 413 1
1675 1827 9849
1783 1921 1
1951 263 2
786 1118 9697
1733 395 9486
1689 1067 2
370 1116 1
1356 1057 9168
780 212 2
1754 1318 2
872 349 9117
180 1823 1
842 1078 2
1705 262 2
1962 212 2
1562 1116 2
1933 212 1
172 562 1
1457 501 1
81 212 1
1649 212 2
1425 2093 9781
602 963 1
1089 212 2
1957 413 2
1858 1559 1
11 1296 9489
802 1318 2
356 492 2
844 212 2
795 464 2
692 808 9487
1877 1025 2
748 1028 1
1849 1861 1
45 1861 1
828 413 2
1396 1813 2
1241 1028 1
413 212 2
871 486 9487
1477 1394 9919
2077 100 9626
753 1267 9288
1940 1028 1
894 212 2
1499 1922 9877
1190 413 1
371 1005 9266
1644 212 1
292 1823 1
1671 212 2
177 1823 2
263 212 1
1023 413 1
693 1116 1
415 1078 2
1585 212 1
1315 1143 1
291 1671 2
470 1116 1
1840 1441 2
402 492 1
1570 1078 1
1153 1933 2
1427 103 1
88 1922 9005
13 413 1
1332 1823 1
259 199 9839
1001 1886 9245
1973 881 9603
1673 1823 1
132 1921 1
391 321 2
94 339 9848
75 212 2
1327 1028 1
1592 244 2
343 212 1
2085 122 9201
628 474 2
396 1933 2
1083 1078 1
1715 513 9491
1506 875 9444
734 212 1
25 2103 2
1770 492 1
146 1720 9848
1395 1116 2
158 212 1
1869 164 2
1013 212 1
1197 1875 1
2018 1028 2
1424 1098 2
1654 464 2
185 1823 2
203 1956 1
1369 1318 2
1553 1861 2
2023 1548 9143
589 262 2
237 217 9199
167 1352 1
895 223 1
164 212 2
312 1635 1
1688 1028 1
1352 1823 2
651 1875 1
135 212 1
1937 212 1
1419 1537 1
442 130 9941
1829 223 2
1650 626 1
631 894 2
34 1875 2
535 1112 2
735 349 9496
936 474 2
622 464 1
726 321 2
1193 1545 1
1885 212 2
955 413 2
1152 1323 2
279 1440 1
1056 474 2
666 413 1
877 1823 2
1904 1861 2
822 413 2
1494 373 1
730 464 1
595 212 1
1122 43 9431
1029 1028 2
546 1640 9358
880 1467 1
92 1415 1
765 924 9567
1660 1277 2
1798 212 1
1102 1813 2
1563 1028 1
1074 75 2
1370 212 1
1860 240 9058
1373 1598 9837
1750 562 1
966 1323 2
938 1438 9886
1774 212 1
1108 1028 2
1523 1635 2
540 212 1
545 1572 1
1889 1352 2
1895 1351 1
510 413 2
133 212 2
1436 1239 1
613 399 9511
1482 212 1
179 2002 9147
440 436 1
1359 474 1
1985 212 1
741 413 1
114 1638 1
642 1537 2
883 413 1
1959 212 2
1381 1028 2
1661 1105 2
1559 1861 1
597 1388 2
677 768 9283
1471 1861 1
1184 407 1
156 1836 2
648 212 2
76 243 9925
1901 212 1
1360 1352 1
793 963 1
351 1028 1
1738 2100 1
1227 1078 2
635 1956 2
1288 1823 2
861 1889 1
1577 223 1
515 1079 9910
1782 413 2
1638 413 2
1704 1239 1
325 1569 1
599 348 9801
1273 212 2
111 212 1
654 1078 1
1665 492 2
783 1548 9980
1604 1081 2
282 374 1
961 212 1
372 212 2
1354 1364 9272
61 164 1
1159 413 1
943 212 1
103 212 1
2034 212 1
1398 1078 1
1839 1929 9954
162 1243 9692
368 212 1
2050 1640 9824
614 212 1
1950 1889 1
1180 1228 1
1974 1028 2
14 1875 1
1732 212 1
32 1956 2
472 1823 1
1310 1823 2
1177 1823 1
1236 1823 1
1093 212 2
855 355 9072
1262 779 1
710 103 1
551 1352 2
473 1679 9921
1925 1700 9060
644 1976 9373
1202 212 2
494 182 9327
1871 1823 1
657 484 1
1303 477 9020
874 1889 1
70 493 9337
1380 1861 2
1495 212 2
905 212 1
1211 212 2
1362 1861 2
1349 212 1
1994 1173 9064
1432 212 2
1693 1116 1
1336 1150 9075
775 1823 2
2095 212 2
1261 712 2
1629 474 2
520 594 1
1022 262 1
1995 1589 2
1132 594 1
634 1063 9038
1524 212 1
1364 1233 9819
436 212 2
369 906 2
1972 75 2
1404 103 1
2037 212 1
1455 1823 1
1350 413 1
455 1143 1
1480 562 2
568 1028 2
747 212 1
310 212 1
1731 1861 1
1010 206 9906
2051 1035 9966
697 1638 2
1128 413 2
1415 1933 1
1254 212 2
1881 1861 2
1922 1809 9719
153 413 2
239 1834 9373
953 433 2
467 1956 1
1929 899 9915
1695 676 9322
1321 263 2
543 1861 1
1324 1392 9879
754 2097 2
934 492 1
763 197 1
781 2097 2
852 1116 1
1214 1641 9323
1854 217 9355
668 1435 1
117 1063 9806
846 2097 2
1727 1547 9288
1328 223 2
816 464 2
1294 915 9624
1944 1078 1
2016 413 2
1501 1512 9236
1796 212 2
2064 1078 2
397 212 2
98 1078 1
1466 331 9469
1289 1933 1
1002 413 1
84 474 2
542 1921 1
190 210 9037
1927 1956 1
525 212 2
1351 413 1
1220 1952 1
1156 1087 9274
1479 1078 2
764 1318 1
1794 351 2
1793 1028 1
1020 490 9850
1879 212 1
1101 213 1
1941 264 1
954 1921 2
375 1416 9951
1561 948 9456
502 1116 2
1034 1823 2
558 1913 9388
1804 562 2
575 164 2
603 212 2
1251 492 2
1888 1569 1
1672 562 1
454 212 2
670 474 2
1049 1937 1
1721 578 2
2067 232 1
1787 562 2
761 1246 1
1178 1823 2
738 1028 1
2091 153 1
204 848 9379
134 1078 2
1388 1028 2
428 413 1
243 732 9682
1891 212 2
1085 212 2
1547 1506 9187
2009 1052 9288
187 164 2
1000 212 1
612 1028 1
1612 1488 2
526 212 2
1443 2021 1
2021 413 2
1426 1228 2
231 204 9797
1279 501 1
627 413 2
2056 413 2
768 1641 9074
62 212 1
1282 212 1
538 833 2
253 1933 1
461 474 2
826 1116 1
2093 171 9327
152 1933 1
1483 1559 1
1803 1359 2
647 164 2
394 1112 2
1618 212 1
1405 474 1
234 321 1
1516 1861 2
1828 562 1
1938 781 1
1311 1078 2
271 413 1
283 212 1
339 483 9756
1609 413 1
579 1952 1
1835 1933 2
1712 1246 1
221 1078 2
1534 263 2
226 1359 2
357 1933 2
813 492 1
1286 906 1
564 103 1
1217 413 2
1711 732 9405
1213 212 2
1442 474 1
453 2093 9278
1226 464 2
223 212 1
1575 1937 1
1552 244 2
1014 1827 9947
990 31 9709
1025 212 1
269 1513 9197
1406 1239 1
189 1419 1
1052 39 9288
656 212 1
836 212 1
1753 1028 1
1292 197 1
632 1823 2
1687 212 1
863 1246 1
1209 1028 1
1856 1078 1
466 1028 2
1054 1674 9272
123 1028 1
1475 1282 2
113 1173 9826
529 1028 1
964 1028 1
1498 1249 1
181 1933 1
2044 212 2
824 1246 1
468 212 2
820 1078 2
1464 474 1
1196 1933 1
249 146 9356
136 413 1
1387 212 2
1423 1952 2
1104 1161 9380
925 1078 1
42 1559 1
1039 212 2
1605 280 2
803 223 2
1642 1078 1
1155 212 2
633 1863 9233
1707 1610 9171
246 1228 1
810 1028 2
359 1282 1
258 1861 2
541 1859 1
1203 1304 9139
571 1207 1
1382 1103 9645
433 212 2
951 446 2
1219 833 1
1646 1823 2
1191 1239 2
1728 1537 2
9 1823 1
1135 212 1
1827 1338 9748
2038 544 2
2083 413 2
1270 1798 2
1778 413 2
1805 1479 2
1975 1644 1
2033 1098 2
550 1352 2
1551 1937 1
862 31 9320
789 129 9375
686 590 9263
1259 1028 2
1113 646 1
1817 1956 1
465 413 2
1600 712 2
1694 1695 9769
126 413 2
950 413 1
1800 1559 2
345 223 1
2 1597 1
572 413 2
1670 413 2
182 1303 9950
1044 413 1
288 474 2
244 413 2
2036 1861 1
817 1875 2
1082 212 2
512 1861 1
1317 1078 2
1460 413 1
1375 413 1
265 1352 2
1080 1537 2
1544 1299 2
1900 413 1
711 2097 1
641 1875 1
1777 1812 9220
1841 212 1
5 319 9618
485 212 1
807 1141 1
1099 413 1
40 212 1
2032 1028 1
245 1162 1
986 1861 2
2059 390 9235
228 413 2
1420 103 2
360 1853 2
90 1823 2
213 212 1
1378 1937 1
10 212 1
1526 212 1
77 1813 1
1979 562 2
1119 464 2
1571 1028 1
1374 103 2
1410 439 1
1744 103 2
745 1921 2
1463 413 2
1331 1823 1
1145 1813 1
7 413 1
27 1861 1
1141 1823 1
1945 1503 2
1318 1028 1
996 1078 1
2019 1067 2
1161 23 9891
108 1288 2
2052 464 2
2097 212 2
1722 1861 2
1314 1028 1
626 212 2
1616 765 9712
1429 197 2
623 1028 2
1514 1415 1
1407 471 9342
1207 1352 2
1775 1545 1
1567 1078 2
557 1351 1
1872 164 1
982 1559 1
262 212 2
1452 1574 9775
1746 1672 2
462 1861 2
1652 413 1
2084 212 2
488 212 1
362 616 9730
175 212 2
54 1823 1
1710 1861 2
1075 212 1
565 413 1
93 988 9748
1194 212 2
2006 1246 2
679 1572 1
1325 212 2
811 1116 1
580 712 2
1088 402 1
1930 1136 1
1716 1001 9698
1890 1861 2
373 1105 2
2012 562 1
1619 355 9087
1087 871 9727
1503 212 1
195 1272 9101
301 1141 2
101 1195 9068
24 833 1
696 212 2
233 1808 9794
1847 1352 1
1626 1435 2
928 1933 1
818 1823 2
474 413 1
1831 924 9782
678 1352 2
1019 1078 2
1946 1352 1
1120 1028 1
1613 1823 1
578 413 2
1822 212 1
425 1028 2
1538 212 1
202 212 2
1758 196 9507
1275 1671 2
214 894 1
706 1558 9837
1614 1952 1
752 1937 2
1836 474 1
144 765 9189
130 633 9988
1739 948 9522
102 1823 1
381 212 2
1486 413 1
2028 712 1
1533 1861 2
1097 1933 1
1266 474 2
1636 1028 1
1450 940 9356
1307 212 1
1474 522 9218
260 1861 1
700 11 9950
1857 1846 2
206 1641 9223
733 413 1
1969 1078 1
1411 1078 2
681 223 2
1230 413 1
683 1823 1
1126 1861 2
1578 212 1
1341 223 1
2080 1952 2
797 1956 1
2031 212 2
1250 464 1
646 212 2
387 103 1
1129 212 2
511 212 2
304 1823 2
829 197 1
2074 1621 9231
51 1933 2
1536 212 2
280 1078 2
1844 1823 2
1058 37 9540
808 1515 9755
1690 963 1
1487 1474 9305
1301 197 1
1433 212 2
1530 1405 1
1057 1121 9965
967 1143 1
866 212 1
79 1875 1
983 1116 1
1535 212 2
952 212 1
1641 1248 9119
149 894 2
563 1020 9633
321 413 2
1928 474 2
65 413 2
1377 473 9716
78 233 9462
850 53 1
205 212 1
727 439 1
1741 413 1
1656 1823 2
1115 1078 2
183 212 2
230 1823 2
1960 413 2
1064 1937 2
1582 1245 2
31 239 9770
997 1116 2
930 212 2
537 413 1
1072 1831 9757
528 1974 2
192 212 2
570 197 1
55 413 2
1765 212 1
1749 1937 1
1963 1282 1
931 1823 2
1004 1067 2
1027 212 2
860 1028 2
655 2097 1
1692 1164 1
1009 644 9086
1723 1028 2
809 562 2
639 212 2
1399 212 1
150 1283 1
566 4 9144
248 212 1
878 375 9136
1679 664 9815
120 818 2
1440 212 1
1276 1323 1
1200 212 2
1228 413 1
777 1956 2
933 137 2
671 1352 2
590 552 9714
714 1956 1
717 1028 1
1121 2085 9461
1103 1203 9609
211 1733 9293
1171 1352 2
284 1823 2
29 2003 9884
315 1933 1
318 1861 2
549 402 2
1866 212 1
414 1352 2
1036 594 2
1617 1078 1
1472 540 1
2094 562 1
1875 212 1
1391 1956 1
112 1988 9607
1504 1823 2
1239 212 1
115 212 1
305 1933 2
277 1559 2
1878 413 1
1965 1861 1
773 413 2
358 1638 2
64 562 1
758 1861 1
334 1078 2
483 2009 9920
220 1373 9162
596 1078 2
796 1823 1
605 1 9589
787 1288 1
1730 103 1
69 464 2
2013 1294 9944
600 492 1
2104 263 2
1124 1116 1
38 963 2
1500 413 2
1106 1067 2
1268 1937 1
823 1228 1
1366 413 1
82 2044 2
539 1203 9981
1306 212 1
1859 212 2
1685 2100 1
1655 1537 2
1342 963 2
1924 464 2
1719 963 2
689 232 2
448 112 9324
1981 212 1
1572 212 1
843 1028 1
1478 1635 2
1947 1569 2
250 474 2
1760 1105 2
1334 544 1
1063 6 9478
33 1028 1
1880 1067 1
1708 212 1
154 212 2
547 1028 1
987 413 1
1729 70 9438
762 410 9478
1583 413 1
1111 1589 2
989 1867 9199
407 413 2
1745 1028 2
129 1748 9438
1166 1078 1
270 599 9330
513 122 9195
1116 212 1
296 1028 2
1908 1861 1
1781 1116 1
1090 212 2
798 1087 9818
1910 1337 2
412 1028 1
799 1078 1
530 1823 2
658 1352 1
275 413 2
311 608 1
444 1028 2
1643 53 1
1914 212 1
2103 1921 2
1492 492 1
1164 413 2
1046 1116 1
1677 1078 1
969 1323 2
324 1823 1
188 212 1
909 1537 2
840 1028 1
1939 212 1
739 1352 1
1430 492 2
522 970 9268
1267 1925 9647
17 197 2
127 212 2
1422 1087 9496
924 707 9785
463 212 2
1212 1235 9639
652 1952 2
1077 1861 2
1067 413 1
716 1274 9399
1505 27 1
1565 1510 2
1371 1239 2
906 413 1
973 413 1
1192 492 2
1931 1438 9076
68 212 1
124 1049 1
569 212 2
1297 413 1
335 212 1
1417 212 2
896 1823 1
1316 212 2
1942 1303 9964
504 351 1
2025 212 1
1295 2097 1
193 1405 1
1833 963 1
976 223 2
1055 413 1
86 1510 2
1143 212 1
684 212 2
1557 1078 2
1384 212 1
1109 212 1
1764 212 1
58 1823 1
393 750 9913
148 1875 1
23 1982 9558
1918 83 9122
725 436 1
519 1078 1
434 1352 1
386 1214 9069
2087 474 1
276 1921 1
1734 212 1
779 212 2
791 605 9957
196 2085 9607
1461 212 1
1554 413 1
643 1545 2
672 1010 9412
2070 1875 1
1263 474 2
1137 1823 2
731 626 2
1724 1028 1
975 1875 2
1247 212 2
199 170 9012
1210 1028 2
1648 644 9788
209 1078 1
1886 633 9624
617 413 1
20 163 9057
1834 871 9366
1589 1861 2
2035 1028 1
1238 212 1
109 212 2
53 1823 1
1916 351 1
1842 781 1
420 212 1
1476 212 1
1909 413 2
586 1956 1
1343 103 1
1999 464 2
1757 1952 2
1005 735 9833
498 212 1
879 562 1
2098 1974 2
1529 212 1
171 1243 9441
1676 212 1
1299 963 2
728 1933 1
6 1513 9052
1608 1422 9909
1576 1671 1
971 1990 9814
767 212 1
1518 540 2
870 413 1
1225 1405 2
832 1028 1
272 212 2
1691 413 1
1278 989 9553
1274 563 9082
200 155 9870
2040 2050 9379
435 1691 1
1271 212 1
1435 212 1
1031 413 2
1244 755 1
601 686 9870
1621 932 9658
395 94 9012
653 1282 2
1717 1784 9412
1091 1239 1
385 212 1
968 212 2
1791 1813 2
255 492 2
330 1510 2
778 212 1
1409 212 1
50 1823 1
1587 1861 2
1631 212 1
383 374 2
2010 413 2
89 212 2
377 1435 1
1623 1861 1
1830 1715 9619
868 963 2
849 223 2
1510 1861 2
552 1394 9663
594 1861 2
1133 2017 9488
1566 103 2
582 212 1
1451 212 2
660 474 2
1107 433 1
1368 212 2
1222 1116 2
687 1954 1
1138 1921 1
366 413 1
404 1203 9636
592 164 1
73 413 2
1485 1823 1
994 1974 2
409 1352 2
897 413 2
912 1143 2
406 413 2
782 413 2
505 1318 2
1448 454 2
621 1078 1
1169 262 2
1015 464 1
1611 413 1
274 474 2
598 413 1
1756 53 1
1112 212 1
1779 698 2
985 413 1
477 1450 9076
1084 1318 1
610 212 1
1603 1116 2
1095 492 1
3 1078 2
382 1823 2
1861 212 2
2057 1377 9592
534 212 2
1024 103 2
1 210 9437
445 212 1
1876 16 9784
1748 1336 9932
794 1078 1
701 1067 1
57 439 2
1737 1352 1
452 1028 1
911 1028 2
1633 1112 1
1043 212 2
2099 1548 9648
478 1823 1
553 712 2
901 779 1
1390 1116 1
1346 515 9321
1094 492 1
1142 264 1
1284 692 9411
1100 1078 1
1173 1079 9592
2014 197 2
1497 1028 2
499 1823 2
1098 212 2
1926 212 1
1797 1954 1
708 1098 2
497 1116 1
1766 413 2
341 717 1
1446 1116 2
1637 1078 1
859 413 1
918 1116 1
1229 1028 2
1199 562 1
1150 1598 9989
867 1105 1
2039 321 1
2005 594 2
376 413 1
1911 1118 9551
186 734 2
919 464 1
2061 223 1
2100 212 2
131 1823 2
501 1823 1
332 1933 2
1762 1813 1
1338 1010 9553
771 1318 2
1718 1720 9905
667 1574 9082
500 212 2
1586 563 9246
458 963 1
1802 1823 2
74 103 1
1473 1956 1
838 1921 2
2043 212 1
1283 1323 2
15 1067 2
2042 1861 2
1386 413 2
424 1933 2
421 474 1
1898 197 1
495 474 2
105 413 2
1751 1467 2
278 1956 2
1701 1352 2
524 1823 2
1059 1823 1
531 2097 2
1125 1078 1
1028 212 2
1337 212 2
1186 474 1
374 212 2
1666 1875 2
533 1716 9375
1231 1357 1
72 2077 9526
1264 1823 1
286 1028 2
1851 213 2
699 212 2
1597 212 2
1162 212 2
225 1813 2
914 1828 1
36 1352 1
492 212 2
299 1239 1
869 562 1
1260 1921 1
899 1893 9989
1768 212 1
1893 1501 9990
890 212 1
891 212 1
1645 474 1
736 2069 2
821 1503 1
1919 1028 2
607 492 2
451 1933 2
1697 1105 1
949 1764 1
1651 413 1
713 493 9102
573 1338 9619
1358 212 1
1491 1352 1
1148 2003 9192
106 1028 2
352 212 2
328 1405 2
1198 1028 2
1416 93 9015
1012 1921 1
1897 1241 1
314 1141 1
1188 413 1
471 85 9175
1992 212 2
97 212 2
1234 1028 2
1439 202 2
1149 1078 1
293 1823 1
1312 1441 2
2002 2003 9392
1653 1861 1
1819 1235 9917
903 283 1
1309 1937 1
587 1437 2
703 1028 2
615 212 1
35 1352 2
1843 562 1
962 492 1
2046 1715 9838
1154 212 1
1967 474 1
835 212 1
2024 212 2
2081 413 1
588 712 2
1976 1675 9052
166 2103 2
2049 1861 2
965 212 1
30 1078 2
379 601 9420
1096 1078 2
1030 212 1
662 212 2
1389 439 1
756 212 1
1118 395 9968
548 1861 1
663 1239 2
616 618 9704
1520 212 1
384 1318 2
1376 212 1
1763 212 2
1986 1226 2
178 1974 2
1966 1440 2
1620 1880 1
591 212 2
1807 162 9641
1313 1732 1
854 212 1
8 944 2
1625 1487 9737
419 27 2
1187 1711 9266
392 232 2
1632 963 1
217 624 9912
1678 1323 1
709 1300 1
527 413 1
2090 1405 2
881 998 9628
1811 1952 1
418 413 2
927 464 2
459 1933 2
1290 555 9452
1884 1028 1
1179 164 2
1686 1823 2
946 1503 1
1658 212 1
1667 1028 1
95 474 2
1489 212 2
682 1861 2
619 712 1
1444 439 1
174 270 9831
606 1388 2
273 1672 2
1305 492 1
37 200 9192
2055 1823 1
1151 938 9076
1242 212 2
1598 2040 9540
945 1537 1
640 2097 2
1175 1078 2
1983 195 9980
1372 103 1
1323 212 1
44 1028 2
1454 212 2
1208 223 1
1923 779 2
398 212 2
742 212 2
2089 212 2
1955 2097 2
235 1028 1
1397 1823 1
143 413 2
116 1616 9266
308 1318 1
464 212 2
1437 492 1
1899 573 9797
364 223 2
722 562 2
974 212 2
1245 212 2
1269 1228 2
1699 464 1
751 1116 2
1681 464 1
638 1078 2
1996 1823 1
1747 755 2
561 212 2
1713 1933 1
1887 413 2
691 1405 2
1894 1199 2
85 1506 9836
723 1245 2
1402 492 2
1961 1952 2
60 1352 2
242 474 2
645 562 1
1333 1891 2
405 1121 9700
624 1547 9354
56 212 1
702 1078 1
2004 1921 2
2066 413 2
1061 1028 2
1789 1861 1
2069 212 1
2092 1861 1
1181 413 1
1639 1933 2
347 212 2
719 464 2
1045 223 2
1253 212 1
958 355 9060
256 2102 1
449 212 1
1304 101 9918
774 212 1
947 1823 1
107 1861 2
885 1028 1
584 180 2
2086 413 1
1206 103 1
981 413 1
254 1028 2
1630 1744 2
674 1559 2
457 413 2
1943 197 1
290 464 2
170 1054 9216
685 1861 2
1785 212 1
1590 1933 1
893 1638 2
138 474 1
1308 1823 2
1509 212 2
1684 1394 9877
1249 212 1
1682 1246 2
1640 690 9165
1607 153 2
1954 212 1
1215 1798 1
1237 212 1
609 1823 1
1532 212 1
353 1116 1
630 222 9329
560 1545 2
1752 865 1
431 1028 1
240 21 9281
801 212 1
1272 1377 9450
388 53 1
1801 170 9887
957 1621 9265
215 212 1
991 1352 2
67 474 1
814 1973 9169
91 474 1
1515 1625 9266
1176 1823 1
1048 131 1
229 474 1
163 1886 9177
576 1823 1
1441 212 1
978 212 1
1855 212 2
1462 1933 2
1846 1116 2
1864 2097 2
1205 1809 9389
232 413 2
1865 1742 2
1964 53 1
1903 1246 2
1365 1706 1
888 1823 2
1467 562 2
995 493 9462
1913 1929 9005
1438 713 9489
460 712 2
604 1510 2
1408 1861 1
2048 578 2
1932 501 1
1601 474 1
1622 1956 2
1428 270 9134
2088 779 1
87 262 1
1987 53 2
1882 1067 1
715 223 1
493 206 9940
350 779 2
2073 1282 1
743 1028 1
837 212 2
585 1823 1
1550 212 1
812 413 2
848 924 9468
2008 1954 2
443 212 2
1726 212 2
147 413 2
482 1143 1
1799 558 9570
737 2077 9874
491 164 1
1035 146 9487
1189 212 1
886 1078 2
1165 212 2
1958 1318 1
1086 1116 2
1367 374 2
1525 212 2
2001 1116 2
219 1559 1
125 2097 1
1837 1318 2
1971 1474 9130
1081 1861 2
1291 1823 1
1558 539 9994
1912 212 1
1468 439 1
1130 1823 1
509 562 2
921 263 2
142 1933 2
1531 212 1
432 1522 1
363 688 9672
980 298 9857
160 1364 9352
1574 1434 9348
1136 1823 2
41 212 2
788 1933 2
39 1104 9402
834 492 2
191 1861 2
1393 1028 1
2058 413 2
1977 1323 1
1935 413 1
665 1952 1
1664 1823 1
1248 1848 9325
168 223 2
1320 1671 2
378 2072 2
2076 963 2
1201 223 2
1174 1933 1
302 544 2
1542 1669 9386
740 722 2
523 1123 1
1357 413 2
197 212 2
1413 263 1
721 1813 1
1814 881 9199
1140 212 2
618 29 9819
1984 562 1
210 581 9329
923 1823 1
784 492 2
295 779 2
1993 1510 1
1051 562 2
1071 1143 1
1952 212 1
1465 1937 1
137 1078 2
1344 223 2
287 1867 9164
1265 212 2
1862 474 1
1998 1635 2
329 113 9697
1896 119 1
1296 768 9016
841 164 1
1832 413 2
929 562 1
1508 212 2
2020 213 2
732 162 9109
1255 1823 1
408 413 2
208 1823 1
1850 1249 2
1706 1028 2
2045 1239 1
760 413 1
2003 1487 9800
198 474 1
1469 1921 2
889 232 1
401 1049 1
336 413 2
1453 212 2
83 72 9927
1062 1028 2
956 1357 2
884 212 2
307 1224 1
993 262 2
1921 212 1
1867 1298 9011
2022 212 2
1816 1812 9434
1702 413 1
479 770 1
1669 5 9412
2030 212 1
1560 1559 1
1709 263 2
380 1324 9568
1824 1933 2
1579 413 2
1144 280 2
1021 1921 1
1615 1318 1
1720 948 9430
1810 1028 2
688 716 9612
450 485 2
241 1123 2
389 212 2
673 2097 1
556 1875 2
337 212 2
316 1861 1
979 1921 2
1070 1028 1
1221 413 2
1680 1449 2
1647 894 1
1528 1589 2
18 212 1
2075 197 1
1771 212 2
1776 103 2
1848 1035 9401
481 562 2
1548 1695 9271
932 753 9562
1246 212 1
4 1674 9350
1735 223 2
937 906 1
825 413 1
141 1352 2
403 223 2
1610 1338 9004
1383 1224 1
1606 814 9882
441 164 1
355 31 9976
169 630 9747
864 1028 2
805 413 2
1066 1318 1
28 197 2
1240 1671 2
96 1078 2
790 103 2
1537 1078 1
1657 222 9636
47 1228 1
2054 768 9761
940 21 9103
1078 212 2
698 212 2
2065 1028 2
151 1823 1
1725 1933 2
1032 212 2
1949 894 2
327 1141 1
1223 474 1
718 1078 2
577 53 1
574 1116 1
1041 1078 1
411 474 2
1456 562 2
333 413 1
1218 223 2
1258 212 1
1953 2051 9813
800 164 1
1006 474 1
247 1956 2
297 833 1
517 847 9179
1079 496 9130
1674 750 9046
1204 1078 2
1496 1246 2
0 1921 1
1319 212 2
1635 413 2
1813 212 1
456 646 2
839 103 1
1216 1823 2
1545 212 2
1016 1921 2
506 212 1
1521 212 2
935 212 1
447 963 1
1513 1839 9918
746 1228 1
1470 212 2
1698 1638 1
1602 1933 1
1792 212 2
900 1739 9262
1759 413 2
1795 617 2
830 1028 1
194 223 2
399 1466 9293
139 492 2
322 1823 2
1784 1072 9104
1627 1028 2
1127 413 1
348 1733 9966
1591 413 1
1853 212 2
340 734 2
1569 1028 2
1195 231 9386
1780 103 2
649 212 2
281 1078 2
1683 1239 2
916 212 1
902 212 1
2102 1028 1
285 1239 1
438 413 2
1065 1861 1
2047 212 1
2011 1510 1
1934 212 1
2068 1028 2
1838 212 2
446 1352 1
845 53 1
1322 1823 1
1257 1823 1
486 878 9211
847 539 9961
1224 212 1
342 544 2
331 858 9277
1168 212 1
806 1703 2
319 1354 9095
71 1537 1
121 1933 1
1714 413 1
769 737 9599
856 212 1
344 1116 2
484 212 1
1808 130 9333
1421 103 2
1826 212 2
941 413 1
915 1988 9432
1490 664 9791
1511 886 2
1431 1765 1
1252 1028 1
1040 413 1
429 717 2
1047 212 2
629 212 2
555 613 9600
1445 1405 2
1668 1168 1
1852 1823 1
917 212 1
998 876 9061
1139 413 1
338 223 1
1345 1098 2
1573 103 1
907 1823 2
1948 1933 2
680 212 1
422 1352 1
1026 262 2
1988 1272 9664
611 197 1
1493 413 2
1907 223 2
1593 413 1
1007 562 2
261 212 2
712 1028 1
1073 881 9231
251 75 1
2015 2097 2
1182 212 1
1355 1823 1
1484 1537 2
833 212 1
426 212 1
593 717 2
159 501 1
298 204 9896
16 601 9388
514 464 2
2096 1028 2
620 212 2
63 212 2
1400 413 1
2082 212 1
516 212 2
1788 244 1
1989 544 2
873 1933 1
887 540 2
430 1823 1
1157 474 2
1170 269 9670
948 442 9328
865 1823 1
963 212 1
1742 1028 2
476 1954 2
1235 1606 9407
755 212 2
1347 1758 9925
1527 1148 9354
2072 1028 2
1815 280 1
1539 820 1
1990 1586 9086
165 594 1
705 1572 2
365 1823 1
1076 1635 2
2007 1449 1
1160 1239 1
608 212 2
2041 321 2
1915 413 2
1123 1823 2
1883 1621 9661
1773 1028 1
1703 474 2
831 197 2
1700 239 9734
43 1619 9044
173 413 2
140 1799 9382
1540 212 1
303 27 1
1581 53 2
636 1078 2
960 1352 1
480 712 2
1037 1537 2
1117 1239 1
1588 1823 2
749 1299 1
1522 1952 1
1599 1537 1
1232 153 2
1298 1648 9271
959 1813 2
1418 212 1
2101 212 1
1806 1674 9010
439 212 2
2071 1572 2
562 212 2
1280 1823 1
423 1823 1
294 847 9180
1870 2097 1
999 212 1
119 212 1
853 762 9129
118 1703 1
1172 407 1
19 294 9688
992 1823 2
766 1105 1
1092 783 9522
926 474 2
1761 1116 2
650 1861 2
707 1272 9764
207 212 2
1564 1479 1
238 103 1
110 1813 1
1970 1078 2
972 262 1
876 1416 9572
1033 492 1
1011 779 2
1183 464 2
1991 1823 2
1825 1028 2
970 1717 9370
875 195 9785
1663 1028 2
1772 1823 2
694 212 1
1743 413 1
1434 319 9942
1114 212 1
300 1823 1
489 1861 1
1447 492 2
320 212 1
1256 858 9864
1353 1823 1
1414 637 9336
1555 212 2
1068 351 1
984 212 2
1556 1956 2
1790 513 9341
1458 212 1
1329 23 9375
1163 1078 2
1628 1813 2
1018 1823 1
1330 212 1
536 212 1
1596 103 1
1134 212 1
559 223 2
1335 1078 2
1412 1352 1
904 1823 1
669 1921 1
367 1352 2
496 1354 9027
1549 262 1
898 1116 1
326 413 2
490 789 9477
1662 779 2
2017 169 9154
1502 1143 2
1823 212 1
2060 1318 1
157 871 9558
1863 170 9329
323 1284 9638
1042 1028 2
744 223 2
66 1559 2
155 1675 9577
216 594 1
1696 212 2
218 413 1
1845 474 2
724 212 2
507 1725 2
12 1028 2
690 1876 9686
1936 413 1
1874 1116 1
675 443 2
977 1028 2
944 1937 2
1326 212 1
1634 223 2
851 1586 9124
908 197 2
122 269 9335
1868 212 1
1920 262 2
1906 1921 2
1769 103 2
487 1636 1
2027 1028 1
1767 464 1
913 1323 2
1287 212 1
1507 1921 2
1158 223 1
1146 511 2
1277 413 2
1449 212 2
770 413 2
750 1657 9612
583 779 1
532 1749 1
