99 97 10
51 6 9023
92 47 9311
58 79 1
45 53 9764
20 74 9700
80 87 9868
10 20 9139
96 51 9239
35 28 1
82 28 1
90 43 2
11 83 1
31 2 9375
24 10 9392
50 45 9973
27 57 9678
53 61 9200
0 28 2
52 35 1
91 12 9472
87 13 9334
34 39 9308
9 50 9342
54 84 1
43 82 1
38 29 9287
37 69 9409
57 89 9775
70 56 1
13 26 9900
18 56 2
33 55 9060
49 56 1
5 76 1
98 78 9281
30 39 9860
15 3 9601
2 47 9850
39 68 9134
78 46 9757
74 81 9528
23 18 2
72 92 9277
4 84 1
59 54 2
97 91 9601
46 29 9272
73 17 9790
66 14 9826
71 94 9457
65 50 9886
77 64 9186
8 98 9589
55 31 9653
76 83 1
67 93 2
83 93 2
47 73 9016
42 26 9615
21 32 1
25 85 2
26 95 9617
81 37 9232
7 27 9233
1 93 1
63 67 2
75 83 1
44 23 1
16 15 9031
94 64 9336
29 42 9500
40 86 9651
28 56 2
60 16 9041
69 48 9853
48 88 9848
41 18 2
62 36 1
61 8 9317
88 96 9519
64 22 9328
86 73 9775
93 82 1
79 76 2
84 83 1
32 4 2
68 14 9420
14 9 9480
12 7 9094
19 75 2
17 94 9341
85 43 1
36 75 1
3 34 9678
22 15 9793
95 24 9888
89 16 9637
