97 95 2
95 78 2
4 35 9850
86 78 2
94 35 9238
45 78 2
23 35 9117
65 28 9276
50 35 9869
54 78 2
3 35 9879
79 78 1
93 78 2
59 78 2
42 78 2
77 78 1
87 35 9604
1 61 9506
80 35 9630
83 35 9933
75 35 9167
24 74 2
10 35 9567
58 35 9584
11 87 9492
41 35 9652
29 35 9752
82 35 9976
73 78 2
67 83 9240
70 78 1
49 35 9249
6 28 9330
43 78 2
72 35 9971
15 35 9837
85 78 1
17 78 1
48 74 1
39 87 9587
63 36 9759
32 43 2
26 35 9920
64 35 9661
30 78 1
20 35 9643
76 87 9123
57 87 9877
51 35 9428
12 35 9925
31 35 9463
34 28 9227
53 87 9204
56 78 2
91 35 9685
92 35 9304
84 87 9119
14 78 1
0 35 9696
40 43 1
81 78 1
9 35 9271
68 35 9103
47 78 2
38 78 1
37 35 9992
71 35 9883
60 35 9129
44 35 9942
18 35 9456
55 35 9593
13 35 9972
27 87 9434
7 35 9024
46 78 1
96 61 9501
89 78 1
52 95 1
69 61 9800
28 35 9759
2 35 9341
22 35 9922
88 61 9955
74 78 1
90 35 9079
21 87 9149
25 35 9103
61 35 9908
16 35 9806
62 87 9905
36 35 9231
8 35 9443
66 78 1
19 35 9238
33 78 2
5 35 9347
