2590 2588 4
909 606 1
1061 2009 1
1083 2344 2
1272 1057 1
1396 1469 2
96 680 2
1071 1741 1
434 1414 1
553 667 1
2063 2433 2
182 1141 1
2496 2345 1
1073 2415 2
1996 381 2
1036 2021 2
2512 1807 1
1840 5 1
1261 1867 2
1353 341 1
2148 1644 2
561 1116 1
2464 1821 2
663 956 2
512 1878 2
2224 839 1
1919 1215 2
365 1766 1
1666 1936 1
1627 1896 2
286 2179 2
406 1434 1
1068 2196 2
423 1830 2
287 1847 2
847 563 2
773 119 1
274 1597 2
322 1886 1
186 1638 2
8 1541 2
1470 479 2
1445 750 1
2376 843 2
630 1301 2
2589 735 2
1952 2226 1
551 892 2
52 654 2
2404 340 1
823 2182 2
396 10 2
683 1582 1
2491 1202 1
814 1371 1
860 1094 2
449 156 1
1490 509 2
2026 1973 1
1485 1021 1
1179 1640 2
1718 813 2
2363 1608 2
2256 22 1
22 1688 1
156 1509 2
1169 1097 2
2176 5 2
88 151 1
107 1062 2
176 1404 1
2078 1469 1
2538 155 1
2104 1789 2
1620 159 2
400 478 2
2017 1251 2
555 356 1
1633 121 1
2428 1184 1
70 1457 1
2211 305 2
2168 750 2
766 615 1
1393 2159 2
1440 1621 1
1293 340 2
950 1889 1
1916 754 2
403 1889 2
180 231 1
586 2091 2
1661 1744 1
1130 70 2
2373 2491 1
26 2015 2
830 2472 1
2344 2069 1
1890 328 2
2553 1463 1
1168 1033 1
1255 162 2
1748 2102 1
1982 2470 2
827 1330 1
2561 1284 1
681 2018 2
1962 2383 1
969 1584 1
270 1492 2
1767 950 1
255 1663 2
1537 2179 1
792 2076 2
267 1559 1
2139 1438 2
73 2355 1
1855 1090 2
911 447 1
1558 2124 2
854 934 1
1693 1646 1
2479 561 2
1673 1970 2
732 2562 1
2346 1985 1
2289 303 2
2572 939 1
191 737 2
1477 2547 2
248 2371 2
2378 353 2
2497 1076 2
24 2018 1
77 875 1
33 722 1
1653 2173 2
1709 1072 1
1433 2129 2
1165 274 2
1469 718 2
1481 404 1
515 301 1
1860 1474 2
1854 242 2
752 2206 1
75 1491 2
526 2228 2
706 106 2
1833 256 2
140 2588 2
807 107 2
2307 2462 2
1875 1726 1
279 2353 1
866 2557 1
1612 1067 2
539 548 2
870 2050 2
2450 1810 2
1587 374 2
2454 1852 1
1898 1256 1
734 797 1
1323 445 2
484 1709 2
992 2328 2
652 950 1
1837 2269 1
207 1200 1
112 19 2
1968 1336 1
2387 1206 2
222 1552 2
2365 2530 2
886 2180 2
2502 697 1
2301 2239 2
1478 2374 2
1934 1705 2
1582 969 1
657 1964 1
1245 2548 1
1937 1578 2
2249 1605 2
436 2011 1
2075 250 1
1356 2131 2
2050 1942 2
54 100 1
1727 2298 2
1295 2040 1
169 1901 1
696 128 1
1151 2058 2
1599 1297 2
1577 1260 1
17 2232 2
1917 522 1
1390 1992 2
1335 2515 2
595 536 1
925 482 1
1886 703 1
1480 1156 1
947 480 2
283 291 1
183 214 2
948 2065 1
1686 2580 1
2457 788 2
1402 2039 2
2217 261 1
137 323 2
407 1765 2
1501 796 2
1544 274 2
345 174 2
122 258 2
1048 55 2
1908 918 2
1208 447 2
2567 1162 1
332 2451 1
1160 274 2
2149 137 2
323 524 2
1764 1669 2
1704 427 2
352 2197 2
761 149 1
2505 604 2
2213 1686 1
1397 1089 1
2103 802 2
2322 872 2
1144 2153 1
1067 1928 2
2500 1531 2
510 1439 1
291 1375 2
208 1030 2
822 1362 1
2232 254 1
2028 1835 1
2098 1079 2
2412 2501 1
278 1379 2
297 992 1
1143 2261 1
94 462 1
1007 350 2
2095 2106 1
2314 989 1
1345 408 2
1380 2518 2
118 1143 1
1626 1982 2
1546 406 2
2204 1459 2
1751 446 1
800 1038 1
216 812 2
662 2199 2
2574 1807 2
2410 528 1
2424 450 1
700 301 1
348 2458 2
542 180 2
2032 235 2
1722 1158 1
199 700 2
2518 49 1
2414 2362 2
344 1266 2
2138 1414 1
1468 230 1
2575 227 1
2552 308 2
1296 525 1
688 733 1
848 329 1
4 1550 2
602 1220 2
2519 1602 1
1110 2142 1
320 1353 2
2433 1462 2
797 1863 1
1230 1659 1
812 2201 2
1619 1949 1
2234 614 1
2222 1344 1
1228 1378 2
1200 2304 1
1012 1053 2
477 920 2
129 2073 1
233 142 1
790 669 1
1183 1710 1
44 2051 1
2588 252 2
1484 1099 2
71 1722 2
202 1963 1
1265 2060 2
9 867 2
1862 1244 1
957 1619 1
859 1515 2
486 716 2
937 1950 1
1798 1996 1
1578 872 1
674 325 2
2324 2087 1
1632 7 2
1035 1377 2
1205 369 1
2483 699 2
509 791 1
2442 1557 1
1199 2057 1
1509 200 1
1521 855 2
675 57 2
1278 1456 1
1077 1781 1
872 1307 2
295 2122 1
973 769 2
1329 268 1
402 1623 1
1839 2386 1
250 757 1
1290 553 2
198 2486 2
1550 586 2
961 2088 2
1930 2161 1
179 2402 2
1273 1516 2
749 1518 1
130 1873 1
74 368 2
1863 661 2
1221 522 2
385 289 2
1959 1912 1
2115 659 2
1315 1231 1
770 705 2
746 1489 1
897 1415 1
164 299 1
72 315 1
1553 1317 2
1730 1346 2
2298 1540 2
1322 1790 1
353 701 2
1749 1500 1
566 490 2
355 572 2
1889 627 1
425 1181 2
1699 1387 2
2585 2399 1
31 1452 1
869 2080 1
868 1919 1
173 1184 1
1543 1022 2
1341 988 2
2027 743 2
1379 243 1
1607 193 2
1374 514 1
64 8 2
311 1127 2
556 147 2
881 1535 1
2556 667 1
687 44 2
386 1410 2
380 1666 2
165 1000 1
1000 1622 1
275 2461 1
1098 301 1
1689 666 1
2509 1184 1
1988 2222 2
1500 1465 1
2306 1329 2
677 76 1
2407 1765 2
1913 1801 1
299 1217 1
468 662 1
83 1567 2
2187 1785 1
1031 673 2
1332 1864 2
1677 1480 1
13 424 1
1439 2381 2
2031 2532 1
1520 1942 1
1280 2158 1
1311 1310 1
1554 1315 1
2152 322 1
1928 2037 2
1420 801 1
793 1585 2
349 952 2
1703 2245 2
124 1106 2
1923 1763 2
1970 1135 2
2269 1885 1
2088 70 1
1307 795 1
369 237 2
895 1819 2
666 1941 2
2009 2333 1
1251 2498 1
1670 2345 1
1270 417 1
1755 1483 2
2011 2441 1
177 1080 1
2554 1466 2
85 850 2
2171 507 2
2013 1908 2
1234 1272 2
834 225 1
802 1816 1
974 997 2
236 363 2
2133 1059 2
660 710 1
1164 2573 2
1146 385 1
1974 530 2
1505 2262 1
545 202 1
1769 139 1
920 1420 1
307 825 1
200 1931 1
1456 2256 1
1576 1481 1
382 1092 1
2044 1082 1
487 1718 1
735 1339 2
2033 2078 2
1282 622 2
1861 1195 2
277 1605 1
1784 468 2
76 2506 2
597 538 2
2532 1313 1
2584 2301 1
2524 365 1
2458 321 1
1695 1860 2
1149 1285 1
1342 2160 2
610 616 2
105 1392 1
226 1412 2
60 2400 2
2334 1449 1
141 1968 2
659 394 1
940 784 2
2091 557 1
1483 1476 2
2523 62 1
1372 1064 1
1716 1468 1
922 2280 1
495 888 1
1631 1328 2
990 1786 2
1103 129 1
1491 644 2
1435 1781 2
2258 2587 1
377 623 1
2196 1815 2
1816 2481 1
729 2129 1
213 945 1
319 41 1
1732 984 1
294 1518 1
1333 1080 1
901 210 2
1 234 1
1463 1584 2
133 1593 2
46 1318 2
1842 700 2
2421 1051 2
1162 62 1
875 1027 1
1020 1868 2
391 129 1
2582 2519 2
537 1705 1
2008 2332 1
2233 349 2
669 1594 2
1794 43 1
2361 2445 2
410 1298 1
1517 608 1
2451 2369 2
1313 942 1
571 1660 1
1614 2113 1
885 1306 1
971 1396 1
1683 392 1
953 2246 2
935 2569 1
1590 2327 2
1907 1697 2
520 1685 2
300 2015 2
883 1129 2
2469 302 1
2316 2212 2
2004 1059 1
1871 2487 2
2537 1236 2
1534 1496 1
32 43 2
227 669 2
1529 149 2
1123 778 1
2437 977 2
1181 1804 2
724 1546 2
2488 2498 2
2569 1345 1
2516 1295 1
1459 1098 2
1338 1749 2
769 1539 2
1733 2176 1
826 1299 2
364 2222 1
522 1383 1
1262 1879 1
2087 1103 1
92 970 2
1306 218 1
786 1144 1
2381 596 1
1156 270 1
2116 2366 1
1119 1745 1
2349 1166 2
1373 990 1
757 1588 2
1300 862 2
1471 2417 1
594 1187 1
1909 441 1
588 1652 2
779 989 1
1922 1282 2
1046 116 1
127 2343 1
1527 1280 1
312 654 1
2506 370 1
1772 2445 2
247 1442 1
927 1209 1
1453 1668 2
2262 1143 2
56 2021 2
2054 896 1
1454 116 1
1698 1125 2
1756 1201 2
1418 149 2
2046 360 1
1628 1122 2
1864 431 1
2415 1062 2
2564 1148 1
1286 1465 2
1983 1943 2
618 1836 1
329 1624 1
1487 2345 2
1713 1248 1
1975 1322 2
1896 72 2
1668 723 1
2568 1674 2
1033 626 2
794 800 1
2093 1908 1
1674 773 2
2423 1837 1
1065 742 1
624 1941 1
2254 2326 2
1125 1751 1
1303 235 2
1362 1834 2
884 466 2
150 2235 2
1965 1220 2
2401 2031 1
645 667 2
2511 72 1
2311 88 1
2117 1938 2
1473 1256 1
2020 2150 2
116 2215 1
1365 139 1
699 1657 2
2359 2365 1
722 1344 1
1486 863 2
1019 2401 1
960 2423 1
656 442 2
20 1980 1
390 145 2
201 137 2
638 712 2
1838 38 1
1271 2003 1
2360 87 1
930 372 2
1556 123 2
592 1570 1
2074 488 1
525 1773 2
949 1485 2
1579 1627 1
2559 1361 1
1887 853 2
225 163 2
1112 1941 2
99 2050 2
461 1857 2
455 1563 1
2012 266 2
1935 2134 1
2121 651 1
936 832 1
414 1999 1
1043 421 2
416 1178 2
1095 666 1
1650 2464 1
478 2328 1
599 2552 2
994 2062 2
2286 1198 1
2288 834 2
1911 1103 1
2092 2328 2
2235 2171 2
2528 1282 1
102 417 1
431 2286 1
1617 60 1
2214 1655 2
1204 260 1
1458 296 1
143 867 1
2129 633 1
3 2560 1
1954 2041 2
2386 2346 1
565 1721 1
1291 1838 2
51 1902 1
1386 249 1
2105 1063 1
261 835 2
2408 60 1
2175 105 1
820 2231 1
2150 805 1
2082 157 2
1667 1140 1
301 159 2
350 409 1
2366 1975 2
374 1353 2
1016 2020 2
1850 1862 1
1950 1296 1
1051 1557 2
721 82 2
1671 1527 2
760 1739 2
796 1555 1
2015 2166 2
2086 98 2
2240 1557 2
399 1734 1
616 999 1
1299 998 1
1761 1414 2
1623 2049 2
1349 1967 1
1829 535 2
2118 248 1
2364 1140 2
2132 153 2
798 510 1
903 2199 1
1074 710 2
308 387 2
1598 63 1
471 1270 1
1108 1755 1
413 2052 1
2300 1936 1
795 460 1
804 662 2
1973 991 2
1639 2130 1
1002 2362 2
370 1945 2
1905 2263 1
426 569 2
2101 520 2
758 359 2
1789 1751 2
829 2496 2
753 455 1
672 2388 1
651 2266 2
583 1925 1
2280 1195 2
1466 290 1
69 558 2
36 163 1
2127 2386 1
2476 45 2
2586 64 1
313 1483 2
1851 1213 2
429 2008 1
457 1558 2
1496 2497 2
560 44 2
1488 1486 2
1367 761 1
2183 1001 2
1552 112 1
2061 395 2
205 1397 1
351 156 1
1260 1923 1
650 399 2
837 1988 1
914 1860 1
658 1946 1
421 1797 1
763 2103 2
1910 722 2
1409 1349 2
958 344 1
2160 1271 1
941 1258 2
328 1053 1
1929 1645 1
535 1183 2
2005 69 2
1064 1286 2
1559 689 1
1086 1315 1
158 1011 1
357 472 2
1894 660 1
2536 179 1
470 337 1
1745 1542 2
1849 1314 2
1189 422 1
1225 1343 1
394 908 1
415 2043 1
321 1326 2
500 107 1
1320 1549 1
558 556 1
194 1627 1
964 489 2
534 2140 2
856 1082 2
855 49 1
1408 2461 2
1813 1793 1
66 1312 2
241 878 1
993 632 2
1359 2256 1
2184 239 2
1901 2165 1
988 796 1
634 632 2
2540 426 2
1142 1724 1
678 489 1
1226 703 2
918 1837 2
844 1216 2
1662 1418 2
938 1019 2
1111 1216 1
2430 195 2
262 248 1
1688 2532 1
582 276 2
1343 2511 1
159 652 1
1003 66 2
302 1936 2
2495 59 2
671 859 1
35 1828 1
1538 1499 1
710 1228 1
1238 784 2
2533 1633 1
1545 1550 1
2035 2205 1
1132 2058 1
453 1711 1
465 601 2
1884 386 2
1574 2566 1
731 2394 2
444 818 2
1939 852 2
492 228 1
1376 125 1
2411 1661 2
334 692 2
292 1264 1
502 928 2
768 1616 2
1434 1894 2
972 1920 2
1535 72 1
2541 2078 1
841 23 1
1325 1499 1
379 1502 2
2167 1054 2
1388 768 2
1449 2427 1
1773 332 2
1589 1161 2
527 1315 2
2338 765 1
2508 1098 2
1646 126 1
2223 2285 2
2293 77 1
846 1100 2
1651 1862 2
2347 1665 2
2341 63 2
1692 712 2
1796 1819 2
954 1489 2
2198 456 2
568 410 1
1519 131 2
1820 537 1
726 2028 2
2161 2241 2
591 1466 2
1475 135 2
34 2293 1
1805 2455 2
27 601 2
1161 2419 1
1314 13 1
1107 1752 1
1158 1544 1
5 2308 2
923 815 2
1223 1281 1
707 229 2
1979 2019 2
835 705 1
781 293 2
1721 3 1
1321 1606 1
2021 1329 1
18 1096 2
1218 1440 2
784 877 1
420 408 1
1451 1403 1
1765 549 1
2085 2563 2
1191 957 1
472 2327 2
1154 1141 1
360 2542 1
2131 424 2
518 1066 1
1831 1974 1
1358 1790 2
1781 1349 2
1678 1685 1
2111 204 1
1148 2574 1
1792 2546 2
1131 155 2
864 1922 2
209 228 2
1184 1749 2
1348 269 1
1213 2098 2
2072 915 2
1266 805 1
1254 1067 1
485 371 1
144 392 1
2339 552 1
1467 1700 1
573 2407 2
1795 215 2
939 1917 2
2481 1938 2
327 947 1
1882 1283 1
366 1838 1
748 1267 2
289 699 2
265 1952 1
1819 559 2
2448 1421 1
335 2581 1
2109 2359 1
1812 29 1
2158 1935 2
497 1181 2
625 1091 1
2 1097 1
1572 1359 1
1989 2027 2
1658 2139 1
1337 1307 1
120 1050 2
1786 1263 2
635 576 2
1022 167 1
833 32 1
2239 2508 2
2225 2047 2
576 317 2
2354 836 2
1436 2170 2
1608 1878 1
628 1269 1
845 1470 2
1971 1787 2
1551 1120 1
1040 831 1
437 1020 1
1502 1046 1
562 1544 2
219 1363 2
849 281 1
258 1566 2
1966 1788 2
187 65 1
1187 1707 2
367 180 2
2371 2278 1
1593 1780 2
1806 844 1
600 2559 1
1892 311 2
1407 1278 1
409 1452 2
1714 2209 2
160 1757 1
996 1420 2
1229 747 2
1867 1180 2
1705 853 2
900 2107 1
1050 1876 1
605 1422 1
816 1732 2
738 1455 1
1334 573 1
242 863 2
2392 2442 1
547 109 1
528 2086 1
596 2552 1
1953 570 2
422 369 2
1640 1391 1
276 751 1
1846 1435 1
2107 1587 1
646 322 1
1735 1234 1
2112 2292 1
1387 2122 2
1737 2059 1
1799 1319 2
2390 764 2
2489 131 1
1188 2063 1
401 1855 1
1497 2301 1
2413 1705 1
263 2400 2
195 1593 1
723 2095 1
181 135 2
25 745 2
45 2008 2
892 2242 2
2402 2564 1
1701 1583 1
304 1274 1
1324 491 1
1844 695 2
2295 333 2
538 1465 2
378 438 1
1009 512 1
1232 1791 1
2514 1885 1
1330 2066 2
1214 2524 2
894 928 1
963 2290 1
1811 1058 1
95 1738 1
1780 2354 2
2498 431 2
1615 59 2
680 465 1
975 604 1
2192 1494 2
670 1233 2
2194 1122 2
1573 883 2
1697 440 1
14 1943 2
998 1145 1
1201 711 1
1355 812 2
142 1918 1
1685 1051 1
2229 2013 1
2037 2283 1
549 272 2
1062 901 2
747 1925 1
717 2501 2
2397 719 1
148 2065 2
1857 1138 1
585 2572 2
123 1313 1
1635 426 1
2461 880 1
1823 2361 1
1233 242 1
2257 682 1
1969 2149 1
427 487 2
2409 1888 2
574 2004 2
2374 1178 2
2335 1382 2
1610 1759 1
778 1402 2
253 1944 2
811 2062 2
1940 140 1
1654 835 1
1985 753 2
2140 817 2
259 453 1
1530 2471 1
2337 1167 1
1210 396 1
727 2171 1
296 2121 2
212 357 2
2043 1763 2
2029 2163 2
806 2189 2
1868 261 1
2047 405 1
2389 1922 1
1977 1016 1
1804 583 2
2395 1601 2
1413 682 2
1240 74 1
2329 996 1
744 736 2
1410 614 2
1510 1991 2
2059 1215 1
1815 216 2
921 1053 2
2565 913 2
80 97 1
167 2444 2
1904 771 1
661 1613 1
1717 416 2
1763 2142 1
1049 1175 1
1914 1812 1
810 1122 2
210 343 1
1943 57 1
615 2336 1
30 1107 1
633 115 2
840 1324 1
613 787 1
899 1625 2
58 2466 2
405 374 1
2477 1229 1
1220 2261 2
2159 2366 2
858 2078 1
459 949 2
2245 1658 2
577 1774 2
1446 750 2
1507 2442 1
1075 416 2
503 1425 1
2039 2225 1
266 2187 1
1790 1472 2
310 1422 1
393 979 1
2030 9 2
2164 1910 1
2342 390 2
1150 2372 1
2474 2251 2
303 1962 1
2070 302 2
1034 1842 1
2108 1023 2
2333 647 1
1948 2306 1
430 1213 1
1171 1864 1
42 1637 2
1557 308 2
966 610 1
2308 816 2
1166 1864 1
626 1495 1
361 2375 2
1606 620 1
1415 1733 2
285 2517 1
2577 2430 2
2100 535 2
978 1679 1
317 954 2
692 577 2
1398 1394 1
967 2415 1
1644 1420 2
530 313 1
609 2326 1
1712 2134 2
879 2208 2
1561 1995 1
943 2161 1
2576 1940 2
2399 2160 1
1008 2273 1
2264 1917 2
1173 889 2
876 831 2
702 560 1
2439 769 2
2025 761 2
578 1708 1
563 448 1
1956 450 1
496 2469 2
1876 1153 1
598 2025 1
438 143 2
217 1631 1
1319 1187 1
2270 325 1
740 752 1
2122 2567 2
695 2425 1
315 474 2
2542 509 2
2157 2318 1
184 2568 2
1269 1977 1
506 2185 1
2271 2536 2
1947 1919 2
2529 475 2
246 1552 2
764 875 2
782 2365 1
1724 1045 1
1060 983 1
418 1472 2
2438 1438 1
2136 1607 1
2166 0 2
1818 1175 1
704 974 2
1525 2042 1
1836 1459 1
2130 1814 2
347 54 1
1532 158 1
1450 857 2
2548 1929 2
1536 1382 1
2220 2279 1
694 1739 1
1549 1031 2
1997 1063 2
1426 1624 1
2010 1698 1
968 1614 2
955 149 1
2197 765 1
1847 833 2
2539 326 1
2215 1933 2
1656 2562 2
2456 1249 1
759 1739 2
1088 2440 2
664 129 2
89 958 1
1822 2534 2
2321 1185 1
474 1245 2
906 408 1
2016 160 1
2210 1356 2
1196 1423 1
2165 327 1
1841 1377 2
1014 2 1
1352 2108 1
11 1200 1
408 1960 1
12 1042 1
354 1542 2
1777 166 2
2124 1330 1
1600 283 2
1801 1364 2
231 789 2
1880 1940 2
1960 687 1
1766 1102 2
1583 1425 1
39 1097 2
1978 1254 2
1114 152 1
2014 1472 2
2282 348 1
333 2240 1
49 1238 2
716 2053 2
1207 13 2
2551 289 1
166 2012 1
2543 576 1
2368 28 2
1370 1240 2
2267 247 2
2487 1334 2
1264 2531 2
1991 1359 2
1029 2410 1
1731 489 1
2001 2074 1
2391 2548 2
161 80 1
2069 648 1
1984 2166 2
2241 1679 1
371 1647 2
1990 1328 1
2268 116 1
1740 436 2
1941 2295 1
1259 1310 2
2060 130 1
2544 1178 1
454 2315 2
0 256 1
1176 743 1
1347 91 2
1100 446 1
2243 761 1
482 2318 1
2555 369 1
245 1723 2
2119 485 2
62 97 1
2212 304 1
1580 709 2
1524 2113 1
1113 951 1
2403 2529 1
962 1409 1
1906 2509 1
490 349 1
2372 2024 2
946 957 2
1153 836 2
2328 287 1
1597 15 2
61 1652 2
965 2499 1
1417 561 2
756 1424 2
100 244 2
356 812 2
567 1482 2
2287 228 1
916 2419 2
1066 1198 2
1720 1252 2
2018 2154 2
1927 1398 1
2206 156 2
2318 652 1
590 1013 2
1495 637 1
439 2244 2
488 70 2
1976 41 2
2272 913 1
1719 1512 2
2330 51 2
1177 1141 1
115 1631 1
529 16 1
290 2275 2
572 1815 1
614 1386 1
57 1187 1
1087 570 1
575 2369 1
476 122 1
1865 1666 1
2492 341 2
2473 1079 1
569 963 2
2427 43 2
2190 1535 2
1569 1971 2
1879 860 2
2362 1595 1
1967 2211 2
2531 1391 2
2134 821 2
1010 2145 1
2545 2322 2
256 2292 2
1994 1023 2
887 1624 2
1800 755 2
532 1567 2
1951 1924 1
445 475 2
1980 1183 1
2419 1531 1
2174 2211 1
1206 1962 1
2358 1603 2
1371 2200 1
1079 1656 2
931 1685 2
636 1027 2
16 1696 1
581 2037 1
463 1020 1
337 667 2
1288 846 1
218 8 2
851 2099 1
741 251 2
2242 205 2
1115 1877 1
1826 1350 2
1494 2339 1
2507 2349 1
719 1762 2
1533 2084 1
1963 2004 2
2517 1189 1
1163 740 2
1760 2405 1
552 2109 2
1924 584 1
815 1059 2
1102 2173 2
584 1295 1
1059 986 1
703 1495 1
1354 2551 1
739 1259 1
1304 712 2
2581 2393 2
570 583 1
1541 1068 2
513 1764 1
979 2159 2
2042 2300 1
1684 2231 1
791 2011 2
2090 915 2
1499 1256 2
1915 850 1
232 637 2
893 37 2
774 954 1
2201 400 2
1771 7 2
1734 1841 1
2180 2338 2
1942 527 1
1567 2002 1
1351 1700 1
152 2157 1
1754 423 2
494 1127 1
1327 377 1
1399 1525 2
754 1619 2
891 284 1
480 2227 2
2472 1451 2
2315 2527 1
1649 2324 2
1283 701 1
1824 893 2
1925 153 1
499 955 2
2128 1288 1
1001 1228 2
865 1444 2
952 1791 1
223 2416 2
711 1517 1
435 1456 2
1429 303 2
2077 1947 1
196 2396 2
1588 2390 1
842 2060 2
2049 2411 2
38 2219 1
128 1119 2
2396 1874 2
1669 1049 2
2425 2105 1
1126 858 1
1511 20 2
2380 1480 1
2208 711 1
1757 1541 2
1775 1945 2
55 741 2
944 1466 1
254 120 2
1152 1134 1
1825 1992 1
1995 653 2
2205 228 2
363 1488 2
1308 101 2
2246 2523 1
1596 1837 2
2231 1902 2
220 1583 2
559 474 1
803 1322 2
654 2282 1
1227 1514 2
1419 196 1
2177 271 2
2277 2137 1
983 1410 2
106 2327 2
607 766 2
1660 665 1
171 2222 2
1665 2136 1
1897 727 1
2466 396 1
2244 818 1
1053 1612 2
2102 128 2
593 1641 2
1518 1326 1
491 1708 2
1700 1324 1
668 1002 1
620 1262 2
2218 1379 1
1339 572 1
2006 2552 2
2252 2418 2
101 906 1
1768 130 1
119 2035 1
2146 2576 2
1038 1779 2
2079 1236 1
424 2324 1
1759 941 2
523 1322 1
2207 1575 2
828 858 1
1622 767 1
1219 2494 2
787 889 1
1045 2418 1
780 411 2
2436 939 1
1742 818 1
1998 1003 1
2465 1596 1
2048 1491 2
91 1008 1
2422 1786 2
1883 1426 1
2203 804 1
162 2557 1
84 571 2
2202 804 2
1492 745 1
1015 2342 2
2154 120 1
1603 2198 1
2292 1601 2
1336 878 2
2179 573 1
309 135 2
1128 258 2
298 2288 2
1821 836 1
541 2448 1
1122 2432 1
2237 1105 2
1873 1918 2
640 594 1
2370 364 1
153 966 2
775 415 2
801 289 2
1687 505 1
1424 1616 2
679 654 2
493 382 1
1938 2021 2
1017 1133 1
2416 40 2
1209 436 2
2562 741 2
1004 1631 1
1431 2483 1
81 2329 2
1292 1192 1
2431 368 2
1482 1689 2
709 2082 2
1024 119 2
1637 2201 2
2265 255 2
904 2367 1
1605 46 2
157 1771 2
417 2116 2
2547 1374 1
1174 2354 1
2345 1550 2
451 1969 2
1476 643 1
2563 910 2
2007 431 1
912 1781 1
2296 1936 1
919 2376 2
850 2283 1
314 2002 1
1391 1381 2
293 349 1
705 1340 1
2388 2415 2
544 1748 1
204 2221 2
1957 1842 1
980 1702 2
1178 593 1
2110 389 2
1460 609 1
942 2386 1
2247 1512 1
1675 2325 1
1638 454 2
432 2460 1
673 1056 1
765 1647 2
139 674 1
1099 407 2
1503 950 1
1508 1951 1
244 1437 1
767 1995 2
2560 2261 1
1560 1753 1
1625 971 2
805 1374 2
2394 1254 1
1472 1845 1
2068 1971 1
2570 898 2
368 32 2
1101 121 2
1920 2253 1
2352 534 2
2312 2489 2
82 1437 1
339 1047 2
1696 2500 2
1405 1250 1
1900 1205 2
838 34 2
1856 793 1
1195 1168 2
1691 1301 1
2238 167 2
1344 1984 1
676 1368 2
2024 1877 2
111 126 2
131 2091 1
2123 1809 1
1248 259 1
873 710 2
135 2330 1
1416 101 2
1702 826 2
926 2233 1
2452 1432 1
43 1802 2
831 865 1
1568 1077 1
2055 2431 1
2053 848 2
2375 1708 1
956 21 1
2486 1926 1
1758 1995 2
1274 986 2
264 2183 2
1444 469 1
777 2409 1
269 1095 2
667 2120 1
2434 2195 1
359 1457 2
2526 490 1
1676 785 2
2302 354 1
214 2251 1
2221 2534 1
1489 1485 2
1185 2397 2
239 113 2
504 2000 1
2173 1384 2
519 169 1
221 2054 2
2449 1713 1
665 2500 1
1592 1728 2
1368 643 1
1316 1882 1
185 2172 1
203 275 2
1493 2042 1
871 411 1
2377 1336 1
989 2549 2
908 1799 2
2156 2262 1
2319 86 2
326 247 2
2304 1278 2
2291 2403 1
1903 1375 2
1172 2370 2
1581 1766 1
2467 1512 1
1447 536 2
1594 1442 1
1830 1125 1
2459 452 1
1555 834 1
1946 972 2
2062 39 1
2571 94 2
789 1868 1
134 1991 2
1026 1855 1
951 2333 2
1369 1118 2
238 418 1
1129 2559 2
2348 235 2
2549 1550 1
2002 769 1
2125 874 1
2445 2242 1
192 606 2
959 2190 1
1305 1066 2
2379 2502 2
2343 2059 2
1180 75 1
1843 2104 1
1279 375 1
1725 1869 2
533 1933 2
1056 120 1
1159 2089 2
2279 882 2
211 1867 1
902 1319 2
981 690 2
2417 2471 2
1257 1726 2
1237 279 2
1808 2529 1
1076 1758 1
934 1658 1
1331 2265 2
249 1657 1
2460 226 1
1175 634 2
2309 682 1
1118 1476 2
725 1204 2
1531 2100 2
1814 2327 1
1139 1028 1
2382 698 1
197 2585 1
514 2372 2
1109 1188 1
507 465 2
1194 2426 2
2501 2127 1
1845 376 2
443 1962 2
1744 2298 1
1378 518 1
627 1432 2
2145 1873 2
2435 2362 1
2367 288 1
1267 2527 2
632 980 1
2290 194 1
2248 2400 1
1636 446 2
2071 2325 1
268 866 2
1186 539 2
1736 2430 2
272 1254 2
1540 2068 1
1141 1594 1
1565 2429 1
546 335 2
1198 2008 1
1384 2119 1
1231 2269 1
715 1007 2
2255 170 2
2236 1707 2
1241 49 2
1147 2167 2
240 2557 1
155 982 2
2142 1795 2
1361 109 1
1741 777 2
612 2193 1
1694 494 2
1097 1424 1
1778 252 2
2141 1808 1
1382 10 1
404 2191 2
206 304 2
543 2097 2
1728 2365 1
1032 1830 1
59 106 2
2200 714 1
2195 2277 2
2313 845 1
997 132 2
714 1082 1
473 1779 1
2546 2272 2
2320 2253 2
1788 1217 1
2057 1942 1
1853 13 1
1526 50 1
372 2318 1
1317 395 2
1859 936 1
462 680 1
1216 1294 2
1457 2528 1
2003 2541 1
235 1760 2
917 2109 1
2468 1238 2
190 173 2
1081 907 2
2369 354 1
708 2421 2
175 696 2
37 719 2
2580 2073 2
2418 2237 1
90 1574 2
1289 1343 2
737 2475 2
2326 1118 2
2513 1963 1
41 2065 2
419 367 1
147 2085 1
2041 903 2
126 1614 1
1571 449 2
331 1369 1
1750 757 2
1116 2271 1
2281 733 2
1807 918 2
852 452 1
1145 342 1
53 2510 2
2162 432 2
862 979 2
733 1161 2
1011 482 1
2485 830 1
1250 944 1
2189 1871 1
611 582 2
1885 2045 2
475 2380 1
1421 981 2
1680 3 2
1138 177 1
498 2037 1
2178 1180 2
306 213 1
524 2262 2
2323 571 2
2429 2408 1
2478 129 1
1256 65 2
109 2419 1
644 650 1
750 857 1
976 505 2
2040 2163 1
1993 708 1
257 129 1
2251 2344 1
2144 1265 2
1663 481 2
146 695 2
1054 494 2
867 264 2
1090 160 2
1782 468 2
450 24 1
1023 294 1
2351 1512 2
2441 1899 2
1092 1503 1
456 943 1
516 1237 1
1427 1694 2
1287 30 2
1595 864 1
809 2034 1
1618 2030 1
1432 1135 2
1294 2101 2
745 834 2
1961 694 1
483 993 2
1726 1910 1
178 552 2
1584 1891 2
110 84 1
1834 1945 1
2494 1958 2
621 830 1
521 1357 1
1762 183 2
1992 1464 2
1276 69 2
1018 1416 1
2186 1767 2
1539 2053 2
284 701 2
1326 1282 2
2056 1548 1
1052 2353 2
1723 2077 1
1630 777 2
138 985 1
1877 1955 2
751 2083 2
1392 1415 1
762 876 1
1664 8 2
907 1790 2
1235 194 1
2440 2407 2
2188 2383 2
1690 2182 2
2550 144 2
341 613 1
1438 1737 1
1602 256 1
1621 1044 2
1679 277 2
2227 1330 2
2051 222 2
340 1096 1
67 2376 1
880 1939 1
888 869 1
1739 24 1
1793 2483 2
824 365 1
2294 1015 1
224 1817 2
117 1381 2
1137 241 2
2305 425 2
132 1079 2
281 2452 2
1249 2057 2
839 347 2
601 2016 1
1504 2146 2
508 767 1
2455 2110 2
47 194 1
446 383 1
653 1551 1
1835 1384 1
2038 1796 1
1127 1920 2
2058 1375 2
452 1094 2
1281 117 1
1401 829 2
619 1749 1
1428 678 1
1080 1543 2
163 2206 1
1268 202 1
1055 1530 2
701 2034 1
2558 2512 1
629 1739 1
832 1818 2
398 2326 2
305 938 2
2209 1802 1
2447 1876 2
2503 406 1
691 2544 1
641 388 2
2081 1291 1
1455 1720 1
1366 2453 2
343 506 2
1377 278 2
1710 2487 2
1797 272 2
40 1138 1
1659 931 2
647 1935 2
1406 1750 2
1776 238 1
517 238 1
229 2025 2
1601 2285 1
1258 487 2
1215 2580 1
10 1661 1
1918 1185 1
1964 1342 2
1277 2086 2
1412 1617 2
1881 797 1
2400 1651 1
785 717 1
2191 1839 1
2336 543 1
1404 1576 1
1069 2212 1
2534 360 2
252 424 1
1414 647 1
622 931 2
1423 2541 2
1643 2387 2
1899 1764 1
251 2238 2
1190 1406 2
346 1783 1
1301 974 2
1058 1202 1
1562 175 1
1779 1219 2
742 824 2
2283 1 2
2263 2059 1
985 1066 1
318 1663 1
984 1411 2
970 2169 2
2444 1166 1
2253 2067 1
649 297 1
2266 1396 1
772 1935 2
1462 2250 1
381 1564 2
2259 404 1
324 2137 1
103 997 1
1642 1128 2
174 973 2
2135 1075 2
776 1794 1
684 1694 2
1707 164 2
2274 575 1
392 321 2
1783 1320 2
1441 769 1
2126 947 1
63 590 2
1170 2433 1
234 1712 1
1357 802 1
1711 361 1
338 67 1
1246 2144 1
2278 1741 1
1791 1672 2
874 1766 2
2385 2340 1
1021 1579 1
280 1690 2
1987 1288 2
1972 1747 1
479 1552 1
1381 1960 1
2275 1557 2
2230 1420 2
2521 771 2
121 1728 2
898 1499 2
1981 2473 2
1810 53 1
783 749 2
720 563 2
1682 2167 2
358 1233 1
2023 2212 1
2355 1075 1
2583 1620 1
617 591 2
1275 1489 1
690 198 1
1093 806 1
98 2508 1
2405 1317 1
1135 2447 1
655 348 1
1027 2064 1
1044 497 2
489 2144 2
1874 1245 1
1047 356 2
1708 372 2
589 203 2
2034 1238 2
325 133 1
2080 1456 1
2097 1827 1
2096 84 2
933 930 1
2490 1460 1
1586 1738 1
2065 1774 2
1872 962 2
21 863 1
712 1422 1
1738 693 2
149 706 1
2484 336 2
2332 1886 1
728 1695 1
1506 1193 2
2147 1338 2
2067 2007 1
2045 59 1
2463 2268 1
2193 1540 2
2340 1764 1
505 1878 1
2462 1332 2
896 1611 2
853 1607 2
1363 2055 2
501 1597 2
336 1526 2
995 1569 2
1346 2570 2
1893 1282 1
2260 915 2
1298 1064 2
464 942 1
1037 1967 2
1681 70 2
2515 2442 1
23 1251 1
114 1547 1
540 2376 1
564 2426 1
1096 2448 2
608 2456 1
2566 845 1
50 1047 2
821 770 1
1070 86 2
2199 889 1
604 476 2
1566 1182 1
442 594 1
2527 1714 2
1057 1116 2
825 643 2
1192 548 1
1933 179 1
1383 1291 2
1515 1363 1
1652 1021 2
1832 636 1
2261 1757 2
1902 1304 1
1247 2100 2
1403 933 1
913 800 1
685 2505 1
1089 2342 2
411 1233 2
1528 1862 1
2520 150 2
905 1575 2
1252 146 1
467 489 2
2216 1394 2
2406 1271 1
28 1611 2
1729 2495 1
1443 121 2
1063 2068 2
2471 1352 2
910 288 1
1464 1873 2
1616 758 2
1611 280 1
1297 1548 1
1958 165 2
2113 217 2
316 1011 2
2228 344 2
2137 348 1
2578 360 1
531 1780 1
999 1813 2
682 1607 1
78 960 2
2169 2182 2
1082 4 2
1312 1809 2
2535 2503 1
1522 1492 2
2420 185 1
1375 1333 1
441 498 1
1945 2426 2
857 1517 2
2076 1471 1
2036 2223 1
1244 1621 1
928 1515 1
193 2379 2
511 822 2
1613 887 1
1634 987 1
1785 1746 2
271 985 2
1817 709 2
1239 1160 1
1585 525 2
819 540 1
743 1601 2
1360 1328 2
1217 1729 1
1263 836 2
1120 310 1
2453 567 1
93 2298 1
1039 947 1
387 1302 1
383 918 2
2426 2435 2
1253 2224 1
1870 1127 2
1955 910 2
2470 345 2
1085 29 2
1442 2255 1
1787 554 2
1094 2006 2
1547 368 2
1921 791 1
2083 725 2
1514 114 2
342 1121 1
2530 17 1
788 89 1
1117 2215 2
808 449 2
168 352 2
1395 2514 1
686 1117 2
977 2002 2
817 2102 2
388 680 2
1706 2402 1
1926 1610 1
1136 876 2
2327 2435 1
375 655 1
2310 1387 1
1753 639 2
460 929 2
1328 2425 1
1912 1907 2
2019 2254 2
2182 181 1
554 1036 2
1827 2379 2
2573 2194 2
1236 1133 2
481 490 2
1006 2267 1
1203 105 2
736 573 1
2064 1065 2
2443 98 1
189 2009 1
755 672 2
2181 1501 1
718 974 2
2022 590 2
945 2029 1
15 1353 1
698 2080 2
643 2215 2
2000 1580 1
2384 1634 1
1936 2244 1
1888 1434 2
1715 1881 1
440 2033 1
1999 831 2
2089 1299 2
1422 924 1
1224 2395 2
1155 131 2
915 1296 2
7 609 2
1513 966 2
1340 1064 1
1243 661 1
2151 1912 2
2250 1722 2
2446 2026 2
1869 766 2
1809 293 2
1105 2386 2
631 786 2
2557 2581 1
145 1571 1
1570 42 1
1318 1463 2
2383 459 1
1309 1633 1
288 2398 2
1895 2188 2
861 1127 2
48 1311 1
1133 172 1
689 1666 2
987 23 1
2353 1530 2
2052 1064 1
693 854 1
376 2343 1
125 2294 2
1028 538 1
469 1887 1
2504 555 1
1645 2550 2
273 2212 2
2284 1033 2
215 2410 2
1746 1904 1
1167 382 1
1802 1935 2
2475 1847 2
1350 1974 1
1400 1694 2
2398 1605 1
882 892 1
1852 1683 2
330 2014 2
1986 320 1
2357 203 2
108 1021 1
1072 1002 2
1461 846 2
260 889 2
1025 2581 1
2226 619 2
843 2128 1
929 430 1
2522 1562 1
639 432 2
697 2341 1
1949 1833 1
587 1062 2
1866 2321 1
384 144 1
104 548 2
243 1024 2
1548 1078 2
1285 453 1
1452 2149 2
113 849 2
1575 175 1
730 672 2
1193 168 2
433 871 2
1211 1979 1
1591 1330 2
1465 476 2
19 441 2
2276 1872 2
1848 276 1
1182 1409 1
428 1530 2
1030 167 2
1041 705 1
2432 528 2
65 2461 2
2482 124 1
2170 1795 2
889 2569 2
2510 2564 1
1828 2363 2
2120 905 1
2350 1961 2
6 2157 1
1743 1650 1
395 1665 2
188 2281 2
1858 815 1
1655 1488 2
1448 855 2
2480 705 1
603 2311 2
2317 79 2
1197 1104 1
1242 143 1
466 732 2
2325 1509 1
1042 417 2
2273 2111 2
2106 2412 2
1498 269 1
1364 2011 2
228 1480 2
1542 1295 1
1563 2457 1
890 1408 1
1512 2442 1
1310 593 2
362 2162 2
557 1297 2
606 1099 1
79 1856 1
642 429 1
799 2558 2
151 1187 1
1657 650 1
2587 2222 2
1389 2094 2
2525 2364 2
2285 1701 1
2155 1506 2
1878 339 1
536 1616 2
154 195 2
1648 246 1
771 2525 2
836 1124 2
2579 650 2
1078 620 2
877 40 2
1604 986 1
1385 1323 1
878 2223 2
2114 1370 1
1931 2401 2
982 322 1
2185 2068 1
1302 2017 2
97 141 1
170 525 1
579 1829 1
713 2096 2
1425 1383 2
1284 951 1
932 2210 1
86 706 1
1134 792 1
2163 192 2
1394 2020 2
1437 604 2
986 349 1
2073 2270 1
136 1913 1
637 2169 1
1774 995 1
2299 377 2
2493 2008 1
68 921 1
991 764 2
1944 2393 2
2172 1356 2
1747 776 1
2219 1799 1
2099 616 1
230 1212 2
623 1170 1
550 1639 2
1564 458 1
1091 734 2
2499 735 1
1202 1897 2
2084 406 2
1104 1463 1
1609 2146 2
2303 1333 2
1212 1031 1
2094 1545 2
282 1180 2
1672 1592 2
87 1297 2
1474 341 1
2297 19 2
1752 888 2
1770 1006 1
1005 334 2
412 434 2
1891 1347 2
397 886 1
1932 838 1
863 738 2
818 1867 2
2331 1188 2
1222 1749 2
1013 438 2
2153 2233 2
1647 1203 1
1411 539 1
1523 623 2
1624 1879 1
448 2532 1
580 44 2
1157 2172 2
1641 692 1
29 746 2
1629 792 1
2356 1334 2
648 250 1
1430 1676 2
2066 1809 1
172 1180 1
1084 1601 2
1140 1292 2
1479 2069 1
458 1414 1
447 301 1
548 18 2
1106 2010 2
389 659 1
2143 2241 1
1803 1975 2
2393 1760 1
237 55 1
1516 66 2
373 739 1
1124 2041 2
924 893 1
