600 598 9510
115 362 2
462 538 1
456 350 1
339 457 2
351 26 2
60 361 1
268 329 1
118 211 1
572 136 2
124 179 1
250 198 1
384 456 1
129 93 2
221 427 1
69 596 2
101 183 1
135 96 1
330 33 2
486 308 1
394 222 1
256 214 1
463 399 2
191 251 1
139 287 2
478 464 1
332 65 2
299 158 2
470 575 1
16 581 1
509 407 2
44 483 1
315 511 2
202 137 1
291 585 2
158 250 1
35 324 2
345 235 2
549 453 2
87 525 1
176 279 2
205 310 2
382 76 1
277 230 1
145 139 2
182 438 2
535 138 2
471 322 1
422 187 2
342 122 1
4 129 1
269 42 1
0 239 1
392 314 2
58 241 2
562 155 2
160 221 2
96 378 1
211 37 1
57 526 1
159 219 1
571 175 1
540 469 2
164 257 1
364 468 2
262 351 2
590 333 1
567 466 1
532 82 2
536 376 1
102 584 2
68 293 2
270 348 1
113 313 2
184 340 1
553 115 1
389 546 2
510 363 2
6 234 2
197 374 1
550 84 2
434 381 1
514 105 1
413 555 1
306 207 1
117 220 1
398 173 1
437 1 2
499 154 2
89 332 1
32 366 1
178 126 1
80 307 2
25 80 1
538 7 2
240 355 2
239 478 1
30 204 1
128 232 1
352 597 2
72 387 1
85 534 2
388 152 2
441 132 1
3 489 2
484 140 2
305 325 2
238 495 2
511 104 1
380 141 1
255 228 2
554 339 2
27 368 1
598 411 2
577 180 2
105 451 2
547 510 1
217 528 2
396 462 1
408 285 2
333 121 1
223 296 2
417 532 1
586 61 2
336 231 1
261 433 1
228 31 2
62 390 2
264 298 1
386 401 2
175 499 1
29 32 2
259 146 1
580 574 2
545 529 2
174 379 2
201 459 2
451 265 2
162 393 1
502 223 2
267 277 1
581 382 1
458 2 2
358 282 2
327 189 1
24 127 1
300 164 2
324 9 1
90 95 2
84 402 2
397 133 2
136 306 2
448 172 2
355 74 2
114 168 1
472 595 2
10 16 1
272 391 2
150 367 2
213 36 2
487 568 1
86 186 1
338 226 1
179 338 1
285 467 1
121 588 1
273 471 1
534 266 2
479 423 1
555 44 1
290 540 2
560 498 2
520 461 1
476 420 1
54 491 1
46 400 2
108 541 1
597 312 1
485 458 2
578 217 2
279 448 2
493 527 2
416 520 2
459 549 1
190 358 1
373 176 2
281 166 2
449 432 1
94 156 2
522 50 1
582 225 2
133 63 1
383 161 2
450 501 1
552 270 2
287 418 1
328 318 2
566 328 1
341 429 2
7 564 1
9 334 1
187 124 2
445 47 1
591 300 1
405 94 2
323 17 1
53 4 1
169 147 1
431 79 2
216 302 1
508 14 2
37 315 1
286 40 2
73 274 1
395 544 1
229 213 2
294 373 2
253 439 2
563 353 1
161 589 2
56 550 2
518 11 2
249 552 2
517 553 1
41 188 1
141 192 2
423 294 1
432 580 2
402 514 1
12 522 2
366 275 1
433 69 1
167 18 1
200 492 1
123 572 1
367 389 2
188 255 2
50 103 2
39 372 1
457 347 1
473 454 2
455 335 1
347 264 2
49 185 2
78 131 1
349 385 1
543 143 2
266 67 2
524 447 1
320 513 1
103 323 2
40 327 2
199 0 1
424 128 2
407 233 1
359 253 1
130 269 2
529 406 1
444 34 2
296 218 2
574 259 1
528 19 1
568 519 2
180 229 1
302 181 2
155 561 2
415 450 2
409 98 2
265 299 2
233 169 1
329 424 2
47 119 1
231 311 2
234 190 2
193 344 2
385 209 1
496 445 2
369 178 2
74 92 2
599 422 1
340 509 1
215 583 1
319 547 2
401 268 2
575 336 1
474 485 2
465 237 2
192 593 1
170 271 1
248 53 1
593 405 1
301 442 2
440 81 1
418 539 2
400 68 1
235 416 2
241 6 2
79 443 1
559 380 1
317 341 2
203 30 2
419 566 2
466 349 1
326 460 2
282 153 1
20 524 2
111 203 1
309 431 2
596 159 2
558 359 2
230 59 1
488 388 1
477 446 1
343 533 1
370 317 2
500 436 2
387 412 2
512 77 2
92 523 2
344 290 1
153 64 2
260 421 2
243 55 1
438 599 1
196 577 2
430 508 2
446 38 2
316 125 1
45 481 2
116 196 2
436 28 2
207 494 2
218 444 2
490 383 2
375 452 2
313 13 2
525 587 1
521 46 1
206 27 1
237 51 2
371 370 2
325 66 1
76 309 1
376 5 2
519 258 1
592 281 1
97 425 2
406 193 1
542 278 2
137 386 2
91 208 2
354 292 2
399 556 2
523 21 2
257 261 2
220 409 1
497 403 1
588 474 1
365 415 2
393 48 2
227 475 1
304 346 2
307 49 2
491 86 1
467 62 2
378 496 2
454 212 1
556 455 1
495 283 2
494 430 2
134 598 1
77 536 1
163 52 1
33 563 1
19 247 1
589 592 2
565 360 2
360 305 1
322 428 2
48 441 2
297 273 1
492 3 1
368 586 1
28 150 1
59 45 2
93 578 2
42 106 2
404 560 2
17 377 2
125 295 2
63 396 2
584 114 2
506 518 1
242 395 2
314 43 2
318 414 2
278 238 2
120 109 2
198 236 2
31 557 1
276 197 1
453 210 2
254 472 2
515 262 2
64 72 2
576 435 1
421 167 1
531 56 2
65 149 1
15 70 1
381 516 2
166 288 1
210 120 2
537 571 2
122 321 2
88 569 1
126 354 2
246 10 1
138 517 2
132 337 1
379 60 1
541 535 2
283 142 1
573 417 2
321 371 2
289 434 2
461 25 2
403 216 2
36 242 1
583 200 1
172 537 2
561 573 1
55 54 2
22 73 1
425 248 2
147 254 2
585 515 2
156 542 1
225 413 1
51 107 2
66 227 1
544 484 1
439 357 2
151 291 2
100 276 2
183 89 2
209 240 1
526 319 2
152 559 1
595 331 1
377 75 1
106 397 1
165 90 1
214 410 1
226 97 2
107 316 2
411 41 1
11 102 2
348 202 1
112 199 2
539 394 1
353 579 2
489 191 2
75 503 2
224 326 2
312 570 1
284 206 2
504 476 1
527 117 1
271 504 1
548 108 1
177 243 2
350 113 2
222 384 2
530 195 2
557 87 2
280 392 2
361 488 1
501 342 2
148 426 2
447 182 2
428 364 2
21 565 1
372 123 1
310 20 1
292 487 2
410 111 1
245 297 1
480 71 2
483 101 2
569 352 2
464 505 2
505 507 2
570 148 2
391 493 1
127 369 1
98 252 1
23 500 1
131 562 2
442 215 2
185 205 2
18 437 2
334 118 2
435 78 2
414 29 2
293 502 1
460 174 1
143 267 2
2 170 1
43 545 1
546 263 2
356 8 2
258 15 1
363 260 1
26 345 2
311 130 1
186 163 1
503 272 2
247 162 1
144 245 1
157 375 1
594 303 2
337 591 1
475 91 1
95 486 2
564 551 2
288 134 2
390 151 2
551 145 1
61 112 2
194 497 2
104 99 1
208 548 2
195 440 2
109 479 1
346 39 1
426 543 2
110 280 2
1 408 1
236 35 2
469 194 1
374 286 1
204 58 2
308 506 2
146 473 1
452 304 1
335 256 2
232 482 2
533 449 1
507 244 2
298 135 2
251 246 2
275 567 2
38 100 2
81 83 2
67 116 1
420 144 1
154 531 2
212 88 1
173 404 1
427 521 1
295 23 1
481 85 1
99 594 2
482 343 2
303 284 2
82 558 2
498 157 1
189 419 2
5 470 2
181 512 1
252 165 2
429 110 2
362 22 1
274 184 2
70 465 1
13 463 1
579 398 1
587 554 1
14 365 2
52 330 2
34 289 2
149 24 2
516 356 1
468 57 2
119 582 1
168 301 1
443 576 2
140 530 1
83 171 1
171 12 2
412 249 1
71 490 2
263 160 1
8 201 2
357 224 2
219 177 1
142 477 2
331 480 1
