2365 2363 2
2073 2148 2
973 1772 1
1211 815 2
1666 989 1
1390 1324 2
1835 217 2
1763 2346 1
89 2199 1
67 2199 1
1996 2121 1
206 972 2
1830 1743 1
1688 429 1
262 588 2
2192 1153 1
908 2121 1
2230 2148 1
1773 2148 1
894 529 2
1375 483 2
1911 529 2
2026 1199 1
525 510 1
2033 238 1
1240 1588 1
2251 195 2
1205 429 1
795 483 2
781 176 1
1368 195 1
1329 688 1
1803 429 1
1017 1324 1
1047 429 1
999 123 1
1699 429 1
21 429 2
786 1627 1
2358 2199 1
1497 789 1
1877 17 2
1970 2121 2
1159 429 1
309 1909 1
2352 1774 2
447 2148 1
2041 2148 1
2235 2148 2
2161 1743 1
424 2346 2
2036 2148 1
1575 195 2
42 429 1
384 1909 2
929 1480 2
1922 2346 1
2065 1090 1
297 1525 2
1214 588 1
1322 2199 1
824 1743 2
1344 1480 2
950 1480 2
520 2148 2
621 529 1
1563 429 1
1270 2319 1
1808 1048 2
1182 1590 1
1801 2148 2
563 2148 1
2194 2331 2
589 2146 1
97 429 1
965 2148 2
1224 429 1
826 1480 1
2249 333 1
54 1467 2
477 2346 2
1462 2146 2
1467 2148 2
1889 195 2
997 2148 2
213 195 1
1540 429 2
1852 2121 1
993 361 1
554 429 2
2138 429 1
2245 1418 2
2334 189 1
2093 1909 1
515 2148 2
2018 1884 2
1118 1351 1
911 789 2
1969 1480 2
2022 2148 1
803 1909 2
862 2199 2
816 2199 2
2095 2199 1
1503 430 2
1778 1743 1
744 2148 2
76 189 1
1046 633 2
2106 429 2
434 2148 2
2226 1168 1
890 1909 1
1005 1467 2
1940 238 1
506 195 1
715 1480 2
1007 712 2
1960 1324 1
1351 429 2
1249 429 1
924 1324 1
1219 1351 1
508 631 1
1736 2346 2
1139 2346 2
102 429 2
1545 1068 1
153 862 2
591 840 2
1178 529 1
273 719 1
535 1627 1
214 2148 1
2289 1884 2
376 2148 1
1305 928 2
1786 195 1
1878 2148 1
39 2148 1
1982 2148 2
64 2148 1
2122 712 2
2239 483 2
1764 1480 2
199 2346 2
1109 2148 2
2299 2320 2
2116 429 1
1723 1743 2
1022 2199 1
1472 1168 1
1697 2327 1
260 891 2
2256 1776 2
2331 2346 1
2209 1467 2
1909 2148 2
1096 1446 2
2305 429 2
395 902 1
320 429 1
83 1299 1
1358 2148 1
497 1627 2
2132 748 1
1934 1743 1
1152 429 2
1085 115 2
1289 1254 2
851 429 2
1189 529 1
984 116 2
1706 2148 2
1578 17 2
1049 1053 2
274 1743 2
2292 429 2
840 2148 2
2155 588 2
1502 2148 2
1151 2346 1
2277 2346 1
1031 1324 2
1952 123 2
2062 195 1
2224 1205 1
686 2148 2
814 188 1
1131 1884 1
1088 1909 2
1063 429 2
463 217 1
1558 1153 1
1870 1480 1
461 2346 1
53 1339 2
1519 1480 1
1223 529 2
2306 529 2
1895 195 2
1158 2148 1
1636 975 1
2072 1743 1
830 2091 2
712 429 2
1279 195 1
797 1324 1
451 2148 2
1634 2148 2
1191 1627 2
1627 429 1
1406 429 2
370 1068 1
413 2148 1
660 2148 2
1696 2148 1
2088 1731 1
1110 1339 2
903 588 1
2094 2346 1
1724 652 2
2343 840 1
1691 429 1
17 429 1
186 1480 1
1414 2199 1
1176 1467 2
1112 1480 1
414 1627 2
165 1351 1
609 1159 2
2070 429 1
1304 2346 2
355 1254 2
772 429 1
1235 483 1
2133 1119 1
1514 1480 2
95 2346 1
2053 2319 1
1221 429 1
1250 2319 1
1093 1574 1
476 254 1
558 529 1
2290 2148 1
749 529 1
989 150 1
603 1297 1
2254 2346 1
404 2148 1
146 115 2
871 429 1
14 2148 1
1321 1627 1
1580 2148 2
140 1168 2
1412 748 1
1091 429 2
1408 2148 2
2275 1094 1
126 1275 2
1819 1566 1
1965 2148 2
927 1339 2
695 429 2
415 1324 1
1791 1068 1
1729 712 2
1386 1094 2
2242 1061 2
2163 1480 1
640 1142 1
1315 429 2
2333 521 2
931 195 1
1144 217 2
1140 2199 1
2126 429 1
155 2346 2
1845 195 1
2261 1334 2
1278 2148 1
2179 2319 2
1195 429 2
521 2148 1
1504 1909 1
218 125 1
915 1168 2
517 2346 2
555 902 2
1359 712 2
1859 200 1
336 429 2
2110 891 2
2267 2199 2
1775 2346 1
1565 2148 2
834 748 1
163 2327 1
2250 1480 1
1330 195 2
72 2346 1
2314 429 2
1607 429 1
486 1884 2
2100 1334 2
300 364 2
779 1909 2
659 2184 2
2327 429 2
1404 505 1
1757 1480 2
1216 902 2
865 2346 1
1175 1480 2
1589 149 1
499 1743 1
1975 2148 2
1037 217 1
932 1048 1
2222 1068 2
1616 2148 1
2127 429 1
1518 1731 1
1193 429 2
1767 789 1
1737 429 2
1448 451 1
1875 217 1
553 1717 2
1217 333 2
1690 871 1
2193 1909 2
1576 2148 1
411 1731 2
2205 1068 2
913 2199 1
1568 195 2
1604 1168 1
1018 1324 2
2 1627 1
326 1480 2
836 429 2
531 1446 2
387 429 1
2143 195 2
139 1743 1
1376 2319 1
2168 176 2
1594 1446 2
1944 719 1
1622 748 2
452 195 1
66 333 1
1577 2121 2
1715 1909 1
2111 1339 2
2279 2051 1
1494 588 1
2007 2148 1
730 588 2
1916 1168 2
1184 2346 2
759 2148 1
875 176 2
1403 125 2
1769 429 1
1394 748 2
1639 429 1
853 2346 1
63 429 2
625 2121 1
1910 2051 2
538 1743 2
1903 505 1
402 2146 2
2281 2346 2
2335 2346 1
986 1418 1
1547 195 2
25 123 2
857 1480 2
1921 1480 2
1225 429 1
954 2319 1
1051 2199 2
474 22 1
312 2346 2
2052 195 2
1308 1580 2
2144 2091 2
1529 840 1
79 116 2
351 176 1
1059 1909 2
964 189 1
534 1119 2
442 451 1
864 1909 2
2140 1480 1
811 1334 2
752 189 1
726 361 2
1157 195 2
1166 2041 2
2109 1884 2
1326 195 2
1654 1706 1
1759 176 2
1081 429 2
2172 2148 1
1797 1068 2
230 2184 1
977 1418 2
15 2346 1
669 2346 2
1883 529 1
2186 1743 1
1930 588 1
2316 195 1
1342 483 2
1125 19 1
972 429 1
1465 529 2
1398 2148 1
1695 2148 2
1123 429 1
1746 1790 2
1988 2222 2
938 871 1
1413 1061 2
542 429 2
1030 1091 1
620 1926 2
44 588 2
2339 429 1
106 195 1
109 1119 1
1838 2092 1
1154 429 2
169 195 1
642 196 2
654 429 2
1042 2290 2
1001 2148 2
1079 2148 1
628 2148 2
874 1909 2
533 429 2
981 176 2
9 429 2
1997 1480 1
1675 1283 2
0 2148 1
1311 2199 2
1043 1003 1
1714 631 1
630 1254 2
676 2184 1
1865 238 1
904 712 2
1170 2148 2
443 2085 2
1621 217 1
645 2148 1
1323 195 1
2115 1090 2
319 1168 2
1882 529 1
765 429 1
1596 429 2
550 2148 1
514 529 1
193 688 1
884 2247 1
1888 1168 2
805 2148 1
614 429 1
1959 2346 1
1070 2148 1
200 2148 2
1320 429 2
1525 2148 2
1873 2121 1
1886 1382 2
455 1040 2
667 1119 1
1648 2273 1
1337 429 1
436 1480 1
2096 1480 2
1933 195 2
1853 361 2
1546 176 1
2156 712 2
1635 1351 2
755 195 1
444 2121 1
978 2346 1
1794 195 2
1402 429 1
934 429 2
6 2148 1
1295 2148 2
329 1467 2
1121 1168 1
2014 429 1
385 2319 2
354 510 1
1310 189 1
2307 208 1
762 1467 2
2054 1884 2
2353 1480 1
2009 24 2
430 1480 2
2237 195 2
1114 1550 2
2051 429 2
471 429 2
1160 429 2
1463 1371 2
1400 2148 2
1789 1909 2
1936 1168 1
1559 195 2
975 2148 1
1984 588 1
73 712 1
1434 19 2
269 2092 1
2363 2346 1
1284 419 2
1682 1480 1
796 2148 1
877 2319 1
631 429 2
159 652 2
2336 1048 2
646 1090 2
296 2331 1
2174 2148 1
968 1909 1
817 429 1
705 636 2
1299 195 2
1932 1627 2
896 1909 1
727 189 1
1484 429 2
2360 429 2
122 1467 1
930 195 1
157 2346 1
272 2148 1
632 478 1
465 2148 1
1704 1168 2
1192 2148 2
1864 1909 2
1076 1743 2
1585 902 1
2149 1480 2
1476 891 1
1327 1068 2
1772 2148 1
104 429 1
1475 238 1
2080 2346 1
2128 2198 2
522 2148 1
635 1583 2
2341 195 2
85 1933 1
2166 2091 2
2099 1094 2
2240 588 2
1945 429 2
1591 1339 2
571 1480 1
870 1324 1
1183 1053 1
1512 1254 1
445 429 2
1133 195 1
731 2148 2
1863 429 2
1120 312 1
1595 2148 2
88 89 1
1962 1467 1
188 2148 2
1430 195 1
96 429 2
839 1119 1
872 1590 2
2320 429 2
1929 429 2
259 1467 1
1210 2148 1
623 429 1
1009 2148 1
594 2199 2
1813 1425 1
293 529 2
2125 1909 2
2102 1627 2
1479 217 1
1533 2291 1
1496 2148 1
606 2199 2
1074 2319 2
2136 1324 2
588 2148 2
1391 195 1
241 2346 2
943 2346 1
2304 1254 2
1846 429 1
1469 2148 2
449 2148 2
23 176 2
2293 238 2
767 2073 1
2142 195 1
821 1480 1
347 1324 1
599 914 1
456 189 2
1366 429 2
1086 1480 1
1751 17 1
823 1344 1
1793 2346 1
91 2148 1
2027 371 1
1471 195 1
1145 176 1
2135 195 1
1202 760 1
1437 511 1
1758 195 1
433 2148 2
1273 1048 2
1499 429 1
1646 1351 1
2011 914 2
1840 1590 1
177 529 2
1460 712 1
302 429 1
1657 2146 2
976 195 2
1364 1480 2
807 195 1
1528 529 2
41 712 1
1665 429 1
2087 1909 2
2001 483 1
291 429 2
649 2346 1
2056 1706 2
1927 429 2
30 2199 1
285 529 1
2076 429 2
2153 1480 2
1036 1743 1
503 1776 1
7 1068 1
985 2319 1
2069 2319 1
1072 1418 1
1354 429 1
1260 2148 2
1770 2199 1
2067 1168 2
2079 1190 2
886 1090 2
232 1743 1
1052 2346 2
1995 2346 1
1713 429 1
753 429 1
618 429 1
2000 2199 2
852 1418 2
1510 1926 2
690 1480 1
532 1467 1
784 1094 1
953 1995 2
390 529 1
2031 2148 2
1771 1083 1
174 2148 2
1143 1720 1
1855 429 1
1668 2121 1
1537 2199 2
2347 78 1
1253 2346 2
1011 1627 2
1645 429 2
2188 1921 1
1283 1743 1
1012 2121 1
643 2148 2
1374 529 2
1237 429 2
1048 2148 2
2164 2327 2
207 1909 1
527 719 2
697 1324 1
1331 748 2
1287 2148 2
2208 217 1
2309 50 1
381 957 2
1435 17 2
462 712 1
1733 1324 2
2295 123 2
2219 429 1
876 997 1
1630 1119 1
1004 2091 1
458 1776 2
2114 115 1
1362 2148 1
1542 1480 2
479 1627 1
1692 2148 2
2227 429 2
543 2319 2
353 891 1
173 1627 2
496 2148 2
1384 17 1
530 195 2
1134 429 1
378 529 2
708 748 2
1937 1351 1
754 1324 2
2264 1275 1
2160 1418 2
1066 429 1
1423 429 1
2272 195 2
1807 2148 2
982 1627 1
2077 1254 1
1526 1851 1
267 521 1
1482 1743 1
466 588 2
1111 1743 2
605 2146 1
867 1324 2
1938 2121 1
2124 1945 2
1441 712 1
700 871 2
859 2148 1
482 445 1
710 1254 2
1963 1083 1
1728 928 1
1038 2148 2
593 521 2
584 820 1
1087 1188 1
1016 2148 2
1501 2319 2
1643 1168 1
2167 2320 1
1286 2148 2
809 195 1
1230 1818 1
1640 1467 1
1213 1366 2
133 483 1
2301 1351 2
737 429 2
906 529 2
74 2319 1
1742 1122 2
1167 2199 2
2260 1094 2
682 429 2
706 529 2
1071 1083 2
1762 1254 2
562 195 1
735 2148 2
115 2148 1
1422 1424 2
893 914 1
1818 429 1
1255 429 2
2107 429 2
1631 1588 1
819 1627 1
1880 429 1
2191 757 1
939 429 1
13 195 2
1380 429 1
815 1480 1
1372 529 1
1433 483 2
27 1649 2
2364 1324 1
1752 1288 1
2252 1306 1
1396 1884 1
110 719 2
1014 17 2
1127 1480 1
1985 429 1
253 1480 2
2356 1146 1
2092 1480 2
841 1467 2
1582 2148 2
216 1909 1
1275 2148 1
490 529 2
2089 429 2
512 529 1
1486 429 2
283 429 2
1693 2199 1
2348 902 1
1410 859 1
1947 1480 2
1678 1324 2
363 2148 1
1153 2148 1
2075 2148 1
1234 2319 1
450 1324 1
1567 429 1
1798 951 1
152 2276 2
546 429 2
1614 1706 2
1828 1205 1
56 588 1
936 1351 2
1548 217 1
1207 483 2
2084 2121 2
1106 1094 1
65 238 1
1894 1480 2
1876 1351 1
2244 719 2
1750 2148 1
1566 2148 2
1833 2148 2
1624 361 2
1626 652 1
123 2148 1
1650 2148 2
580 2148 1
247 2091 2
627 189 1
18 2319 1
1116 196 2
561 1525 1
751 1627 1
128 2148 2
1100 1480 2
1420 2148 1
231 510 1
761 429 1
899 2148 1
1625 333 1
2154 2148 1
688 429 1
1900 1509 1
833 189 2
1409 2312 2
431 748 1
1861 2148 1
1281 195 2
1021 429 1
86 1743 1
892 429 2
1084 1480 2
777 33 1
570 2148 1
595 1324 2
1892 2146 2
1703 429 2
547 1743 1
1583 2148 1
1748 22 1
391 176 1
763 563 1
1912 529 1
2098 2199 2
1672 744 2
1040 2148 1
717 188 2
1318 712 2
733 1610 1
68 1743 2
536 429 2
2286 429 2
519 238 1
891 429 2
1814 195 1
2034 451 1
1527 1324 2
1956 2346 1
2342 17 1
472 1590 2
1727 1119 2
321 2148 2
2169 195 2
907 1351 1
2131 2148 1
557 195 2
1795 176 1
118 189 1
1233 19 1
1831 2148 1
1449 1324 2
2340 429 1
1908 1851 1
1108 17 1
1860 195 1
601 1470 1
1200 429 2
2010 2092 1
1495 1743 1
1896 171 1
1055 1743 1
1122 2346 1
1107 1339 1
801 312 1
1556 2148 1
322 1119 2
2048 1909 2
2137 1153 1
1721 483 2
582 2199 2
678 631 1
2253 17 1
457 712 1
1708 314 2
675 2148 2
2324 429 2
2066 1480 2
873 2148 1
289 42 2
1879 2346 1
266 361 1
10 1627 1
407 17 1
2303 2148 1
419 195 2
1056 692 1
156 637 2
1317 1743 1
397 429 2
1598 1851 2
2045 1168 1
1265 1090 1
1298 898 2
703 2148 2
1987 628 1
98 429 2
766 2286 1
598 1168 1
255 1119 2
310 1909 2
1222 195 2
1132 2199 1
1015 2051 1
2134 2346 1
1979 1462 1
2200 2148 1
526 2148 1
1871 2148 1
739 2319 2
1029 2085 1
1267 115 2
2229 972 1
1967 189 1
2145 361 1
2108 2346 2
2321 1695 2
523 1158 2
298 529 1
1866 505 2
2123 429 1
1365 1339 2
1950 588 2
1231 429 1
446 2148 2
48 17 2
1590 2148 1
799 588 2
1285 529 2
1599 2148 2
40 17 2
849 546 2
748 2148 2
2165 2148 1
846 217 2
1080 195 2
473 1627 1
375 1480 2
773 1205 1
303 2199 1
528 1525 1
276 451 1
2023 189 1
1490 2148 1
1119 2148 1
252 238 1
2082 1909 1
2101 1372 2
2247 2148 2
483 195 1
1972 2148 1
2355 429 1
1459 2148 2
600 928 1
1473 189 1
689 238 2
2162 2148 2
1382 189 2
957 429 1
2273 1480 2
651 217 1
229 1909 1
1064 2148 1
38 429 2
699 1480 1
225 1884 1
244 1382 1
20 2319 1
369 1480 2
1350 588 2
1515 2346 1
307 429 2
288 2148 1
1698 2092 1
1379 1627 1
2003 429 1
2178 1743 2
2198 2146 2
1941 1627 1
1809 1790 2
1980 1743 1
1702 1851 2
1306 429 2
2211 1909 2
1142 2121 2
1264 429 2
724 1480 2
1113 1776 2
1280 125 1
1381 1868 2
1743 429 2
1710 195 1
131 1068 2
2223 529 1
709 1153 1
639 1424 1
1707 429 1
1098 2346 1
990 1419 1
1228 1909 2
679 483 2
1349 174 1
825 1467 2
774 2148 2
2029 712 2
1517 588 2
1849 719 2
1874 1627 1
1925 1199 2
47 2199 2
835 2319 2
367 529 2
1268 1339 1
1898 1787 1
334 1909 2
2210 840 2
1902 195 1
380 505 2
1090 2148 1
1776 429 2
2078 1711 2
756 333 1
1881 1168 2
947 1627 1
2004 238 2
661 473 2
166 2148 2
33 429 2
1505 1480 2
917 195 1
648 2154 1
1663 862 2
1115 361 2
1739 1743 2
1521 123 2
29 1480 2
1534 429 2
489 2148 1
1760 2148 1
1784 361 1
663 1480 2
1171 529 1
888 1351 2
1530 2051 1
211 588 2
388 1119 2
718 2346 1
567 1324 1
1856 429 1
1741 1479 2
1915 2346 2
235 1525 1
604 2199 2
2012 195 2
2047 429 2
342 521 1
674 1909 2
850 1860 1
1173 2346 1
2268 529 1
544 1153 2
108 505 2
189 429 1
78 2148 2
2024 429 2
1138 588 1
1811 2199 2
1348 2346 1
1700 2121 2
2071 1048 1
2362 266 2
518 1324 2
955 1128 1
263 1351 2
59 1977 2
290 1480 2
1156 1743 1
478 2121 2
143 429 2
1507 1324 2
346 1695 1
222 2319 2
1161 588 2
2170 195 2
1347 429 2
365 195 1
1065 429 2
2008 429 2
100 2148 2
637 483 2
1918 2148 1
1456 1921 1
1252 2148 1
1032 2146 2
338 757 2
1572 529 2
1276 1480 2
1554 2148 2
1673 1190 1
895 238 2
1924 429 1
2151 2247 2
1480 2148 1
2269 1945 2
992 2148 1
1832 521 2
1429 2148 1
1620 712 1
1243 17 1
1062 529 1
135 712 2
185 176 1
579 529 2
615 217 2
650 429 2
1872 189 1
1102 1627 2
1520 189 1
1146 2148 2
1805 1480 1
1446 2148 1
2064 1909 1
2318 188 1
35 1627 1
52 2346 1
2308 2148 2
983 2148 2
1453 2148 2
897 1743 1
1075 195 2
1105 2247 1
552 578 1
1610 2148 2
1683 2148 2
2197 2319 1
662 1061 2
1357 588 2
357 1909 1
1637 1480 2
183 429 1
869 50 2
920 2121 2
2218 682 2
596 429 1
1103 2148 2
236 902 2
787 1094 2
1026 891 1
268 1743 1
1294 429 1
305 2346 1
284 1119 2
672 429 2
902 429 2
1726 1706 1
619 2148 2
2217 563 2
172 1851 1
1204 195 2
1439 529 1
837 1743 2
1419 1418 1
80 760 1
1689 2148 2
2005 712 2
1744 189 1
702 2121 1
406 1790 1
101 1467 1
1078 563 1
1325 529 1
1701 1130 2
1443 2148 2
275 529 2
638 1153 2
60 1627 2
1024 195 1
1961 997 1
576 840 1
868 1480 2
734 189 1
738 1324 1
2129 2319 1
1777 1480 2
1314 1909 2
468 1909 1
919 429 1
1684 588 2
1968 429 1
504 1339 2
2236 2148 2
130 123 1
1187 1566 1
242 1909 2
1571 1219 2
848 1909 1
855 1757 1
1488 1090 2
2202 972 1
725 473 1
783 2148 1
1335 429 2
1383 692 1
822 1743 2
1725 1743 1
842 1090 1
1788 429 1
949 2199 1
541 918 1
2310 1525 2
1309 820 2
3 2121 1
475 1339 1
1416 862 1
692 1909 2
1532 1480 1
1203 2154 2
1667 2148 1
910 483 1
2326 1094 1
2019 17 1
1550 1909 1
2287 712 1
2097 195 1
360 2146 1
1685 2148 1
1538 2148 1
348 1419 1
1385 975 1
885 2247 2
1199 429 2
1806 238 2
28 1774 1
2043 1665 1
1500 2346 1
1067 429 2
743 238 2
812 195 2
585 2346 2
1068 429 2
1531 1467 2
1069 429 2
331 333 2
1277 1288 1
1632 1909 2
1605 1480 2
2141 195 2
356 429 1
1477 361 1
1573 2148 1
2243 871 2
602 1418 1
1198 1130 2
587 2148 1
858 1909 1
1926 429 2
287 429 2
666 1177 1
428 238 2
1057 1480 2
1493 748 2
2325 1588 1
769 116 1
1421 333 2
281 2148 1
537 195 1
1901 2346 2
498 588 2
940 1048 1
280 1509 1
1953 2148 1
2015 1909 1
687 748 2
234 505 2
854 1090 1
1445 529 1
1974 1574 1
921 1168 2
1345 2199 2
2328 1851 2
2302 1818 1
22 1467 2
1904 1909 1
887 429 2
134 1467 1
2040 1566 2
197 176 1
103 2125 1
1802 1480 1
1470 2121 1
1481 757 2
1272 2199 1
1373 1480 1
1483 1627 2
147 2148 2
566 429 2
2177 2346 2
149 189 2
670 195 1
1612 1351 2
332 1068 1
1749 529 2
1939 1083 1
112 1590 1
111 195 2
1754 429 2
750 840 1
1165 2199 1
757 195 2
1333 123 2
1162 2148 2
1457 1706 1
838 1177 1
1478 1743 1
1186 17 1
1899 588 2
1551 1275 2
1931 195 1
1906 2148 1
2159 2248 2
116 429 2
1826 719 1
959 2121 1
1718 2346 1
292 1480 2
1658 123 2
2006 1119 2
719 429 2
2215 891 2
278 429 2
1003 429 2
804 1467 2
2158 429 2
1851 2346 1
36 429 2
1834 1525 1
425 195 2
1147 712 1
1332 2199 1
1913 2148 1
2288 997 2
2055 2148 1
459 429 2
1296 429 1
539 429 2
1971 2013 2
195 429 1
1442 2148 2
1239 2121 2
50 429 2
1293 17 2
233 1334 1
2086 1909 1
1307 1480 2
2329 361 2
793 1743 1
1023 2148 1
592 2199 1
400 1627 1
417 361 2
2312 217 2
243 688 2
1117 1467 1
1629 429 1
316 2148 2
790 1565 2
2206 1480 1
792 588 2
1245 1743 1
1226 1480 1
1128 1627 2
383 2148 1
34 1372 2
1290 1048 1
2103 22 2
1570 1090 2
1319 2148 2
81 195 1
181 2199 1
1418 2148 2
1641 2346 2
1574 2148 1
2120 2148 2
1411 1743 2
2220 2148 1
1425 429 2
2139 902 1
1761 871 1
2074 1199 2
2091 429 2
545 1774 2
926 649 2
1897 2346 1
1553 588 1
723 2199 2
306 2199 2
633 429 2
408 1583 1
1101 1743 2
1787 1480 1
2013 195 1
32 429 2
94 2247 2
2044 175 2
881 1418 2
2263 757 2
916 588 1
1130 2148 2
362 2148 2
1485 1068 1
1804 2148 1
2085 2346 2
2346 429 1
203 1627 2
914 2148 2
1440 2346 2
988 2199 1
1215 588 2
427 1480 2
1269 529 2
2035 1884 2
1371 2148 2
1821 2148 1
441 529 2
1891 2148 1
1660 1168 2
481 1480 2
1890 2146 2
1705 2047 2
43 1743 1
2201 429 1
889 2148 1
87 1514 1
1674 1818 2
1887 238 2
2297 840 1
208 123 1
901 1743 2
223 1068 2
31 1467 1
505 429 2
1848 2148 2
1324 429 2
4 2091 1
1711 2148 1
1033 2148 1
1946 2346 2
1738 217 1
2248 429 1
1782 712 2
220 757 1
90 2148 1
1168 2346 2
575 189 2
327 17 1
1569 1743 1
827 1168 2
1989 429 2
758 2125 1
256 429 1
747 712 1
1082 1053 1
151 429 2
379 588 2
82 748 2
2030 1122 1
2282 429 1
1312 429 2
352 529 1
684 1480 1
1424 1480 2
1232 1995 2
845 189 1
1593 1122 2
560 17 1
1850 2148 1
698 1909 1
713 429 2
2266 195 1
337 2148 2
1588 2148 2
741 2032 1
581 2199 2
2105 1627 2
364 429 1
212 1480 2
1978 546 2
1399 2121 1
1099 2346 2
1893 195 1
956 2148 1
2146 2148 2
1303 175 1
952 1199 1
962 1122 1
1552 1480 2
341 760 1
742 1351 2
1869 2148 2
1781 1068 2
1360 2148 2
791 2148 1
513 2346 1
1954 195 1
1020 1480 2
246 521 2
1261 2319 2
2061 1909 2
194 217 2
800 530 2
883 195 2
261 429 1
1387 2346 2
371 1480 2
1973 2148 1
2298 1921 1
1790 1480 1
301 588 2
590 1627 2
70 789 2
548 2146 1
318 1480 1
565 1909 2
1843 1566 2
8 529 1
215 1480 2
2283 1480 2
491 1324 2
945 760 1
2204 208 2
2183 1945 2
2152 1884 2
770 176 2
324 1124 1
1282 2199 2
373 1600 2
359 1418 2
1687 2346 1
494 452 1
224 2041 2
294 2146 1
2187 1480 2
168 1339 1
652 2148 1
1951 1480 1
2182 2121 1
1355 529 2
198 1446 2
2176 2273 2
578 1480 1
2112 429 2
325 1550 2
1884 429 2
1444 1933 1
271 1425 1
653 1550 1
626 1909 2
2265 1706 1
1600 429 2
958 511 1
1652 1324 1
1964 2148 2
776 2148 1
1288 429 2
1274 521 2
1341 529 1
668 429 2
2184 2121 1
2060 429 2
317 429 1
1338 195 1
1415 429 2
1523 748 1
2037 2199 2
1292 1627 2
1002 1254 1
1041 2346 2
2207 195 1
1461 1909 2
866 49 2
2147 1711 2
1766 2199 2
1417 1061 1
282 1324 2
164 429 1
928 429 2
1747 1352 2
2349 1119 2
248 195 1
330 238 2
1511 871 2
681 1081 1
1343 429 2
1054 195 2
1458 891 1
418 447 2
1720 1627 1
608 521 1
556 871 1
448 2148 1
2063 1627 1
946 1557 2
158 189 1
696 150 1
1455 1480 2
161 2148 2
204 2148 2
1013 312 1
2319 1909 1
1209 189 2
2359 189 1
500 429 2
1302 1339 1
2181 217 1
1656 195 1
1150 712 2
1045 429 2
1815 1255 1
2317 451 2
1208 578 2
1651 429 1
1613 1480 1
339 521 1
1395 2148 2
1363 195 1
464 1743 2
1735 195 2
1647 217 1
2130 189 1
634 2041 1
1431 1094 2
217 2148 1
182 217 1
898 429 1
374 429 2
2285 361 2
1539 1048 1
1977 712 1
1155 1716 2
432 2148 1
693 1083 2
150 1743 2
142 521 2
1291 217 2
1149 1638 1
641 429 2
1346 116 1
257 2346 1
2338 1351 1
113 1731 2
2118 1467 1
704 1720 1
732 429 1
722 465 1
2046 1033 1
991 1909 2
202 195 2
721 1480 1
1377 217 1
613 195 1
2313 429 2
45 429 2
1220 2148 2
11 1884 2
655 429 2
1844 1600 1
923 195 1
1716 2148 1
405 2148 1
372 1048 1
340 2148 1
251 1909 2
1783 1351 2
389 712 2
132 238 1
1740 1040 2
219 1338 2
1073 2148 2
856 2148 2
412 1119 2
2259 1351 2
644 1094 1
1581 1699 2
1584 2148 2
2017 1909 1
1137 1090 1
1836 2199 1
1256 2346 2
1986 2199 2
1839 2148 1
264 2146 2
170 848 2
1474 1081 1
685 2346 2
2021 125 2
26 2148 1
1765 332 1
1229 902 2
610 2319 1
265 333 2
2311 1731 1
2058 429 1
1353 1945 1
1405 1083 2
105 2148 1
1035 1480 2
1271 357 1
586 588 2
1246 1254 2
1755 17 2
1822 1344 2
129 1205 2
1426 2346 2
196 2148 1
421 2092 2
778 333 1
2255 529 2
963 1418 1
1141 1480 1
1717 2121 1
1058 840 1
2345 2091 1
1247 1324 2
1586 529 1
127 914 1
394 1706 1
84 1945 1
1712 2319 2
1756 972 2
2002 529 2
492 429 1
358 2199 2
1816 429 2
1677 1446 2
1905 2199 2
343 2207 2
46 2346 2
1339 195 1
501 1205 2
488 1909 1
136 522 2
1464 2148 1
629 195 1
1792 2148 2
435 1743 1
1731 2148 2
861 529 2
350 429 2
1730 2148 1
1868 1351 2
2332 1926 2
1328 712 1
818 429 1
1709 2148 2
1468 712 1
1432 2346 1
335 1255 2
1248 429 1
1019 429 2
258 1600 1
1592 195 1
228 2121 1
1857 1255 2
210 2290 1
1450 1480 2
1753 1566 1
1983 1480 1
1994 2148 2
1774 2319 2
120 1909 1
863 1566 1
878 1467 2
1506 1627 1
1196 521 2
1681 2148 2
1388 820 1
49 1909 1
1218 195 1
671 123 2
1197 712 1
440 2148 2
2361 1909 2
1508 1090 1
760 2319 1
2330 895 1
745 1168 2
1316 2148 2
2104 2346 1
2083 719 2
1094 2148 2
19 2148 1
1800 1480 1
844 1909 1
245 1425 2
192 521 2
2322 2148 1
806 2148 1
167 195 1
507 1480 2
711 78 2
879 712 2
1619 1119 1
1491 429 1
549 1743 2
1597 1168 1
1603 2148 2
1847 748 2
398 1860 1
622 2148 1
1513 712 2
227 1324 1
1823 840 2
996 195 1
764 2319 2
1097 189 1
1181 529 1
1854 1378 2
647 429 1
1241 195 2
1617 2148 2
2241 1945 1
315 50 1
184 1774 1
509 2148 2
366 333 1
12 1909 1
467 78 2
1297 429 2
144 1743 2
1000 1480 1
2020 429 1
1206 1168 1
1135 1627 2
1829 529 1
568 712 1
1858 1665 2
540 951 1
785 1119 2
1427 2148 1
1392 529 2
2337 2041 1
71 2148 1
1447 2148 2
1768 2148 1
1991 2346 1
1378 429 2
1194 195 1
1361 2346 2
393 1480 2
607 1909 1
1560 1177 2
524 2148 1
2121 429 1
714 2146 1
829 2148 2
1438 429 1
1957 483 1
2173 1884 2
1917 1081 2
1817 2148 2
1923 1467 1
368 588 2
880 195 1
1628 1743 1
1885 1627 2
2257 429 2
1820 2148 1
426 2199 2
279 429 1
624 891 2
1867 176 1
657 2148 1
240 195 1
250 1590 1
180 195 1
1686 1926 2
683 1884 2
969 2319 1
1992 195 2
2344 719 1
716 1324 1
1129 2199 1
775 195 1
295 451 1
55 2346 1
1661 1122 2
2039 429 1
453 2148 1
1259 2148 1
1174 195 1
409 1909 1
138 1627 1
1242 529 1
1509 2148 1
1810 521 2
344 636 2
1655 1743 1
1163 1945 1
1169 1743 1
1562 1418 2
1077 1743 1
2050 1743 1
2246 588 2
1719 2148 2
487 217 2
572 195 1
237 1090 2
1356 238 1
416 1432 1
141 588 1
396 17 2
1928 1368 1
2228 1909 1
1779 2121 1
860 1909 1
16 1743 2
1212 1083 2
238 429 1
1976 1254 1
470 2148 1
286 2148 1
925 1351 2
720 1743 2
529 2148 1
2357 429 2
1981 150 2
1028 1743 1
1543 1480 2
345 195 2
107 195 1
1608 1068 1
677 871 2
1633 195 2
1722 2073 1
313 1119 1
933 1094 1
960 2148 2
2350 312 2
1649 1909 1
401 361 2
1535 719 1
941 429 2
1998 429 2
1679 1324 2
1914 1324 1
2185 429 2
1006 1040 2
1352 429 1
114 1776 1
1428 2121 1
1796 196 1
93 1351 1
1745 2041 2
1669 429 1
1780 2199 2
1083 2148 1
1664 1743 2
612 1339 2
2233 1177 2
1044 2199 2
1785 1324 1
1606 361 1
2354 588 2
1452 529 1
37 618 2
460 1083 2
782 238 2
469 628 2
1824 429 1
736 840 1
2203 2148 2
190 196 1
1258 17 2
665 2319 1
746 195 1
828 2121 2
2150 1351 1
2042 2346 1
1601 521 2
694 429 1
2049 1720 2
77 195 1
304 1351 2
2113 1168 1
1609 1375 2
948 2148 1
617 1324 1
707 1191 1
511 2148 2
1454 1418 1
1955 2121 2
1188 2148 1
2059 2346 2
656 1909 2
2032 2148 2
1549 1199 2
1164 1480 2
1842 238 2
1201 712 1
1367 2148 2
1602 2148 1
1180 1351 1
1060 123 1
611 2199 2
308 2146 2
1313 1583 1
2323 195 1
2351 451 2
798 1525 1
1401 2346 1
137 429 2
967 1743 1
970 1743 1
1436 429 1
1907 429 1
349 429 2
1301 1068 1
1010 1909 1
75 1665 1
2090 1480 1
410 123 1
377 1627 1
1254 1480 2
1053 2148 2
937 195 2
148 429 2
2214 1627 2
1516 1419 2
1555 623 1
843 429 1
918 1743 2
2271 2148 1
2189 529 2
62 2199 1
1949 2148 2
971 1450 2
1050 429 1
209 1945 1
2294 2148 2
1397 2148 2
2119 529 2
1061 2346 2
922 2121 1
2175 1909 1
1680 2148 1
1177 2148 2
2284 2146 2
175 1068 2
1095 529 2
1190 2346 2
788 429 2
577 1509 2
1541 195 1
1136 1610 2
1587 2148 2
995 361 2
942 2121 2
1615 217 2
502 1480 2
740 1418 2
221 1566 2
117 1339 2
99 1627 1
1393 2148 2
119 1509 1
1251 588 1
1389 529 1
1025 898 2
361 2346 1
1034 1743 1
658 1419 1
2225 529 1
2231 429 2
951 429 1
1008 312 1
573 195 2
57 1480 1
2276 1909 1
162 972 2
2296 189 1
912 1467 1
1104 1418 1
664 318 1
392 1627 2
2117 840 2
191 1480 1
2068 429 1
178 125 1
691 429 2
2199 2148 2
254 429 1
124 2319 2
187 429 1
551 2148 1
1266 1480 1
1670 2199 2
2238 1339 2
2262 195 2
2016 2319 2
1561 529 2
1990 1711 1
1185 1090 1
176 2148 1
1662 2148 1
2278 1418 2
333 429 1
559 204 1
882 1190 1
5 1090 1
794 429 2
61 195 2
485 1627 1
311 2148 2
813 1895 1
979 2319 2
1862 2290 2
935 2346 1
1920 588 2
1466 2148 1
564 2148 2
1659 541 2
437 529 1
1644 1467 1
636 195 2
1623 429 2
900 2148 2
2190 1324 2
802 1480 2
420 195 2
51 429 1
905 1480 1
1812 1909 1
58 914 1
2196 2148 2
1993 1480 2
328 972 1
1524 2290 2
2274 546 2
145 1299 1
2291 529 1
2234 2346 1
1618 429 1
980 1743 2
160 429 2
495 748 2
1340 445 1
974 451 2
1522 451 1
1092 429 2
994 1909 1
1943 2346 2
270 1909 1
1557 1967 2
277 862 2
1694 588 1
1369 701 2
1732 2346 2
484 50 1
1799 692 1
961 1119 2
2315 1743 1
1935 1921 1
1492 195 2
820 2346 2
1642 1324 2
1841 511 2
1334 529 2
1638 1945 2
2270 1711 2
768 1909 1
1544 195 1
944 2148 1
2300 2148 1
1579 429 2
616 1254 2
1919 429 1
701 217 2
2157 1480 1
1244 1995 2
1263 578 1
832 1168 2
1407 2148 1
382 1627 1
2025 1205 2
423 451 2
171 2148 2
154 2148 1
205 2148 2
2038 1480 1
1676 701 2
2221 1370 2
1238 2148 2
480 1525 1
2280 24 2
323 1757 2
729 628 2
121 1119 1
399 429 1
510 521 2
201 1119 2
1827 1627 2
1179 1048 1
966 17 1
1999 2148 1
179 125 1
1126 2319 1
2258 2319 1
583 451 2
987 123 2
2028 429 1
574 429 1
1653 2121 1
386 1380 1
69 2148 1
1089 1224 2
1958 2146 1
1451 2121 1
439 429 2
1966 1627 1
680 2199 2
808 1566 1
1300 1480 2
1257 429 2
847 195 2
1825 1743 2
1336 2148 2
771 2041 2
1564 652 1
2180 2346 2
1536 195 1
1487 1464 1
403 2071 1
673 429 2
125 2148 2
1498 2148 1
1262 2148 1
226 1590 1
239 1743 1
2232 528 2
314 2148 2
1039 1743 1
493 891 1
1671 588 1
1236 195 1
454 1566 1
1227 2199 1
810 189 2
1837 1909 1
299 1190 2
422 840 2
516 972 2
1124 429 2
2081 1068 1
2057 2319 1
831 1627 1
438 505 1
2195 1480 2
1370 429 2
789 2148 1
1489 1790 2
569 429 1
1148 1480 2
249 1135 1
24 195 2
2171 820 1
1611 1743 1
909 429 2
1942 951 1
1027 451 1
2216 2148 2
1734 1600 1
597 1695 2
998 1480 1
1172 429 1
92 1566 2
1948 1428 1
2213 2148 2
1 1480 2
780 195 2
2212 1224 2
728 196 2
