900 898 9762
706 259 1
85 823 1
536 168 2
773 359 2
210 379 2
857 271 1
811 286 2
681 342 1
416 883 2
685 830 1
70 771 2
319 454 2
193 678 2
528 62 2
330 137 1
732 612 2
657 733 1
166 872 1
255 560 1
496 13 1
322 520 2
30 802 2
745 729 2
566 536 2
790 302 1
109 88 1
506 820 2
176 9 2
855 607 2
677 236 1
530 336 2
650 175 2
658 405 1
24 307 1
617 829 1
360 682 2
45 540 1
245 288 1
180 313 1
761 810 1
550 108 2
645 813 2
25 464 2
860 75 1
718 205 2
364 556 2
622 498 1
698 450 2
493 719 1
883 805 1
788 637 2
59 335 2
898 675 2
173 122 2
411 885 2
120 284 1
154 343 1
736 0 2
680 483 1
302 735 2
134 252 2
727 438 2
327 170 1
49 132 1
876 868 1
661 526 1
725 822 1
867 362 1
311 195 1
285 785 1
382 41 2
801 779 2
101 369 1
259 347 1
599 213 1
376 274 2
88 608 1
13 366 1
252 368 1
333 792 2
859 364 1
160 441 1
554 834 2
516 561 2
112 662 1
118 339 2
750 440 2
221 484 2
2 427 1
33 203 1
889 684 1
6 574 1
168 859 2
298 542 1
527 254 2
843 649 2
370 50 1
880 30 1
146 644 1
446 778 1
648 766 1
100 712 2
574 54 1
78 365 1
398 791 2
694 383 1
79 352 1
755 330 2
391 269 1
700 158 1
113 340 2
830 360 2
294 154 2
143 697 1
768 164 2
575 68 2
721 518 1
98 603 1
0 544 1
258 251 2
877 144 1
604 696 1
851 685 1
283 202 2
792 487 2
607 755 1
537 699 2
1 135 2
842 328 2
396 401 2
482 304 2
35 174 2
775 591 2
695 758 1
174 645 2
459 671 2
824 300 2
808 83 1
570 832 2
224 508 1
454 578 1
802 489 1
483 329 2
690 555 2
362 861 2
301 517 1
838 153 2
213 842 1
590 784 2
523 71 2
408 215 2
702 857 1
5 118 2
841 413 2
395 528 1
291 11 2
386 55 1
643 232 1
137 838 1
787 29 1
368 638 2
884 848 2
244 841 1
747 824 2
351 714 2
305 190 1
667 493 2
589 253 2
169 627 2
581 596 2
533 715 2
760 709 1
339 557 2
861 149 1
83 127 1
467 527 1
442 380 1
440 126 2
116 867 2
441 425 1
609 875 2
54 238 1
350 160 2
317 677 1
684 367 1
435 519 2
37 426 1
323 3 2
833 880 2
326 664 1
835 827 2
216 90 1
827 741 2
439 266 1
352 460 1
601 844 2
766 615 2
307 818 2
630 415 1
342 581 2
276 128 1
879 683 1
688 8 2
402 104 1
380 635 2
663 466 1
241 598 2
515 82 2
62 226 2
147 80 1
31 292 2
390 397 1
524 473 1
110 267 1
653 439 1
578 247 1
795 344 2
179 21 1
104 467 2
705 693 1
409 730 2
192 47 2
67 856 2
359 491 2
197 429 1
334 448 2
873 486 2
182 314 2
209 807 2
297 432 1
816 372 1
672 863 1
693 44 1
822 826 2
644 523 2
140 707 2
10 510 1
803 597 2
329 708 2
246 423 1
184 840 1
858 77 1
208 821 1
393 16 1
511 781 1
799 52 2
638 717 2
61 804 1
336 163 2
458 860 1
870 60 2
7 23 2
542 57 2
502 319 2
789 7 1
612 529 1
508 756 2
27 711 2
392 419 2
473 593 1
417 315 2
107 239 2
682 680 2
196 436 1
623 632 2
56 34 2
205 511 2
568 447 1
76 873 1
820 216 2
551 718 2
807 394 1
815 147 1
426 433 1
765 172 2
183 291 1
573 297 2
610 565 1
254 849 2
819 866 1
274 636 2
598 231 1
270 584 2
405 884 1
71 209 1
9 679 2
453 533 2
730 224 1
306 43 2
805 270 1
754 588 2
716 159 2
412 273 1
332 338 2
520 96 1
111 681 1
372 311 2
225 812 2
400 646 1
349 703 1
723 828 2
300 780 2
419 223 1
178 753 1
335 27 1
603 331 1
791 176 1
781 541 2
829 377 1
266 891 2
38 123 2
887 290 2
518 219 1
517 796 2
414 570 1
86 886 1
448 393 2
157 652 2
571 537 2
499 246 1
367 86 1
50 310 2
794 700 1
185 421 2
741 283 1
237 814 1
494 151 2
618 887 2
868 783 1
366 411 1
206 767 1
8 169 2
12 208 1
878 504 1
647 890 1
557 747 1
158 188 1
486 346 1
251 648 2
257 124 2
600 194 2
338 458 1
249 212 1
828 235 1
316 375 2
564 109 1
373 45 2
51 858 1
385 89 1
23 442 1
893 790 2
729 563 1
673 725 1
181 31 2
284 70 2
489 20 1
186 326 1
456 389 2
832 568 2
204 764 1
634 444 1
256 633 2
586 674 1
28 73 1
674 53 2
637 847 2
73 296 2
582 495 2
817 497 2
293 98 1
641 740 1
403 287 2
639 321 1
427 12 2
646 882 2
608 320 2
541 102 2
708 477 2
189 876 1
199 621 1
481 610 2
620 744 1
468 385 1
711 617 2
848 100 1
872 256 2
583 686 2
484 141 2
11 629 2
660 10 1
669 64 2
164 161 1
796 280 2
640 138 1
325 478 2
687 142 2
369 452 2
668 788 1
652 278 2
804 701 2
381 705 2
89 745 2
66 78 1
752 351 1
686 586 2
726 748 1
897 414 1
874 378 2
272 129 2
384 787 1
510 479 1
248 631 1
628 716 2
148 606 2
57 624 2
758 276 2
547 143 1
697 843 2
490 275 2
3 543 1
232 184 1
236 853 1
636 332 1
849 660 2
514 228 2
895 585 1
852 651 2
361 99 1
126 388 1
229 265 1
304 757 1
786 689 1
616 765 1
577 37 1
155 777 1
696 264 1
132 749 1
540 139 1
433 512 2
776 692 2
34 546 1
260 616 1
659 353 2
737 93 1
84 852 2
689 548 2
347 418 2
785 465 2
262 255 1
343 130 2
576 422 1
580 387 2
187 66 1
226 622 1
378 545 1
800 567 2
474 634 1
63 835 1
797 19 1
269 659 2
513 600 1
129 724 2
201 410 1
649 734 1
278 837 2
606 642 2
504 710 1
153 789 1
65 668 2
666 726 2
250 193 1
341 79 2
717 750 2
353 206 2
290 91 2
321 222 1
497 862 2
769 797 2
826 825 2
19 639 2
633 5 2
404 199 1
779 763 1
724 263 1
39 817 1
222 361 1
720 289 2
287 402 2
627 233 1
748 155 1
587 97 2
738 769 1
703 171 1
4 602 1
712 38 1
44 604 2
172 846 1
461 892 2
365 534 2
144 816 1
119 702 2
555 391 2
443 107 2
749 695 2
871 691 1
102 893 1
831 666 1
430 262 1
91 165 1
171 245 1
149 501 2
95 2 1
611 761 2
139 95 1
207 14 1
93 595 2
397 801 2
561 306 2
563 59 2
141 877 2
553 665 1
899 547 1
231 218 2
29 865 2
488 794 2
243 672 1
744 51 2
16 475 1
295 737 1
498 879 2
303 899 1
271 196 1
774 181 2
735 502 2
679 32 1
238 459 1
275 85 1
407 18 2
117 240 2
331 492 1
675 282 1
47 694 1
318 337 2
239 125 2
212 800 1
18 200 2
451 217 1
891 214 1
837 355 1
579 524 1
188 22 1
436 553 1
399 134 2
558 357 1
585 482 1
470 148 1
734 808 1
374 522 2
591 641 1
214 496 2
240 580 2
651 571 1
425 539 2
864 61 2
175 759 2
592 656 1
740 663 1
108 323 1
220 33 1
265 786 1
814 559 2
507 220 1
739 676 2
856 105 2
546 40 1
219 119 1
55 592 2
714 507 1
263 46 1
90 613 2
235 739 2
719 15 1
135 6 2
40 896 1
535 416 2
543 386 1
131 211 1
526 457 1
53 374 2
710 590 1
315 24 1
15 713 1
495 94 2
410 341 2
728 836 1
227 670 2
565 42 1
215 116 1
444 582 1
420 854 2
452 39 1
234 500 2
48 281 1
552 140 1
845 833 1
840 445 2
602 470 1
314 754 2
701 870 2
103 111 2
195 869 1
780 831 1
217 198 2
36 566 1
715 513 2
223 573 1
348 752 1
288 480 1
218 743 2
625 243 1
654 509 1
532 738 1
228 56 2
41 654 2
692 549 1
60 850 2
261 535 1
296 408 2
847 799 1
97 435 1
742 514 2
74 420 1
94 688 2
809 667 1
567 628 2
268 706 2
80 221 1
310 657 1
839 431 2
503 242 2
346 589 1
371 26 1
655 183 2
479 390 2
357 113 2
821 316 1
783 150 2
475 690 2
422 36 1
699 446 2
337 614 1
309 456 2
487 179 2
313 819 2
125 793 1
621 167 2
707 114 2
894 620 2
850 398 1
462 661 1
635 451 1
512 455 1
731 120 1
388 201 2
460 227 1
150 505 2
584 406 1
836 704 2
771 889 1
662 881 1
282 698 1
595 312 2
476 403 1
267 230 1
505 587 1
87 449 2
531 515 2
544 490 1
624 619 2
772 301 2
853 327 2
664 428 2
198 272 2
670 845 2
130 87 1
885 443 2
854 809 2
485 609 1
279 453 1
434 363 2
286 898 1
492 579 2
145 81 1
152 318 2
812 17 2
538 731 1
823 506 2
292 371 1
432 468 2
626 798 2
115 370 1
64 564 1
387 197 1
777 299 2
480 74 1
866 774 2
264 461 2
230 166 2
466 640 2
594 558 2
614 345 1
500 630 1
340 157 2
539 358 1
782 69 2
846 601 2
151 25 1
77 569 2
167 133 1
753 655 2
469 248 1
588 803 2
569 469 1
556 399 1
312 531 1
865 349 1
202 317 1
200 65 2
464 241 1
863 554 1
572 575 2
509 187 2
253 260 1
757 855 1
106 76 1
428 309 1
14 669 2
421 751 2
548 136 2
121 583 1
671 400 2
463 348 1
413 577 1
211 851 2
704 723 1
892 84 1
105 811 2
501 736 1
299 773 2
69 376 2
525 382 2
825 145 2
529 864 2
597 35 1
68 476 1
133 162 1
447 305 2
455 249 2
383 121 1
177 250 1
778 324 2
445 177 2
869 115 2
722 481 1
124 572 1
123 229 1
345 746 1
75 1 1
450 775 2
560 525 2
615 180 1
194 434 2
784 244 2
203 530 2
354 356 1
72 728 1
438 117 1
764 551 2
763 516 1
247 257 1
191 178 2
233 611 2
424 474 1
896 350 1
886 722 2
759 488 2
26 626 2
844 186 1
465 48 1
136 562 1
242 72 2
142 424 2
20 268 2
308 293 1
159 156 1
813 625 2
593 806 1
43 782 2
415 49 1
798 618 2
281 760 1
96 594 2
875 430 1
733 103 2
881 653 2
478 395 1
890 815 2
562 285 1
596 146 1
406 131 1
709 727 2
632 550 1
665 295 2
793 732 2
522 897 2
320 412 2
324 795 1
394 878 1
656 552 1
676 768 1
289 334 1
99 185 2
678 112 2
683 643 1
377 294 1
534 472 2
423 63 2
767 503 2
762 494 2
545 658 1
92 258 2
379 762 1
691 92 1
642 742 1
457 437 2
882 463 2
127 521 2
619 261 2
770 538 1
161 182 2
273 152 1
277 499 2
713 189 1
605 485 2
21 207 1
389 776 1
888 721 2
58 720 2
363 772 2
519 325 2
472 417 2
756 192 1
631 409 1
418 303 2
32 67 1
862 308 2
344 298 1
449 210 2
356 237 1
355 191 1
163 106 2
806 381 1
629 605 2
751 599 2
559 839 2
818 576 2
477 173 1
401 462 2
280 871 1
429 384 2
431 396 2
46 888 1
437 895 1
810 894 2
52 58 1
190 277 1
138 532 2
549 392 1
491 404 2
22 373 1
17 204 2
521 234 1
82 322 2
834 874 2
162 471 2
613 333 2
81 225 1
328 770 1
471 4 1
170 673 2
156 110 1
122 647 2
165 28 1
375 623 1
746 354 1
42 101 1
114 407 1
743 650 2
