96 94 3
53 94 2
43 0 1
48 38 2
63 45 2
94 30 2
44 62 2
68 48 1
7 49 9682
91 9 2
1 49 9198
22 60 2
10 18 9935
29 4 1
41 49 9497
13 37 2
24 18 9689
23 60 2
40 28 1
54 28 2
55 48 2
16 27 1
75 26 9348
79 0 1
62 30 2
0 55 1
37 20 1
57 49 9892
58 49 9492
25 14 2
66 49 9382
14 0 1
73 9 1
77 49 9029
61 49 9624
56 34 2
72 49 9589
3 49 9970
64 18 9810
82 18 9873
59 83 9442
86 18 9319
9 0 1
95 49 9191
4 9 2
93 74 1
17 63 2
92 49 9682
28 4 2
60 94 2
67 49 9467
89 49 9810
80 49 9685
88 55 2
42 38 2
11 15 2
65 30 2
8 49 9011
90 20 2
51 26 9973
84 93 1
12 18 9236
81 20 2
52 27 1
5 39 9444
2 49 9155
69 49 9471
35 65 2
31 49 9775
70 49 9014
26 49 9104
85 83 9842
76 62 2
50 18 9462
20 30 2
21 88 2
34 20 1
30 48 2
6 15 2
39 49 9949
18 49 9978
87 26 9838
71 30 2
46 9 1
19 49 9666
45 38 1
78 18 9526
36 25 1
15 25 2
33 79 2
47 42 2
27 21 2
83 49 9564
32 88 2
74 14 2
