93 91 9
83 11 2
87 19 2
86 45 1
49 64 9661
28 42 2
61 57 1
56 34 9891
79 43 1
77 33 1
33 46 1
80 88 2
59 62 9243
54 11 2
74 23 9230
81 92 9948
75 30 9967
35 13 9262
76 1 1
15 12 1
22 24 1
72 75 9313
58 79 2
6 62 9955
57 25 2
46 63 1
64 62 9772
20 0 9523
27 41 1
52 7 2
12 37 1
84 42 1
48 59 9090
23 4 9737
16 55 1
40 39 1
18 8 1
29 18 2
55 33 1
36 65 2
42 55 2
91 86 1
37 19 2
89 52 2
90 38 2
44 30 9317
21 54 2
51 84 2
69 60 2
4 62 9111
78 21 2
9 48 9750
71 46 2
13 85 9470
63 17 1
7 45 1
31 90 2
67 39 2
8 22 1
50 7 2
73 44 9104
5 35 9881
10 19 1
0 62 9936
60 78 2
92 0 9246
14 79 2
11 31 1
26 0 9124
38 29 1
19 28 2
32 80 2
85 4 9089
43 78 2
2 6 9149
41 71 1
25 27 1
47 73 9056
45 79 2
68 3 9331
17 66 1
30 92 9033
3 62 9778
88 10 1
70 26 9718
34 59 9750
82 25 1
66 89 2
1 40 1
39 41 1
53 57 2
65 91 1
