2648 2646 6
1257 984 9723
1460 516 1
2411 2496 1
2194 2074 2
706 62 1
586 1561 9653
1304 861 9925
2265 1052 2
1046 1735 1
2592 51 2
1341 1547 9472
104 1688 9919
2150 1601 9106
739 1688 9214
2209 128 1
506 356 2
980 2418 1
523 1093 1
2078 2643 2
1272 2215 1
747 1601 9650
1736 221 9299
2290 53 1
2537 2030 2
840 2075 2
2041 2151 1
991 25 1
1345 221 9717
1811 221 9178
1349 2590 1
1266 598 2
184 2544 2
2016 249 2
1651 221 9083
232 2042 1
345 1916 9329
1881 2012 2
737 2279 9879
731 445 9648
567 164 9641
1622 2441 1
1497 1742 9507
2611 1577 2
191 1502 2
78 1688 9787
281 1991 2
1219 2345 9902
2450 423 1
546 445 9553
1112 873 1
2446 1384 2
1987 2401 2
2000 499 2
1099 1081 1
1876 706 1
1859 455 1
285 275 2
2091 202 9156
2512 2338 2
1379 804 2
246 1086 1
2511 2087 2
2097 630 2
1668 2637 2
758 659 1
477 202 9422
1556 1862 1
932 2445 1
28 1763 9422
653 475 9444
2250 2640 1
2260 645 2
925 1339 2
248 166 2
127 397 1
2267 1895 1
1026 814 2
2117 237 1
1089 821 2
2067 843 1
1495 1815 2
650 2416 9510
2507 861 9306
1999 36 9644
1296 346 2
1455 2154 1
1294 248 1
1136 221 9283
945 984 9421
727 36 9618
631 1367 1
558 1100 2
1473 99 2
1461 1456 1
2050 2166 1
1526 1324 2
2573 1678 1
759 383 1
629 2615 2
2565 654 1
2019 221 9785
2055 221 9685
856 2018 2
745 202 9031
817 1432 9806
1025 221 9100
1094 890 2
2108 819 1
1446 1126 2
1704 1856 1
1133 221 9914
1681 202 9075
2453 1688 9641
359 135 1
2165 2611 2
2143 519 2
537 491 2
2407 2170 1
794 1604 1
2160 1835 1
111 260 9837
2015 1979 1
2554 2153 2
2488 1985 2
572 221 9068
1077 898 1
279 221 9500
324 932 2
1391 1057 9860
1532 974 2
288 2432 1
140 683 2
1607 1041 2
1501 1695 1
1577 1530 1
9 164 9635
2121 511 2
96 221 9576
291 1338 2
2281 1588 2
1274 2022 1
1690 781 9219
1387 782 2
2191 932 2
1871 49 1
423 1318 2
1970 1097 2
762 1512 2
151 1243 2
1994 239 2
724 1343 2
2251 11 1
364 1052 2
1028 1557 1
2285 1664 1
1382 695 1
2022 859 1
2576 1009 2
1810 164 9454
2180 1330 2
55 1428 2
757 833 1
2615 916 2
210 1688 9369
2497 441 1
1053 164 9376
2616 2541 2
103 221 9033
1878 2483 2
858 1545 2
621 957 1
10 2079 1
167 1728 1
2310 445 9830
2547 221 9072
1478 2016 2
1722 419 1
2315 164 9740
2320 1312 2
229 954 1
211 1258 2
1006 1432 9881
1115 2068 1
250 1756 2
937 2113 1
1018 2407 1
1037 781 9568
169 1334 2
340 1403 2
1886 1795 2
1010 2626 9666
2056 1722 1
967 475 9238
158 94 1
855 678 1
1394 1688 9728
2462 221 9329
2621 1606 2
2004 164 9720
901 221 9472
949 1038 2
918 1389 1
1667 2052 1
1753 1362 2
2139 711 1
1438 1688 9632
2182 475 9062
492 1247 9840
243 2191 1
352 1916 9288
1329 411 2
1606 2550 1
406 41 2
1410 1601 9666
2359 2354 2
1194 2260 2
761 1547 9179
834 2350 2
1954 934 9330
193 665 2
2341 36 9486
1869 168 9372
2186 221 9238
825 168 9641
2350 1138 2
1738 1871 2
1527 2332 2
1141 1553 1
87 1537 2
1437 475 9672
2530 379 2
29 2452 1
1794 187 1
610 2049 1
969 202 9594
1175 253 2
230 1432 9483
2168 221 9336
2614 2314 9773
643 1585 2
58 1516 2
903 889 1
1686 2159 9022
2467 2469 1
1301 168 9968
2369 558 1
646 221 9186
391 984 9305
1177 2502 1
1090 221 9090
1793 1306 2
2529 2209 2
1675 1190 2
2578 2093 1
894 1688 9376
2313 164 9409
2427 639 2
1594 445 9813
1739 579 2
272 26 2
939 906 1
1545 1253 1
1751 984 9646
1374 1774 2
1415 88 1
2328 1732 9725
1186 445 9985
368 245 1
203 669 1
1289 402 9925
1364 221 9384
1380 1 2
953 649 2
73 1005 2
1500 1228 1
780 1763 9670
622 853 2
911 990 9878
2522 1332 2
2083 565 2
1105 168 9724
2353 2250 2
2345 221 9930
1552 232 2
1488 2416 9491
563 763 2
2598 221 9865
2600 984 9214
170 628 2
1849 5 1
1229 194 2
413 365 9691
2200 914 2
2519 164 9647
1750 39 1
1884 221 9072
350 2243 1
1030 2238 2
1891 1633 1
2065 1582 2
480 556 2
79 1254 2
2298 1038 1
1807 1862 1
951 1601 9385
1734 164 9787
356 1830 1
520 1789 2
66 221 9296
1714 305 1
2076 444 1
84 1552 2
2461 1499 2
1554 679 1
2543 1336 1
1627 1688 9764
651 36 9194
976 519 1
2646 475 9383
1353 1856 1
1573 221 9415
2163 1279 2
600 297 2
1280 1382 2
935 164 9211
1485 2288 1
2085 1964 2
2518 73 1
46 997 2
2212 221 9375
2110 1133 9459
565 1585 2
2286 2493 2
119 1665 2
617 692 2
1208 1558 1
830 444 2
1489 1084 1
1198 1566 2
666 2179 1
592 583 1
2048 1255 1
1633 41 2
1689 246 2
1072 221 9986
1688 221 9817
986 2286 2
604 557 1
407 984 9702
2161 558 1
881 1387 2
1666 56 1
2477 401 1
1785 445 9766
197 2428 2
1366 2410 1
1081 2136 1
261 221 9798
1955 2159 9899
1441 2333 2
1483 1549 9605
938 202 9085
2397 1688 9816
1111 1503 1
1281 1780 1
1034 221 9075
162 2094 2
2204 1260 2
2472 695 2
1454 532 1
1523 1371 2
1475 248 2
1829 202 9063
2155 878 9500
2093 910 1
1801 1432 9919
2531 673 2
181 677 2
2640 289 2
1471 143 2
726 1738 1
207 88 1
2501 1709 2
2217 794 2
2385 1312 1
488 2345 9782
2381 1344 1
2451 2318 1
577 2308 2
671 1473 2
403 1605 1
1695 1617 1
2129 47 1
713 1903 2
274 1704 2
2104 984 9345
2304 1432 9305
1925 183 2
2235 569 2
2172 1688 9353
1517 984 9533
2436 541 1
2544 1532 2
1429 221 9814
1800 990 9637
1433 1688 9029
2282 1608 2
273 1131 1
2231 1078 1
312 168 9647
1080 144 1
1950 411 2
1055 973 1
2010 221 9927
959 61 2
24 1271 1
1430 401 1
709 878 9859
339 124 1
876 1689 1
16 762 2
289 604 2
2145 221 9995
205 2161 1
1522 1466 1
1998 512 1
1308 529 1
256 1375 2
163 1892 9147
1877 2511 2
1894 1968 9143
599 2041 1
2351 1504 2
1102 130 1
1324 374 1
2038 913 1
1490 221 9965
116 2422 1
979 1884 9737
1591 143 1
1842 746 2
2288 2228 2
314 221 9864
61 2003 2
2253 787 2
686 928 2
425 1566 2
2634 1688 9395
2534 17 2
1459 221 9370
2408 483 2
1193 452 2
738 878 9561
150 552 2
1241 2301 1
2294 1207 1
1420 429 2
2159 1547 9128
1493 2535 9558
2584 221 9629
642 1181 2
741 283 1
1249 1650 2
434 1688 9956
1630 1668 1
1927 221 9298
521 1688 9266
1361 2207 2
1993 233 2
378 1644 1
115 1232 1
2333 1098 1
2270 1663 2
2214 1243 2
227 164 9011
401 2582 2
605 797 2
2346 164 9272
85 526 2
1757 883 2
1075 221 9706
564 1688 9527
988 984 9625
994 311 2
1544 1399 2
1952 410 1
1052 1563 2
1608 1530 2
1712 2622 2
2409 724 2
2300 891 2
20 221 9033
1700 1395 2
236 801 2
1648 348 1
2566 1478 1
426 1320 1
1632 2231 2
177 582 1
2401 388 1
2130 311 1
1360 226 2
2148 2103 1
694 1472 2
496 2036 1
1580 728 2
648 995 9685
1857 475 9966
1860 868 2
2389 298 2
512 2504 2
941 1688 9188
410 1019 2
468 1859 2
1464 1867 2
645 1239 2
1021 491 2
1844 1122 1
547 399 9204
2074 1908 1
1423 2463 1
1840 1757 1
1066 221 9248
1645 1612 1
1673 1405 1
1674 1840 2
132 2159 9604
528 836 1
1743 1503 1
990 221 9278
1166 994 2
195 1692 1
978 975 2
1139 656 2
1654 282 1
812 1745 1
1916 221 9406
428 164 9342
679 1030 2
734 843 2
1551 1819 1
2460 1881 1
1550 202 9727
1107 331 2
258 221 9645
931 490 1
431 928 1
1160 1804 1
234 583 1
179 792 2
2188 181 1
1355 280 1
366 1260 2
1058 1907 1
2216 2415 1
2033 221 9374
2063 2543 2
921 2363 2
1492 1688 9131
251 556 2
447 803 2
1155 2437 1
2058 272 2
1978 2427 1
1536 2249 1
2199 73 1
1224 1688 9942
2197 120 2
2047 2359 1
358 2316 2
2636 221 9398
677 2175 1
1314 1653 1
2499 2022 1
751 221 9215
1403 2379 1
1922 2345 9787
500 1429 9728
2255 992 1
2398 984 9226
1330 1626 2
1390 221 9039
1867 1826 1
2342 880 2
452 2230 2
943 2338 1
1404 195 1
595 164 9651
1599 1110 2
1778 673 1
1649 2016 1
386 2345 9178
2017 2416 9663
1518 2470 1
1270 1326 2
1042 221 9079
589 309 2
330 984 9206
2127 221 9943
408 449 1
1035 533 1
1621 1688 9985
2040 221 9029
247 2005 1
2601 221 9917
603 643 2
2263 1849 1
1981 38 1
460 2061 2
2500 544 1
664 796 1
2277 1763 9129
1348 2071 2
2638 1721 1
538 2407 2
2327 2178 2
773 475 9017
992 197 1
188 1547 9312
1996 221 9631
2193 2568 2
2244 2234 1
1413 275 1
1392 1243 2
1479 1892 9782
2391 445 9851
1264 1582 2
126 1160 1
750 2063 1
1245 2314 9859
732 221 9698
1597 2590 2
783 1441 1
1671 2071 2
2617 1198 2
948 2345 9281
2246 569 1
1143 370 2
2591 1688 9201
785 984 9892
1828 221 9073
2376 887 2
2205 221 9757
635 115 1
1705 1688 9893
1583 2181 1
338 1153 1
1269 1612 2
612 819 2
172 984 10000
582 254 1
1919 643 2
398 468 1
1059 2280 2
341 1620 1
933 1211 1
2184 2563 2
1865 214 1
562 2121 1
1323 714 1
1275 221 9147
1534 1763 9181
237 232 2
353 931 2
495 1453 2
445 221 9009
459 221 9648
1230 1688 9873
985 1977 2
509 1334 2
1246 1028 1
149 1292 1
1808 1178 2
2604 1227 1
31 221 9358
2322 1780 1
448 1254 1
1013 1077 2
200 2243 2
983 714 1
1409 202 9982
139 2063 2
53 2595 1
2595 1772 2
2564 1482 1
152 194 1
1774 2174 1
371 211 1
1986 2477 2
400 1175 1
145 2171 1
2330 565 2
502 401 1
2473 2050 2
1150 101 2
173 456 2
303 2294 2
889 2250 1
536 475 9380
1265 1786 1
1940 1083 1
1727 2448 1
1163 221 9913
1984 202 9921
2496 53 1
1592 1893 1
602 2097 1
585 221 9610
2039 977 1
2505 221 9178
1730 1749 2
135 2538 2
1098 922 2
2024 2365 2
1370 2121 1
1944 1701 1
1228 278 2
1440 258 9595
1435 464 2
2257 1255 1
2632 1707 1
905 1688 9901
25 2305 1
1054 2061 2
1538 221 9188
2612 1160 2
284 821 1
2177 2501 2
2362 431 1
663 490 1
2633 1531 2
2387 285 1
1196 1310 1
1684 2565 2
524 46 2
2005 1972 1
2549 475 9766
847 1547 9739
1787 1056 2
1428 101 1
2486 1671 1
2289 2581 9968
123 202 9851
1069 1688 9047
2597 221 9362
233 1415 1
2135 2322 1
2442 2053 1
1890 2385 1
2493 1518 1
1285 1717 1
189 2106 2
2429 1048 1
397 1206 1
485 1190 2
1702 164 9713
2506 438 2
182 113 9090
1268 2232 2
839 174 2
1002 1221 2
1959 3 1
1569 164 9723
2027 99 1
1427 1478 2
1617 2421 2
308 2089 1
2366 445 9075
1530 2435 2
1571 1722 2
775 297 2
859 2603 2
1373 445 9532
2051 2418 2
1103 876 1
388 625 1
865 874 1
2072 645 2
1416 1064 1
1967 984 9827
1936 221 9929
1407 1432 9937
2419 557 1
946 1432 9167
2602 1530 2
1665 1182 1
887 2327 2
1641 1154 2
1917 221 9896
2400 310 2
436 1401 2
370 1024 2
2259 1135 2
224 716 2
2036 17 2
404 1728 2
1595 733 1
755 202 9751
2242 1763 9995
662 13 2
1692 2284 2
478 2432 2
2607 686 2
1176 221 9211
851 984 9508
708 1057 9250
2064 1980 1
1586 2345 9115
2116 1872 2
264 1916 9308
101 2463 1
1480 221 9842
1182 734 2
1338 87 1
1874 568 9755
147 1235 2
2344 164 9764
1777 2106 2
950 1833 1
2227 219 9182
852 2576 2
791 187 2
1027 2597 9546
1000 656 2
1047 2585 1
2157 1085 1
296 1120 1
2090 2058 1
1359 1688 9879
1350 1175 2
808 1307 2
2420 232 1
2603 2005 2
118 1772 2
2642 202 9667
958 934 9956
2324 1859 1
1031 1542 9278
1797 2498 9598
1509 2239 2
1711 1763 9193
1252 573 1
767 1028 1
704 1688 9130
2314 221 9313
1383 1994 1
217 1293 9838
1581 733 1
444 1063 2
1299 1392 1
239 1367 2
619 221 9809
461 221 9168
1953 164 9823
2302 2529 1
636 540 1
1825 202 9534
1448 1047 1
1462 221 9153
346 1237 1
1278 1526 1
2131 202 9530
1555 2051 2
241 1432 9485
2248 475 9342
33 2089 2
2021 1910 9758
2630 1567 1
952 2222 1
377 2592 2
1263 1601 9640
416 1871 2
1444 421 2
1764 1170 1
821 487 1
1612 632 2
2156 1904 9876
954 1915 2
1513 221 9194
379 410 1
752 475 9272
300 679 2
1802 2094 2
1503 1519 2
641 1547 9997
880 496 2
701 2105 2
862 221 9021
2647 2307 1
160 156 2
383 639 1
70 1826 1
1968 221 9580
72 1581 2
511 296 2
2416 1688 9024
297 2405 2
920 966 1
760 831 1
439 425 1
59 15 1
1288 221 9414
2275 164 9381
1558 339 2
245 2381 1
1995 2502 1
186 1902 1
510 245 1
402 1547 9678
2030 831 2
1032 1155 1
1165 221 9242
1210 2607 1
833 682 2
1977 2389 1
1949 337 9283
1024 1452 1
1934 1715 2
1385 794 1
1933 221 9222
1642 1716 2
962 1996 9683
1100 700 2
11 1773 2
2103 1452 1
7 1916 9038
1319 178 1
268 1055 2
733 1612 1
105 816 1
1022 597 2
262 156 1
1135 1526 1
129 783 1
363 101 1
2307 411 2
48 724 2
1822 368 1
900 1063 2
1317 880 1
1156 246 2
857 984 9541
2402 878 9626
2106 1329 1
2399 1772 2
455 656 2
556 1576 2
1885 221 9032
2542 221 9992
720 1732 9815
2536 934 9124
399 221 9246
68 2348 1
1399 1464 2
620 221 9340
656 1580 1
415 221 9243
1853 1763 9958
1542 221 9045
320 1547 9780
1088 1644 1
987 968 1
1593 1654 1
2563 319 2
557 805 2
594 781 9705
124 2236 1
1969 2478 2
678 2109 2
501 221 9477
2280 205 1
327 1285 1
1767 221 9508
1639 563 1
206 1470 2
2480 221 9060
2042 2255 1
2343 1081 1
2102 221 9735
252 1568 1
231 221 9968
1134 2621 2
1505 221 9832
611 221 9451
1132 221 9295
266 202 9937
2594 192 1
543 1455 2
778 221 9076
2483 2029 1
254 2590 2
2572 300 1
742 2599 9960
784 306 2
1624 1307 1
2009 221 9198
2440 984 9576
90 2564 1
2415 2107 1
2229 202 9336
792 1723 2
1476 583 1
2012 419 2
743 133 2
1402 221 9709
19 1331 2
2555 221 9759
1942 984 9259
1926 482 1
2325 2029 1
267 1303 2
458 2524 2
1824 781 9063
698 984 9581
516 750 1
590 1688 9062
2099 1057 9397
2625 40 1
1445 1101 2
142 1755 2
1342 221 9517
973 2605 1
860 2385 1
984 221 9509
2570 984 9457
1309 221 9211
2134 2531 1
1560 340 1
1315 1688 9549
1851 913 1
2232 153 2
65 445 9620
2046 1286 1
1937 46 2
1121 1916 9313
2394 984 9271
2583 221 9663
2515 893 1
1259 1430 2
302 537 1
675 2297 1
106 2003 1
2258 2134 1
1696 495 1
1615 104 9232
102 1688 9177
453 1212 1
1768 1531 2
2559 878 9589
421 2264 1
465 1688 9793
2608 1084 1
18 1129 1
1655 781 9309
1789 25 2
2 319 1
2144 322 1
1130 1956 1
2388 164 9597
301 1597 2
845 2044 2
1045 2218 2
1699 1794 1
2211 1876 2
1601 221 9909
299 2153 2
2073 494 2
883 1325 2
498 1683 1
795 1788 1
2628 1046 2
2574 1547 9641
902 888 1
505 430 2
2509 2329 1
1795 1070 1
2107 953 2
601 1360 2
1277 2516 2
361 1300 2
2152 221 9732
1073 994 1
618 2511 1
1514 33 2
71 221 9021
1337 221 9904
1401 1694 2
513 164 9986
2068 1487 2
432 1190 1
337 221 9679
2080 1644 2
2198 221 9041
466 475 9352
2162 1928 2
2149 1631 2
2528 557 2
915 317 2
2546 221 9033
1231 864 2
626 567 9726
1574 221 9804
155 173 2
64 743 2
697 2034 2
2590 1846 2
924 886 2
2233 2030 2
2434 445 9234
2187 68 2
940 221 9477
1923 1134 1
280 2143 2
826 221 9648
1834 1430 2
2276 685 2
1036 311 1
93 276 2
1371 1865 2
1889 475 9531
1333 56 1
2412 2285 1
1720 2384 2
1076 1601 9445
1657 1871 2
576 1877 1
2190 483 1
1048 2609 1
1647 164 9466
2641 571 2
2491 1149 1
185 1458 2
1389 321 2
2390 1212 2
1643 2283 1
41 1281 1
1297 1688 9626
561 944 2
1779 1241 1
1293 202 9316
2195 2307 2
1719 559 2
83 395 2
486 221 9940
2508 2340 9258
1819 528 1
156 1478 2
764 120 2
1903 654 2
982 635 1
1531 1312 1
1328 221 9358
2256 802 1
69 221 9415
3 1744 2
22 2626 9913
1465 1160 1
464 1363 1
977 421 1
2510 1160 1
1733 1269 2
457 1561 9119
2447 1835 2
1611 1476 2
1659 2140 2
1260 1292 2
1271 1346 2
1393 1688 9566
822 445 9718
568 221 9337
1660 377 1
1179 202 9359
1546 1262 1
369 1038 2
652 1419 2
1322 475 9658
1108 164 9993
1487 2405 2
2299 2246 2
966 1414 2
1831 221 9149
2230 1694 1
1242 1892 9934
333 984 9268
194 924 1
676 1547 9860
1742 221 9991
2112 1411 1
2316 124 1
1044 1688 9313
1262 439 1
1817 221 9140
1619 475 9519
2562 2586 1
2283 1339 2
696 221 9918
1421 1135 2
1579 1307 1
1662 57 1
1983 381 2
2158 1688 9830
1566 318 1
51 2065 1
2305 2467 1
1640 29 1
2101 1432 9329
1997 2488 2
1174 740 1
2252 2544 1
1140 1323 1
2514 1940 1
2626 221 9926
886 68 2
1419 1527 2
1535 1763 9815
530 389 2
2319 383 2
1190 127 1
1816 2225 1
1414 1211 2
462 906 2
989 2528 1
1796 1891 2
554 984 9898
1116 657 2
1568 281 1
1092 11 1
1376 221 9000
1496 2306 2
2035 1630 1
2568 2342 2
130 2281 2
1973 93 2
1755 2616 1
2105 403 1
2070 221 9355
373 202 9773
1239 311 2
1945 663 2
874 30 2
2629 884 9378
957 2561 1
2474 1763 9123
4 221 9145
471 155 1
578 1688 9860
721 56 2
323 297 1
2443 221 9336
470 2214 2
2404 361 2
873 372 2
674 1688 9343
1979 1522 2
212 202 9048
1282 1302 2
1511 1882 2
796 673 1
1453 2210 1
891 2576 2
1466 858 1
374 1567 1
2338 2413 2
627 221 9239
1652 221 9038
1861 2134 2
1839 1041 1
1041 256 1
2066 221 9104
1680 2187 1
2523 1314 2
2432 2100 2
2007 2299 1
553 1688 9485
1565 1138 2
481 221 9532
43 984 9499
382 1178 1
963 202 9676
2495 1595 2
637 221 9218
638 1688 9211
2521 1348 2
1442 2589 1
772 1666 1
1725 317 1
1191 1154 2
2114 1683 2
1335 1739 1
1835 75 2
1893 10 2
1457 2199 2
1347 1688 9162
1122 1944 1
1447 99 2
1896 318 1
1788 1775 2
2492 221 9809
1398 633 2
1895 1891 2
531 1515 2
1201 1648 2
1897 2064 2
176 1688 9290
276 431 1
0 196 2
1005 449 2
97 484 2
907 1106 1
2421 509 2
1646 1995 1
1946 379 1
441 1581 2
1929 2175 1
2057 1561 9178
1847 1688 9646
1172 164 9556
1395 1675 2
1879 1396 2
2312 1968 9607
1629 2080 1
541 2296 1
14 221 9339
315 990 9984
278 1717 1
2095 1330 2
896 796 2
344 60 2
1809 1719 2
2094 1830 2
2609 1803 1
484 562 1
685 2486 1
788 2078 2
799 221 9974
2502 122 2
1286 1728 2
63 966 1
1710 1763 9704
1992 221 9353
165 2617 1
2348 1454 1
2003 954 1
2539 221 9055
1524 2230 1
2459 202 9207
1833 47 2
1312 1991 1
499 2265 2
2297 1571 2
803 2184 2
1616 1140 1
2478 1944 1
1843 2395 2
2306 1256 1
548 208 2
482 1040 1
981 2180 2
1635 1657 1
2382 221 9271
319 310 1
45 687 1
1731 1556 1
892 2565 2
525 2200 2
797 2358 1
1965 1628 2
196 1791 1
1096 2403 2
143 812 1
438 1537 2
192 1701 1
1724 1332 2
77 683 2
2132 1688 9690
2410 2611 1
2533 221 9663
2154 2407 1
1582 2590 2
1623 1360 2
365 221 9814
1572 1036 2
387 164 9950
807 2576 2
2622 1897 2
2575 2641 1
1118 202 9406
1388 956 2
1406 475 9677
76 2345 9870
295 922 1
1830 2199 2
2639 1057 9096
494 1685 2
2311 1277 2
1602 221 9109
888 480 1
2623 781 9060
392 1601 9326
36 221 9828
1372 1680 1
2358 1401 2
2052 2323 2
975 2550 2
2619 1432 9498
1911 1884 9276
326 1721 1
756 2112 2
811 664 1
1204 125 2
1101 854 2
17 49 2
1067 2387 2
818 1302 2
1104 221 9265
2380 202 9855
1634 1886 2
2060 1667 1
868 2494 1
1873 221 9105
1951 365 9265
313 1688 9075
1343 213 2
929 1395 2
1300 713 2
2476 1432 9612
2025 1547 9969
1826 1158 1
1832 1128 1
2470 24 2
781 221 9193
1339 441 2
2089 1827 2
522 209 1
1468 660 2
2557 716 2
644 957 2
1145 2544 1
1783 2168 9474
1744 1116 2
2026 2208 2
695 1000 2
539 202 9805
688 426 2
1902 914 2
632 1859 2
1960 701 1
964 1432 9663
409 712 1
2218 1110 2
2448 1531 2
424 1547 9603
1935 2228 1
2457 36 9747
723 221 9229
712 1867 2
1106 625 1
2430 1901 2
2237 385 2
304 874 2
228 2517 1
1748 1664 1
2444 2247 2
1417 2581 9783
628 1392 2
1656 164 9137
1609 510 1
1331 881 1
1537 1380 2
829 1819 1
1184 2087 1
1670 924 2
1677 2529 1
1956 390 2
598 1606 2
1233 62 1
1769 1645 1
322 2298 1
2062 1676 1
440 878 9939
961 2071 2
109 1093 1
419 56 1
2524 87 1
776 1688 9843
178 2267 1
405 1068 1
2377 601 2
2210 1719 2
1759 2345 9108
1477 562 2
729 2140 2
429 937 2
1976 1106 1
579 462 2
2635 202 9010
1519 631 1
1458 418 1
2593 799 9640
596 1547 9678
108 2134 1
2484 1360 2
2185 2093 2
2031 1884 9832
1225 515 1
2363 1684 2
1644 476 2
1083 2612 2
2384 350 2
1173 2136 1
1001 1688 9148
1070 2569 1
2176 1680 2
1017 164 9497
1685 559 2
1866 202 9214
1504 2264 1
1729 1547 9093
1119 487 2
1386 2345 9354
1813 221 9993
549 1827 1
50 410 2
753 899 9915
2354 526 1
2503 2290 2
1502 450 2
1590 769 1
866 1092 1
1222 221 9013
131 2011 2
38 75 2
1528 1561 9774
1921 1728 2
120 1007 1
2247 669 1
253 1509 1
100 221 9630
198 2013 2
711 1398 1
2365 1321 2
1033 2645 1
1307 2134 2
216 221 9811
1120 1022 2
2013 673 1
1941 1688 9940
1310 872 2
2178 1950 2
2226 2078 1
2092 164 9138
1631 2442 2
770 987 2
1095 378 1
1773 1616 2
1154 1649 2
2238 460 1
1298 1277 1
1209 1688 9134
1199 221 9662
1051 2113 1
1716 1754 2
310 1114 1
1740 2603 1
2435 396 2
1170 2351 2
2540 1959 1
800 475 9533
893 2582 2
449 797 1
1 2540 2
166 1629 2
1918 2107 1
906 1361 1
1803 936 1
2541 1697 2
2468 1601 9660
1636 2214 2
1600 67 1
376 984 9584
657 842 1
218 2234 2
997 1805 1
1663 309 2
665 1368 2
1467 2308 1
527 100 9136
1396 2220 2
1237 238 1
625 304 1
2222 55 1
1068 716 2
2120 880 1
2220 2390 1
1682 202 9004
99 131 2
2249 909 2
1254 438 2
2223 984 9035
1381 1408 1
835 221 9939
1707 1428 2
1320 119 2
75 2458 1
1972 1109 1
2567 2509 2
2236 2589 1
2479 2554 2
971 2307 1
1207 1519 2
86 1648 1
2340 221 9652
1718 2569 1
1316 1043 9338
420 1763 9010
1284 2340 9602
137 147 2
917 2389 1
1412 1369 2
2301 1791 1
418 169 2
928 632 2
2023 1446 1
719 2040 9809
683 1035 2
927 2626 9412
608 2291 9168
999 1771 1
2034 976 2
2049 1815 2
2018 1217 1
215 133 2
209 2355 2
1559 1943 1
2552 445 9755
1168 1507 1
1848 647 1
91 1961 1
1411 1143 1
898 581 1
2489 1688 9194
2532 2226 1
545 1196 1
1821 202 9818
1855 1688 9025
1782 402 9559
483 426 2
842 666 2
872 2173 2
1512 58 1
703 1707 2
844 164 9482
584 221 9801
2213 656 2
2371 2481 2
2631 246 2
2295 934 9071
1354 257 1
597 746 1
802 2218 2
2173 1426 1
1181 2319 2
1251 1547 9686
60 673 2
1966 1007 1
56 1431 2
2471 221 9162
1167 2615 2
942 2573 1
1321 2007 2
1948 2187 1
1898 56 1
1806 371 1
175 2112 1
1732 221 9981
417 221 9865
2599 1688 9351
343 168 9018
2393 2437 2
220 2015 2
1126 892 2
533 1455 1
1962 2314 9433
968 1335 1
1938 365 9153
2392 221 9876
1799 2498 9895
2206 1696 2
1443 221 9412
669 329 2
1957 984 9682
1486 799 9890
1883 475 9194
715 2258 2
223 954 2
2414 221 9278
1693 861 9982
1818 2120 2
681 1435 2
2318 713 2
1195 1688 9027
771 1829 9005
1367 1977 1
820 1791 1
235 1688 9295
571 1750 2
885 2580 1
1276 1419 2
1852 794 1
2405 1511 2
174 1989 1
222 2345 9384
1784 1547 9092
2133 984 9606
1620 1148 2
128 2083 2
422 1613 1
2431 807 1
2225 2250 1
277 221 9177
1127 990 9904
1614 2345 9707
633 2076 2
1144 1781 1
242 756 1
1043 221 9821
884 202 9719
1653 1041 2
98 1856 2
2449 1759 9869
2164 1149 2
49 870 2
1418 1834 1
1365 858 1
1900 1596 2
779 1547 9811
2240 221 9194
640 108 1
1003 1290 2
2201 2345 9710
2551 693 2
2273 1429 9226
748 2272 2
609 1239 2
1971 2238 1
1063 2011 2
1449 86 1
244 2296 1
2321 1688 9363
30 234 2
730 2175 2
2192 1536 1
682 2472 1
354 1595 1
2279 221 9598
2379 495 2
1062 2288 2
1279 1901 2
1248 1013 2
2032 221 9382
1452 1760 1
2560 2340 9929
1159 221 9507
746 898 2
2368 1162 1
559 1466 1
294 2340 9069
290 1363 1
1498 1243 1
1256 1640 1
1924 258 9185
1585 545 1
154 164 9240
699 1061 2
1882 955 1
1746 1934 2
593 662 2
1613 1026 1
972 1432 9303
335 1275 9956
1610 2210 1
2494 1197 1
157 2345 9085
740 807 2
2454 221 9514
725 236 1
728 1474 1
2088 221 9303
2271 1057 9117
226 701 1
336 1102 1
647 1585 2
2170 382 2
1469 221 9607
1188 164 9522
2548 990 9303
1850 221 9458
490 409 1
2224 974 2
1426 487 2
2111 1884 9798
2054 275 1
1543 286 1
877 2283 1
1603 2580 2
1011 2595 1
2179 1611 2
2581 221 9328
2202 164 9460
2221 1858 1
2326 1884 9485
1988 164 9638
1991 613 1
789 2238 2
2174 1499 2
269 984 9888
1864 781 9957
670 2517 1
489 1101 2
307 202 9723
1352 445 9977
2481 48 1
259 1057 9516
1057 221 9462
1439 2348 2
1846 460 1
2151 1748 2
1351 155 2
615 1884 9225
639 2311 1
1887 990 9111
871 445 9499
710 202 9981
717 1739 2
2119 934 9515
2383 1577 2
908 439 2
1961 2015 1
1575 861 9736
2071 1425 2
1344 1225 2
947 1168 1
2115 567 9364
1985 2524 2
2167 491 2
1378 1809 2
2517 805 2
95 1907 2
875 221 9368
136 792 1
1082 2531 2
1425 2478 1
357 1045 2
1250 1906 1
790 221 9416
658 1280 1
2485 1541 2
1313 2285 1
1697 1744 1
487 1712 1
517 1276 2
910 1805 2
936 1778 1
2141 367 2
202 221 9915
1247 221 9967
810 164 9028
375 1688 9924
37 221 9120
1506 445 9411
225 1247 9040
1356 2507 9388
2339 221 9100
1745 2640 2
2293 1622 2
395 56 1
1087 221 9438
1781 2266 2
1369 1551 2
446 98 1
2386 2345 9436
469 202 9417
2138 1688 9470
1676 460 1
2606 618 1
2183 1688 9533
2196 1178 1
1588 1607 1
934 1688 9455
804 1639 1
1113 2163 2
700 267 1
1578 202 9516
1589 445 9304
2292 2359 2
749 2439 1
705 1904 9377
532 1777 2
2569 895 1
2373 511 2
634 221 9569
1827 1556 1
2580 811 2
1958 1688 9071
2550 802 1
2637 1058 2
882 247 2
389 2404 2
1990 1547 9980
1570 390 1
1930 2037 2
44 1688 9593
1040 1620 1
2466 1688 9387
1792 1688 9044
613 144 2
2482 475 9014
2395 1725 1
1650 2450 2
2219 1023 2
2643 40 2
1283 231 9388
1065 203 1
1980 2264 2
1604 101 1
1875 221 9046
518 2408 2
1481 202 9195
867 2345 9094
283 1173 2
693 296 1
744 221 9436
1548 140 2
332 1432 9564
2624 1688 9902
1456 366 2
2087 1851 1
180 2141 2
454 445 9112
2487 1449 1
1124 1547 9642
2153 1351 2
2337 149 1
1679 2082 2
570 2211 2
1295 341 2
1741 221 9403
52 729 2
1717 1062 1
995 1688 9786
2096 928 2
1854 1435 2
1318 993 1
456 2625 1
334 1436 1
362 1162 1
493 668 2
2355 1727 2
899 1688 9015
1131 876 1
15 1454 2
133 2324 2
249 1511 1
913 2167 1
2044 2007 2
2171 2431 1
1723 25 2
1362 156 2
1715 2628 1
348 290 1
1358 1688 9870
450 1467 2
2272 344 2
1164 829 2
1687 984 9309
122 173 1
2423 1742 9744
580 202 9675
2558 2613 9732
1238 1225 2
1408 2638 2
814 1240 2
1963 1898 1
2490 221 9528
1038 2056 1
854 2118 2
2504 1099 1
815 973 1
895 1987 1
2124 2579 2
1287 1444 2
2525 202 9185
1050 221 9307
1097 1634 2
1123 302 2
385 1642 1
2417 936 1
1691 1141 1
1117 221 9567
1234 841 1
1305 445 9653
782 1626 2
208 628 2
1162 1295 2
566 1023 1
1510 1450 1
2352 860 2
1397 464 1
2445 2258 2
1472 1051 1
1672 619 9593
2261 86 1
806 1688 9152
2137 1265 1
2335 1626 2
32 1545 1
1858 181 1
2438 1239 2
1931 1688 9539
1947 475 9314
2268 861 9242
67 2260 1
138 1688 9445
92 1226 2
1747 2291 9061
2372 914 2
1515 1175 1
1939 942 2
12 1688 9590
1012 221 9718
1470 25 2
1905 221 9420
503 380 2
1436 798 1
869 2314 9286
923 202 9889
437 1175 1
497 195 1
2426 1439 1
692 1577 2
2561 1370 1
1153 883 2
878 221 9898
2331 1420 1
2077 984 9995
843 848 1
668 377 1
2516 758 2
2126 2433 1
922 1030 1
766 221 9556
837 1688 9762
514 2447 1
141 164 9204
305 2157 1
2014 2327 2
1845 984 9475
654 112 1
1815 1211 1
655 1019 2
1019 2510 1
1521 2645 1
1218 2197 2
1203 202 9879
1899 2436 2
1149 2643 2
23 221 9648
2303 864 1
2526 1688 9700
80 1 2
1915 441 1
1756 1007 2
1377 221 9358
1765 168 9214
2364 421 1
841 2330 1
394 703 2
970 515 1
1014 221 9054
2360 1884 9615
442 1688 9860
1760 1036 1
168 1688 9223
1698 826 9946
550 221 9514
1928 1644 1
1332 1826 1
1180 221 9933
1761 995 9977
1553 1313 1
1482 1088 1
1147 1968 9114
1914 1638 2
702 1688 9628
1008 1660 2
1814 1742 9549
838 475 9252
2644 219 9825
1334 2333 2
1227 1796 1
2422 880 1
161 878 9942
1157 1432 9543
2146 826 9382
1520 591 2
2254 340 2
8 421 1
349 1688 9343
1235 2350 2
1185 137 2
1507 834 1
2142 221 9742
1943 706 2
1533 2376 2
1223 1547 9628
573 215 1
1974 1688 9329
2589 409 1
1084 1779 1
1086 197 2
2520 1557 2
1114 2014 2
754 1021 2
463 1326 1
2334 221 9792
1637 221 9905
836 226 1
2374 99 1
213 1167 1
535 221 9363
801 603 2
2317 1547 9223
384 164 9183
113 202 9041
861 221 9032
2553 2383 1
1661 221 9676
475 221 9416
2463 902 1
993 318 1
1171 221 9646
689 332 9213
1658 2054 1
199 1688 9085
2266 630 1
26 566 2
1226 1281 1
606 193 1
1820 221 9883
944 1470 2
47 133 1
2329 2316 2
1626 223 1
204 1570 2
2538 1435 2
1499 1268 1
1562 523 1
831 663 2
472 1688 9798
2140 341 2
828 888 2
998 2515 2
2075 452 1
1302 1552 1
309 824 1
687 1456 1
1758 1546 1
1049 164 9043
1605 1348 1
1128 1119 2
1706 1541 2
1762 584 9249
1798 1510 1
2356 2154 2
2169 221 9705
396 1369 2
2045 2086 9631
1508 164 9470
508 1033 2
786 628 2
2456 781 9992
1240 523 2
2061 1476 1
2465 2491 2
515 238 1
718 1065 1
819 2467 1
1292 1768 1
2287 475 9686
544 2460 2
1540 1336 2
1910 221 9033
42 221 9809
1713 180 2
2059 202 9962
1422 1737 2
552 367 1
540 1986 2
255 2340 9312
1197 1082 1
476 145 2
2367 202 9931
774 226 1
360 658 2
2100 1631 2
607 1688 9806
2577 1030 1
1474 2415 1
1694 746 2
342 2489 9988
1450 2544 2
318 1746 2
1431 640 1
2452 804 2
1273 2367 9762
691 520 2
2627 1264 2
1206 2026 2
1451 221 9921
1424 1214 2
816 1679 2
1015 1688 9438
542 1464 1
555 221 9635
1856 326 2
519 1170 1
912 221 9325
260 164 9945
2620 221 9206
21 2137 2
1060 1431 2
1311 164 9945
1327 644 2
2128 1560 2
190 661 2
1290 2050 1
1078 1511 1
62 114 1
1754 1248 1
1841 2325 2
1494 984 9332
1007 558 1
2437 1078 2
148 221 9679
5 808 2
1336 19 1
2605 907 1
311 1816 2
2109 1631 2
2082 1046 1
2291 202 9564
121 1353 1
467 1547 9415
1628 956 2
2418 395 1
183 55 2
293 53 1
282 2465 1
575 1916 9901
331 1100 1
367 1948 1
40 1522 2
1009 2469 2
1618 17 1
1432 221 9693
526 1206 1
583 1640 1
286 1466 1
1982 1143 2
1726 2498 9776
1576 1552 2
1158 191 2
1200 164 9007
2123 2080 2
1178 1568 1
2579 1360 1
257 1253 1
1920 1688 9907
1169 378 1
2439 1495 1
1189 221 9046
1110 2 1
1529 1763 9214
1763 221 9697
1148 2000 1
1029 1241 1
1541 1659 1
2441 24 2
616 2640 2
624 2311 1
1039 475 9124
2357 204 1
916 422 1
805 1368 1
1752 2417 1
2349 2422 2
914 943 2
271 504 2
1303 1624 2
1212 850 1
1625 1697 1
474 2297 1
534 2114 2
74 878 9584
1766 1565 2
956 1509 2
1405 253 2
1749 1532 2
2469 2488 2
125 569 2
1836 1547 9753
1888 2498 9468
2527 2180 2
848 1779 2
1870 221 9042
1056 2518 2
1244 202 9409
1215 1629 1
736 1196 2
39 1879 2
823 1688 9531
372 1212 2
381 1109 2
809 1558 2
793 2590 1
94 1144 2
2347 370 1
2587 2069 9285
2020 221 9917
1837 221 9252
2239 622 2
1791 931 1
2596 2253 1
2513 781 9687
214 1515 1
1664 1294 2
2370 1544 1
1125 984 9159
2406 221 9599
1770 1540 2
965 168 9473
827 221 9545
813 1725 1
1221 1264 1
134 1884 9350
1772 2501 2
159 221 9181
1975 11 2
2113 2175 2
661 1095 2
591 1487 1
1812 1429 9990
1004 840 2
659 2637 2
2264 39 2
1232 2580 1
551 1778 2
2043 2495 2
2122 743 1
649 1290 2
329 455 1
1669 202 9274
110 221 9069
2234 2130 1
996 221 9671
2084 1074 1
1703 221 9013
2308 359 1
1463 221 9122
1326 1503 1
1064 692 1
1261 2345 9872
427 1891 2
240 1142 9511
347 1763 9387
2028 186 1
1161 1474 2
2309 974 2
1220 609 1
863 202 9501
1868 1587 1
890 565 1
1491 1241 2
491 2485 2
1074 1181 2
1071 2345 9662
2053 1197 1
2181 1382 1
849 1688 9061
2147 990 9155
275 896 2
630 2409 2
1880 1601 9739
146 2540 1
1721 2528 1
1205 1536 1
433 221 9694
2336 1390 9187
1129 1713 1
2166 1562 1
1085 1756 1
390 1667 2
2323 1068 1
1547 221 9315
1183 2472 1
1708 144 1
317 2419 1
1109 2095 2
1709 1944 2
926 853 1
1146 221 9885
1901 1240 2
588 221 9941
1989 1871 2
2274 202 9383
1214 305 2
1138 1045 1
35 478 2
2610 221 9658
1363 268 2
2458 48 2
2175 1123 1
2203 1432 9190
2006 2562 2
81 282 1
614 1340 1
2243 1229 2
1346 2450 2
144 412 1
411 174 2
574 1561 9784
2475 893 2
2189 1028 1
1023 517 2
1678 1092 1
2332 496 1
2645 1485 1
529 2637 2
153 1131 2
2425 2171 2
1016 260 9694
2008 1296 2
2215 1902 2
2228 1204 2
114 254 2
672 1956 1
263 221 9934
2618 1781 1
1596 2369 1
2413 889 1
412 845 1
690 2475 1
2613 984 9287
1728 828 1
238 1995 1
1434 1196 1
2571 62 2
684 221 9503
321 2417 2
187 404 2
2136 2483 2
824 2124 2
1912 655 2
798 566 1
2208 144 2
1564 1428 2
89 915 2
1151 569 1
897 781 9463
117 799 9120
1142 1688 9735
1804 1285 1
54 1688 9164
587 202 9192
2207 2164 2
1776 990 9308
316 1688 9735
2296 167 2
2375 398 2
832 1688 9881
853 2081 1
1357 1177 1
1187 1218 2
1093 1544 1
769 306 2
1907 1793 1
2464 1372 1
1549 1688 9746
1683 1789 2
2498 221 9831
34 164 9541
2535 221 9813
479 67 1
1567 1454 1
2588 282 2
879 2599 9654
219 934 9258
287 1970 1
2069 1688 9031
2081 891 2
1484 164 9776
2098 202 9199
714 1264 1
2361 221 9940
870 675 1
1243 2370 2
1863 192 1
1780 170 2
1216 1343 2
716 2494 2
1892 221 9172
846 1881 2
443 36 9998
974 1612 2
27 984 9987
1091 221 9970
660 326 1
473 786 1
1192 781 9278
507 1405 2
560 221 9333
680 1852 1
2378 839 2
328 934 9060
904 1368 1
1375 1445 2
1061 2318 2
2037 2157 1
1584 365 9092
430 2128 1
1964 2557 1
1737 1973 2
2011 1201 2
623 1207 2
735 221 9290
864 795 2
667 164 9445
1020 984 9368
909 1668 2
2582 769 2
2455 1218 2
201 2201 9926
1561 221 9563
919 301 1
1400 221 9615
265 1688 9301
112 205 1
1790 984 9837
2241 221 9387
2029 1944 2
1255 1541 1
1253 2197 2
2269 239 1
435 619 9694
569 724 2
1211 986 1
1306 1993 1
960 2630 2
1340 1063 1
2086 1688 9660
1735 271 1
2002 221 9133
1258 358 1
763 63 1
2556 2151 1
850 2076 1
768 164 9366
1805 1294 2
2245 221 9247
581 877 2
1838 899 9149
1638 1631 1
325 1688 9059
504 2303 2
2424 679 2
1904 2345 9201
955 1605 1
380 1609 2
1786 701 2
1368 2144 2
1325 346 1
2001 221 9292
2585 1641 1
1267 1591 1
270 221 9878
930 878 9024
673 840 2
1587 2244 1
1563 1107 2
292 203 2
2284 1149 2
1823 367 2
1213 659 2
107 168 9963
414 1033 1
1932 73 1
1291 185 1
306 2577 1
355 202 9268
1202 1178 2
2278 274 1
1217 1764 1
82 799 9928
1872 970 1
451 221 9377
2433 986 1
722 743 2
171 1862 2
1913 916 2
6 459 9887
57 1011 1
2396 221 9280
1906 2400 2
393 221 9006
1598 2390 1
1137 221 9430
88 1085 2
1152 2069 9536
351 1956 1
2586 115 2
1384 2349 1
1862 1819 2
2428 1631 2
2125 496 1
1557 2567 1
777 990 9878
1909 775 2
1908 2149 1
1771 1059 1
765 1688 9479
2545 2220 1
1539 475 9836
164 221 9938
787 374 2
2262 1688 9072
298 249 1
1516 750 2
707 1577 1
13 1740 1
1236 164 9855
2079 2500 2
2118 1482 1
1079 365 9891
2403 531 2
1701 909 2
1525 2144 2
