92 90 1
18 49 2
71 24 1
65 89 2
44 15 1
74 23 1
61 91 1
46 59 2
35 4 1
86 9 2
68 62 1
70 19 2
14 56 2
57 79 1
41 62 2
39 34 2
23 59 1
53 88 2
36 17 2
13 42 1
64 34 1
0 52 1
67 20 2
43 74 1
56 83 2
88 25 1
34 89 2
80 13 2
19 45 1
17 25 1
84 30 1
82 62 1
48 69 2
9 54 2
63 2 2
49 16 2
5 33 2
75 37 2
27 68 1
58 62 2
87 86 1
90 56 1
7 67 2
15 19 2
45 12 1
59 0 1
73 5 2
69 50 2
12 54 1
32 81 1
83 61 1
6 48 2
81 88 1
47 23 2
50 32 1
89 73 2
33 75 2
26 38 1
29 37 1
85 55 2
52 15 2
40 48 2
16 22 2
62 11 2
66 10 2
72 60 1
24 11 1
76 72 1
91 85 1
79 65 2
1 37 2
51 11 1
8 6 1
28 34 2
2 48 1
4 41 2
3 11 2
22 7 2
60 57 1
54 8 2
10 76 1
20 66 2
21 52 1
37 43 2
31 34 1
25 14 1
77 1 1
42 19 2
78 87 1
30 24 2
38 62 1
