2751 2749 1
2233 544 9121
2724 108 9662
701 638 9656
1686 1152 9297
2076 2744 9252
1194 525 1
2004 1353 9703
1777 1717 2
1794 1542 9439
2297 2076 9124
1534 2223 1
1868 2052 9954
29 519 9378
96 838 9791
1582 1421 9227
2691 1227 9338
710 1100 9853
538 1546 9895
892 1008 2
83 2113 9395
907 1160 9962
673 1530 9394
2153 34 1
1226 765 9257
1799 686 1
962 1398 9888
104 2539 9482
1406 942 1
399 1039 9425
2426 1081 2
2412 2031 9078
2519 173 2
1620 1405 1
2290 163 9474
1030 1025 9500
2273 1870 1
663 1751 9096
1856 2744 9833
1496 956 1
2361 246 9763
1005 1823 1
2708 294 9255
2421 1437 9353
2439 2581 9759
1697 347 9958
713 70 9016
634 1282 9342
796 623 2
1555 2456 1
2086 1565 9243
1176 2237 2
1616 33 9020
2353 2270 9544
1530 1631 9991
1444 1177 9523
2188 1405 2
743 601 2
1096 851 9780
178 1766 9789
827 2276 9701
1297 1142 9143
345 795 9683
229 1939 2
1570 1734 9272
2582 162 9121
1315 1152 9763
121 118 9993
717 198 9651
2663 1106 9098
986 648 2
2599 971 2
1201 426 9458
809 2468 9654
2144 2180 9846
2177 147 9279
238 134 2
1539 2005 9362
1301 1490 9790
824 51 9596
1899 1075 9238
1499 54 9226
2494 910 9175
1540 2510 1
1889 688 2
2433 2083 9643
1825 2662 9729
600 2402 9917
799 336 1
1603 2527 9141
605 1560 9076
180 2705 9786
630 1632 9439
775 864 2
1446 2038 9312
2533 909 9895
2040 49 9424
2114 789 9095
2608 1123 1
848 1532 9104
228 360 2
1906 1342 1
497 1611 9151
2587 11 2
792 368 9048
503 526 9402
705 1220 1
1734 2258 9109
1716 958 9810
1982 1778 1
955 2581 9079
1405 2319 2
696 184 9350
1221 1580 9824
313 2436 9434
388 239 9814
332 598 9288
2654 2083 9987
404 844 9561
234 411 1
2157 734 9035
2573 1136 2
119 1883 9321
2569 2379 1
740 1889 2
2535 1068 1
1872 2057 9973
305 1224 9625
2208 754 9031
2614 1329 9668
1756 2229 9398
1689 1365 9734
492 1473 9568
2715 1716 9864
385 503 9798
1962 1992 9791
823 87 9711
769 1097 9352
283 1361 9640
2341 1222 9150
2342 2 2
376 2710 9774
1228 429 1
2605 1315 9923
999 1707 2
2475 482 9041
1591 468 9533
2257 194 9102
2729 2319 2
677 1470 9681
1450 2240 1
920 293 9041
2148 1462 2
423 2403 9289
1551 756 9962
1279 376 9771
2014 142 9155
1820 454 9742
1879 2272 2
134 1572 1
876 2404 9049
1532 954 9628
1269 782 9035
1153 2325 1
1342 1448 2
1597 246 9591
384 729 9013
2294 487 9030
1012 2100 9411
1875 1140 9568
5 843 2
2022 298 1
754 2066 9764
1913 764 9671
516 600 9258
308 812 9748
2253 1347 9481
815 2402 9409
697 253 9944
60 2439 9474
628 688 1
1938 954 9565
1038 972 9448
2305 1117 9227
1827 2273 1
1033 2513 9586
980 1920 9089
493 1279 9428
1367 1874 1
1651 1514 9275
984 1880 9722
72 2201 9587
2274 703 9150
2348 935 2
1544 1923 9482
1945 2238 9558
290 242 2
548 1018 9938
2370 69 2
2388 514 9649
296 828 9252
2037 661 9133
1264 729 9265
1495 1293 9733
1547 452 9559
2045 1497 9916
2613 894 1
1687 102 9922
2713 895 9042
1121 2509 9264
572 546 9668
172 654 9125
914 1992 9122
730 2052 9708
1778 1550 1
2641 1950 9136
869 1525 9344
567 1968 2
287 2588 9110
2300 512 9798
2538 2085 9845
1676 1435 9505
1882 1790 9663
2429 1845 9694
2178 1096 9996
30 546 9338
1487 2143 9594
1553 2188 2
179 400 9724
1425 1554 2
1619 562 9523
390 433 1
670 243 9502
2549 1550 2
2143 2229 9554
1161 2505 9137
14 1198 9176
1710 856 9139
1898 1200 9659
2176 1094 9373
1908 1161 9981
1780 2395 9021
2644 1838 9900
254 1027 9873
87 1235 9262
917 2354 1
1093 2565 2
877 134 2
975 1950 9031
207 2308 2
642 1063 9690
1057 2068 2
1055 1998 2
1538 2055 9468
615 722 2
2473 2329 9167
1169 2411 9992
425 2094 9351
1310 433 2
643 1087 9191
2255 301 9656
373 1796 9164
2633 770 2
282 1735 9801
298 1717 1
1004 176 2
631 724 9607
1964 736 2
2087 1259 9389
1168 1010 9746
1424 2082 9099
2357 193 1
2746 50 9900
1658 1786 9042
2435 2037 9732
974 1409 2
1867 2165 9153
2358 2741 2
2472 397 9339
2584 2272 2
2576 346 9308
1439 883 1
1576 2335 9170
1311 720 9200
1440 2335 9540
222 1995 1
859 2381 9372
1859 1889 1
1598 629 2
1478 770 1
2330 2731 9254
1784 2084 9948
441 2464 1
2375 1898 9648
1423 1213 9337
2392 2681 9290
2186 175 9117
1644 1616 9749
2376 1355 9040
2720 18 9974
1515 2237 1
1046 1488 9005
1511 1232 9411
364 1242 2
2638 688 1
1782 68 9474
444 585 2
1881 2176 9078
398 271 1
401 306 9323
505 1346 9806
1911 206 9830
2558 2702 2
181 231 2
454 1532 9843
1210 992 9272
723 1203 1
726 238 1
2203 2362 9188
1152 2402 9348
136 1002 9296
843 2727 1
1108 2344 9872
881 250 9560
6 2463 9457
1655 99 1
2408 1938 9973
2264 299 9927
2609 1511 9301
1874 935 2
2098 2629 1
353 2120 9322
1963 2717 9896
220 1503 9019
433 1405 1
1589 1235 9378
1537 678 2
1678 1378 9994
91 1052 9265
2017 1367 1
2404 1365 9961
1674 491 2
2474 2542 9080
1433 2303 9286
2075 842 9651
2081 1965 9459
992 924 9176
1002 1289 9338
1142 81 9188
2029 239 9453
866 987 9962
1919 1245 9094
1429 1306 9222
893 2027 9198
766 2510 2
694 676 1
1973 759 2
2354 2656 2
1985 210 1
2147 632 9747
2640 1930 9845
2304 1217 2
10 542 2
2428 1274 2
965 2596 9180
968 308 9547
2565 1653 2
2367 2571 9722
856 2229 9962
2629 173 1
1072 2644 9405
371 2664 1
1132 2114 9058
1691 24 9104
1181 2291 1
422 2744 9269
1952 1732 9985
1793 2344 9804
327 1013 9937
1587 2596 9814
1120 1214 9863
871 1770 9990
1934 958 9991
374 886 9838
472 2286 1
1335 298 1
1421 2668 9224
1257 2071 9019
286 580 1
118 1232 9522
2520 2025 9914
1254 1196 9238
2244 2057 9305
2049 1004 1
1785 2133 9848
2541 1341 9235
1340 679 2
219 1807 9262
103 447 9855
0 1095 9326
1360 2584 2
1979 2117 9730
1510 2474 9154
2252 1004 1
150 147 9503
797 2300 9008
1641 2402 9620
1114 2619 1
2646 2319 1
66 580 2
2117 899 9519
449 90 1
948 1263 9128
285 1142 9043
2128 51 9866
1198 2520 9098
2228 1692 9600
709 314 9733
2508 664 9257
2682 2225 9113
486 1232 9503
230 1407 9723
2554 2547 9206
1472 942 2
165 1816 9413
1126 2256 2
929 863 9910
773 459 9942
2456 1438 2
20 2010 1
918 2002 9583
2409 1267 9678
1029 824 9947
206 184 9743
2163 1007 2
1431 449 1
2626 2655 9190
1648 2216 9199
785 1497 9780
2060 1417 2
1639 1033 9457
1329 2337 9210
2288 1182 9576
983 2604 9060
2590 1526 9349
2101 1034 1
2258 1013 9727
782 2622 9024
1124 336 1
1192 2510 1
1901 1669 9120
576 1253 9579
1758 1378 9459
1266 2091 9245
2673 935 1
2306 1073 1
527 1561 9075
520 301 9301
2469 364 2
2102 433 1
2324 1560 9086
2662 2160 9734
2062 949 2
1068 238 2
555 2413 1
2516 64 9869
124 606 9091
27 2048 1
2100 467 9102
1300 1559 9562
695 174 2
1608 2489 1
2437 2436 9580
2261 1330 9977
1086 2472 9592
1997 2654 9592
1468 2225 9729
1733 133 9505
154 1107 9765
1661 1218 9960
1369 294 9834
644 340 9226
1180 1560 9955
2527 1027 9670
2380 1907 9963
2033 2476 1
1480 1167 1
1917 373 9626
1109 1237 9161
1783 271 1
1307 754 9231
2149 1842 9377
2645 327 9872
1556 596 9474
1880 1843 9860
4 1213 9620
1403 2549 1
923 23 9867
2282 1120 9034
58 2547 9718
252 341 9314
2012 1793 9670
2035 737 9320
2681 1316 9021
1958 1822 9628
2082 1255 9716
511 537 9751
2607 1349 1
1528 2330 9882
1358 226 9834
721 2082 9570
1869 2590 9794
1357 1543 9613
943 1626 2
2183 401 9949
2649 2043 9606
2103 1240 9038
113 2710 9659
958 1306 9051
1802 779 9830
153 248 1
2340 1033 9746
378 2226 9095
698 1522 9553
2664 2646 1
1740 2640 9474
306 2021 9870
1839 2059 9676
156 667 1
1043 2547 9350
1914 174 1
389 1702 1
896 1133 9057
1130 267 2
577 2379 2
243 1054 9677
1397 1137 2
874 1778 2
1209 1995 2
1800 1167 2
1577 2668 9934
387 2054 2
1347 317 9071
1381 2472 9576
1131 1700 9408
307 2166 9303
248 32 2
664 2527 9478
2570 691 9983
48 1094 9988
1999 1239 9542
38 878 9040
1179 661 9543
2692 2367 9822
127 667 1
1593 608 2
2407 777 9274
1239 1075 9977
386 157 2
2513 1355 9139
864 1409 2
2521 78 2
2289 190 9369
611 2716 2
560 958 9532
2701 173 1
1885 1758 9614
764 468 9589
2704 1572 1
1646 1525 9763
1892 1723 9281
1164 1973 2
2240 1831 2
515 1469 9415
1036 1716 9512
2189 2264 9539
811 1394 9366
231 897 1
1692 64 9259
533 2295 9164
2311 1401 9566
1965 1793 9923
1119 1410 9053
2591 1423 9587
372 2582 9485
1393 1526 9036
209 521 9929
982 1167 2
2089 348 9374
281 173 2
1877 826 9033
2207 1796 9145
973 854 9499
260 1008 2
1594 1492 1
1277 2235 2
2349 966 9397
2072 51 9870
1667 1974 9115
517 2504 9599
1334 2310 9232
1069 1152 9061
941 2120 9536
1637 2618 1
1019 1120 9275
2548 1468 9776
1027 1394 9686
149 1536 9524
731 1045 9563
155 1315 9440
720 2085 9252
1719 238 2
585 794 2
1234 1073 1
894 2624 2
746 860 9767
1790 1151 9295
62 1770 9094
383 1180 9406
2316 1262 9171
862 2337 9036
67 157 1
2152 2605 9310
1781 2523 9161
2238 1910 9279
1659 472 1
1665 2278 9341
1546 2292 9648
1216 2106 2
886 2055 9621
509 85 9218
647 1532 9497
479 2060 1
947 1928 9698
1123 1991 1
2594 869 9951
606 2267 9312
2457 794 2
718 1844 2
2615 1994 2
24 1295 9528
2657 34 1
777 454 9937
1558 1662 9200
1638 22 9842
35 1591 9099
256 1638 9981
2036 902 9623
2138 226 9894
1371 2727 2
1465 2302 9034
487 1066 9903
1463 548 9317
1138 1848 9207
969 2227 9140
1061 600 9510
2659 1751 9534
1502 463 9307
2666 2640 9311
450 747 2
1536 1446 9832
304 1098 2
1565 1802 9532
963 953 9286
2056 2422 9318
2129 641 9082
939 1267 9505
2055 785 9539
1704 2160 9318
2658 22 9322
2589 782 9995
2159 1570 9276
1212 917 2
1629 219 9588
395 1687 9761
703 815 9346
237 373 9127
2201 728 9118
175 2554 9618
1748 67 2
1549 30 9175
1599 1003 2
1078 2299 9047
608 2054 2
1815 398 1
747 227 1
590 702 9933
301 2082 9624
2214 2582 9126
736 2223 1
1409 1653 1
61 2237 2
880 1064 9553
470 733 9812
987 1802 9750
1065 156 2
547 1910 9676
2564 913 9293
202 601 1
247 1503 9276
1552 272 9143
1285 1129 9812
2490 1044 9637
623 2629 2
318 2731 9789
265 1640 1
1625 1820 9594
40 1353 9408
1541 1283 9032
405 512 9840
1529 364 1
1214 757 9031
1185 1155 9169
100 2645 9961
641 1929 9747
1918 1865 2
2277 680 9221
860 533 9660
1106 758 9467
1199 1989 1
2206 647 9847
2281 2410 9828
1331 455 1
1858 2632 9478
1649 272 9068
1312 1973 2
1611 661 9995
830 1874 1
2167 436 2
1796 2437 9368
1204 155 9402
1857 931 9801
793 411 1
2517 2560 9029
682 2710 9518
369 2719 9423
582 2310 9246
2394 2661 9218
367 2197 9165
1343 2679 9612
77 2073 9964
737 529 9749
496 298 2
242 363 1
2553 1497 9048
1376 13 9193
1048 231 2
1063 976 9816
1947 1423 9197
1013 1066 9075
2105 1943 2
2514 2554 9228
56 1067 1
1420 2530 9424
1920 896 9461
836 2260 9015
1328 678 2
218 446 1
1653 2558 1
1580 1089 9764
2028 1455 9523
31 328 9700
704 1133 9887
1171 2001 9655
1562 2111 2
850 967 9117
1332 730 9950
2287 1067 1
18 1138 9289
1711 1262 9615
2675 104 9174
464 486 9648
2211 1574 9478
524 1017 9512
2560 1938 9381
2187 2558 2
1980 1066 9143
128 87 9759
2070 2197 9711
1725 904 9121
1493 564 9844
2598 447 9927
759 935 2
2224 666 2
1222 2655 9823
951 363 2
1345 2172 9500
636 1348 9042
822 1080 9221
273 1816 9135
1366 1940 9513
2551 865 9590
653 1571 9655
1809 175 9382
250 1071 9498
1974 527 9696
63 688 1
776 886 9908
603 2581 9828
553 1448 2
883 903 1
829 1595 1
1205 1068 2
715 2267 9650
1833 2217 2
2722 398 1
2303 2344 9607
1363 2329 9799
645 2539 9275
1217 2565 1
1382 1571 9777
2396 270 9891
1797 451 9657
1690 215 9484
2192 452 9044
1230 613 2
64 2265 9961
671 2281 9193
1052 2436 9765
1765 963 9526
1461 701 9601
1009 2159 9532
1320 1246 9514
2503 630 9664
1568 111 9429
988 1251 1
1097 893 9617
1729 2243 2
468 1066 9504
810 292 9809
2593 2647 2
1535 1700 9410
1165 1935 2
2566 1163 9951
1378 706 9929
1321 2241 2
1967 2554 9582
2181 977 9824
916 1991 1
269 2042 9181
812 2021 9466
2131 920 9479
1680 2151 9739
8 1620 2
1398 1429 9583
1494 2182 9805
2248 1976 9356
2090 1258 1
1486 1793 9307
205 1039 9481
1713 2523 9665
1688 1379 9623
2125 1232 9934
2696 1791 9331
2703 2247 9605
2084 2143 9985
977 2562 9797
596 824 9571
1787 600 9986
1413 1896 9090
2363 1135 9589
2400 337 2
2611 2266 9830
2630 975 9411
668 797 9566
2442 2403 9899
1823 678 2
311 2286 2
1960 1169 9026
1884 196 9733
1456 1931 9892
2193 1838 9237
913 1010 9537
22 2310 9812
457 1846 9696
1149 1821 9890
2140 328 9644
1791 2406 9967
326 2313 9050
291 171 9041
607 1981 9931
1267 162 9357
382 1857 9592
1909 1466 2
545 301 9338
462 2736 9078
2577 1334 9786
1668 1105 9699
2402 2199 9219
1755 454 9282
1448 2629 2
2391 2730 2
1709 1938 9716
1295 1096 9027
1763 856 9675
683 726 1
1795 623 2
1416 2011 9225
1190 1253 9763
262 1316 9035
341 2658 9592
2717 1917 9106
1860 2317 9827
1523 555 1
1995 2068 1
2260 1213 9579
2015 2292 9876
1550 1123 1
1916 1230 1
2025 158 9387
1344 840 9700
1490 1376 9837
1151 2282 9408
2438 521 9187
2699 194 9381
193 1626 2
140 721 9748
1702 2062 1
2054 173 2
2251 2315 9798
1003 2237 2
2215 1375 9189
2171 2408 9699
146 1345 9298
2052 1013 9150
961 754 9973
2078 1587 9568
981 1010 9087
2329 2344 9687
1746 773 9196
1041 2167 1
1566 1582 9734
716 2150 9506
2522 400 9124
1090 1862 2
1520 2439 9174
1015 2705 9258
1987 1715 2
396 2052 9295
506 575 9257
1400 706 9134
2736 2381 9148
2618 678 2
80 1018 9989
335 417 9923
1044 2682 9722
1103 10 2
1818 1493 9710
1812 899 9680
1769 1049 9153
2384 2369 9188
2495 2695 9849
2532 2138 9105
2216 1822 9603
1191 1773 9491
700 2674 1
1994 89 1
889 715 9867
837 2237 1
2449 2097 9930
324 1183 1
2652 1262 9551
1876 1306 9782
2097 1129 9745
2107 213 9200
106 92 1
660 330 9566
1768 596 9097
1602 1572 1
1412 2313 9987
34 2241 1
2385 2084 9635
1643 683 1
966 1840 9042
2739 1150 9007
1025 1129 9676
2631 863 9837
439 678 2
1893 1457 9321
1252 684 9596
1703 1147 9284
365 343 9384
25 2656 1
192 1161 9619
1933 853 9281
1524 348 9690
1634 33 9958
2378 562 9695
2196 346 9988
1390 1144 9451
2671 500 1
2205 646 9004
996 450 1
2518 865 9151
1503 2225 9825
2096 1793 9388
2670 1774 9025
416 454 9459
1907 670 9360
1098 2099 2
1170 1709 9749
263 2047 9346
2506 1037 9451
633 2186 9744
2021 422 9740
288 954 9554
2020 1541 9102
1049 795 9111
1193 1043 9475
2199 661 9904
1732 51 9891
336 227 1
2619 387 1
257 828 9061
1426 794 1
2731 1392 9074
774 1298 1
1789 1003 1
244 2069 9752
1481 2632 9483
1737 60 9509
2612 2535 1
558 802 9105
2132 73 9129
2069 1104 9729
1220 1653 1
1996 2082 9451
2727 686 2
1757 11 2
469 1957 9035
513 1446 9233
1011 690 1
601 2319 1
2123 1912 9760
1235 2649 9445
2314 1672 9903
474 2710 9492
1699 348 9444
2337 1296 9435
557 1739 2
2552 2555 9844
2383 1528 9985
2160 1322 9742
882 1716 9961
727 35 9785
2 2700 1
261 2197 9239
1636 506 9703
2592 81 9906
411 1739 2
2557 740 2
1863 1253 9158
2226 828 9915
2499 577 2
2667 2134 9373
945 1659 2
1364 1255 9282
1822 763 9872
475 1096 9925
2366 2037 9954
1559 1482 9730
2323 680 9104
1726 1910 9785
210 79 2
565 2701 1
1773 1262 9349
1805 2237 1
2309 383 9364
1218 1788 9308
2460 866 9920
347 94 9088
2478 1721 1
1854 530 9053
1380 258 9399
294 1296 9618
2313 422 9055
1082 2474 9744
803 2337 9584
1389 1013 9057
1886 308 9103
1125 1354 9422
1560 2581 9414
2042 1468 9099
1865 2062 2
583 373 9811
563 2727 1
1462 1739 2
712 2112 2
1255 802 9826
2492 2730 1
2463 2440 9951
342 1026 2
164 2668 9456
1372 1128 2
277 1455 9121
2326 1256 9665
52 602 9945
2740 1034 2
820 210 1
2013 2510 1
588 224 1
851 1025 9767
522 2330 9504
1296 1129 9920
42 854 9915
1585 2003 9183
2059 264 9581
2624 2068 1
403 1557 9346
55 1206 2
204 465 9174
2447 2487 1
2595 2644 9965
2219 2293 9115
2285 950 2
2480 2538 9744
1905 1533 2
2030 1457 9033
2501 983 9518
833 175 9108
1770 1850 9506
1316 1071 9212
1112 1078 9633
2259 958 9104
2011 1506 9849
2182 2019 9338
798 617 9651
76 1620 1
1348 468 9382
786 903 2
1772 2248 9251
2690 2296 9856
2229 1768 9219
1319 1426 2
952 521 9705
1374 2427 9786
853 1147 9610
2706 2576 9398
1574 294 9856
315 183 9392
1700 1485 9764
1545 1352 9913
2158 2161 9936
632 51 9501
1656 53 9070
1395 1837 9142
303 1018 9759
1662 2295 9515
1902 2510 1
2458 2584 2
758 1992 9305
402 2567 9922
489 1574 9344
232 272 9821
357 1275 9285
1497 1720 9790
1610 1970 9653
915 1025 9145
976 2406 9648
2491 2668 9686
2254 358 2
1613 2199 9234
2073 1106 9239
675 785 9808
725 1773 9910
138 1026 2
991 353 9345
1064 828 9991
1105 372 9443
1775 1398 9796
1026 157 2
2236 2588 9553
1175 500 1
1489 1980 9820
1505 1971 1
1059 334 1
1054 779 9842
1712 69 1
46 1930 9528
849 2395 9676
1607 2657 2
2109 676 1
1807 1394 9052
2374 1153 2
88 630 9492
1959 848 9654
2718 1711 9855
2555 1157 9300
1564 688 1
1272 1572 1
1276 2299 9050
1146 714 9970
2318 822 9542
86 2237 1
2283 2407 9079
1915 1098 2
1929 1200 9227
2016 245 9041
1122 975 9642
2476 666 2
2173 856 9995
1819 2304 1
102 2108 9888
1422 67 2
89 1277 1
2571 1843 9891
397 1601 9996
2381 245 9500
343 1860 9753
543 1063 9668
70 1527 9701
45 2471 9437
1518 2468 9757
891 2031 9413
778 2111 2
967 2547 9086
1336 2409 9405
542 759 2
400 64 9310
2278 963 9421
110 2428 2
2401 734 9946
652 1930 9071
1618 2162 9605
2509 2225 9466
2344 422 9302
442 904 9785
2095 2744 9531
2420 2066 9493
2247 2571 9771
99 1906 1
2345 297 9040
834 1537 2
51 2073 9301
1356 116 9928
1759 966 9221
1573 2069 9013
964 1362 9494
1488 604 9226
2470 401 9697
292 2125 9587
2697 2344 9632
997 1004 2
2481 2622 9326
1554 334 1
2419 2436 9229
1928 1635 9983
1182 2227 9912
593 529 9132
899 1155 9618
2674 1233 2
1107 2069 9381
111 2310 9708
2121 2542 9871
2227 454 9752
2110 77 9687
1309 1591 9539
790 1500 9659
1213 2581 9636
1458 2117 9073
1437 2108 9221
429 2537 2
781 2576 9628
2235 2319 1
2748 2647 1
2423 2213 9403
122 838 9358
2262 1488 9515
368 2194 9145
1473 225 9214
658 599 9449
950 1167 1
2504 1898 9425
344 2296 9105
1445 383 9664
1751 1848 9831
507 98 9297
2735 1425 1
589 705 1
1808 2245 9974
591 1662 9040
911 986 2
1695 1539 9841
554 2093 9437
2194 1946 9453
574 1546 9335
1531 1565 9014
805 2680 9704
2610 562 9694
451 1347 9263
2462 621 9532
649 1834 9492
1128 387 1
65 882 9957
1243 2356 9767
656 2664 1
863 2118 9690
452 1200 9789
352 1417 1
1471 1887 9149
1443 2523 9475
1864 205 9750
1325 1401 9082
2068 1167 1
1669 670 9221
845 1874 2
530 1842 9974
1621 696 9462
1391 2479 9436
1464 720 9400
536 48 9380
16 2625 9879
412 1361 9787
71 889 9304
1512 212 9096
201 1974 9507
1303 773 9147
669 2177 9839
1548 1074 9528
41 741 9019
578 1145 2
2327 2623 9552
74 1508 9708
125 210 1
2047 223 9413
1299 157 2
2716 2054 2
466 2316 9466
431 1122 9003
2536 943 2
2734 2596 9053
744 2356 9122
212 1473 9184
36 1890 9032
2496 1996 9774
2579 1754 2
1954 1583 9858
1183 1405 1
933 1308 1
1806 2149 9785
1237 394 9710
1992 2581 9225
742 1047 9231
2008 1075 9099
1483 1078 9189
970 971 2
1891 848 9076
2246 958 9064
351 2005 9385
2601 2675 9904
2360 1788 9571
82 2731 9112
2669 1938 9713
1242 982 1
2507 1089 9778
1260 815 9497
1683 1029 9043
2416 865 9252
2441 1756 9684
1150 2529 9585
109 2315 9271
1338 2623 9434
105 2086 9800
1766 632 9527
488 976 9072
566 1027 9822
2665 2344 9524
1834 422 9322
2347 1583 9478
216 179 9952
2482 513 9009
648 935 2
2559 80 9815
1263 1369 9667
2398 1377 1
1972 2404 9005
2172 2147 9015
478 2165 9760
1386 2121 9355
2063 1503 9855
637 1020 9602
598 1440 9518
144 1518 9605
2445 489 9623
1714 2166 9657
217 2083 9315
1614 1337 9667
1341 2682 9525
319 2529 9895
2700 2049 1
463 2067 9402
1673 998 9536
1058 96 9942
1753 2108 9810
198 785 9103
1353 1840 9935
2730 310 2
1685 613 1
1020 1276 9211
2393 2551 9401
1946 1945 9446
2465 212 9784
1706 2487 1
771 1682 9272
1663 317 9477
938 2729 1
2130 1852 1
1694 79 2
1219 1273 2
702 995 9436
2636 2596 9042
2466 2422 9975
1474 35 9788
1600 2702 2
1816 1584 9708
1362 2513 9499
1627 870 2
495 2012 9323
448 1858 9133
2679 2165 9522
841 1962 9261
1324 462 9955
1935 525 1
2223 92 2
2454 1468 9795
2127 856 9431
541 2522 9286
2204 169 9893
2502 2451 1
2379 1564 1
2668 2714 9701
879 779 9363
1233 2413 2
1399 1860 9875
482 225 9683
616 1468 9654
597 1842 9808
646 1457 9721
620 1956 9772
272 596 9822
2242 1998 1
1040 2421 9912
1601 2597 9599
161 2133 9066
182 1695 9859
2164 1191 9512
1741 334 1
1460 1910 9173
1723 2588 9132
650 142 9207
2170 1468 9295
2399 1965 9418
1609 1247 9832
1293 1089 9614
587 2584 1
599 2238 9114
1401 1726 9738
2464 525 2
2339 146 9601
1584 665 9585
141 1274 2
618 1428 9723
2623 1346 9562
784 1082 9319
2099 1973 2
1475 2624 1
1067 2286 1
904 48 9201
559 1049 9930
1157 2415 9810
1469 1133 9255
1514 2069 9831
1028 520 9052
1359 1291 9362
1074 1565 9773
358 1124 2
1203 174 2
905 2062 2
832 150 9616
1912 278 9523
687 1831 1
2372 2337 9823
1053 17 9345
1525 2225 9334
2268 2317 9679
1261 1549 9485
1323 1907 9480
1253 2292 9290
415 967 9426
241 286 1
1470 576 9503
2596 806 9328
363 1230 2
39 1718 9736
116 1647 9726
2738 1549 9853
2351 2403 9782
684 314 9101
2688 2129 9611
1247 2025 9969
2461 2408 9205
1314 1057 2
2414 1227 9135
1728 1109 9250
325 1774 9159
1392 486 9135
2232 1766 9701
2544 1803 9987
2369 582 9170
426 476 9518
1813 1032 9404
2397 17 9562
2661 1587 9112
1251 1167 2
1895 2182 9278
1010 198 9475
424 383 9771
1352 484 9896
1652 1407 9486
1287 465 9921
960 1662 9517
741 526 9331
1111 405 9892
1664 434 9204
26 54 9717
428 1802 9595
887 1018 9314
655 2056 9187
183 1696 9856
1134 950 1
1873 1381 9830
1774 810 9952
1533 1205 2
2267 2554 9411
322 992 9099
1104 1354 9040
253 2330 9339
546 422 9357
610 903 2
2191 2578 2
2234 509 9716
1187 1605 1
1139 542 1
1727 1345 9250
2333 1125 9062
1265 1126 1
2489 1523 2
942 1991 2
1223 2360 9357
2733 350 1
819 392 1
1037 2366 9479
176 1467 1
331 416 9055
1824 1186 9468
1828 316 9389
112 1679 9374
613 2646 1
2200 1216 2
2523 621 9834
2272 759 1
1721 1739 1
59 475 9394
2137 1684 1
2048 794 1
485 1139 2
561 2231 2
979 2281 9877
1801 2538 9247
540 2405 9973
2213 2393 9355
1955 382 9559
1761 967 9280
2293 2303 9510
627 2199 9278
839 2710 9592
519 2644 9043
2371 1298 2
491 1328 1
299 1560 9435
1071 327 9557
2647 1360 1
2280 202 1
910 854 9226
2026 2634 2
95 2546 9698
2179 1950 9729
143 10 1
1705 129 1
1836 2051 1
354 798 9076
2265 1560 9043
817 326 9854
1466 1233 1
1921 2224 2
1684 2741 2
2403 869 9905
1696 1255 9357
1883 777 9961
1950 955 9750
2295 314 9209
1888 742 9339
1507 1841 9259
78 1233 1
133 2265 9615
753 969 9645
1847 2645 9834
1961 2507 9962
972 1517 9413
2119 47 9980
44 496 1
459 562 9546
1951 1595 2
1590 1448 2
249 193 1
1670 947 9412
274 988 2
2328 389 1
2417 17 9596
2413 500 1
2093 2162 9456
1129 2108 9186
1569 818 9046
81 1938 9191
1288 822 9740
1259 399 9667
708 1295 9611
1826 2543 9828
1172 92 1
1156 1949 9940
1089 1129 9264
2542 422 9840
861 243 9487
189 408 1
1075 2366 9403
334 949 1
762 726 2
190 954 9338
944 554 9878
2707 1624 9584
2443 1346 9198
1229 2286 1
2602 2013 2
2510 580 1
477 2514 9266
609 1923 9622
200 196 9170
909 2697 9417
185 1568 9504
85 217 9569
1006 2507 9534
2660 243 9955
1017 2146 9748
857 1339 1
926 2001 9061
214 758 9858
602 2654 9133
1681 784 9926
360 1134 1
1517 1306 9930
2625 2654 9299
2002 1787 9154
1083 838 9525
808 1356 9235
1977 301 9222
990 2120 9701
755 2199 9720
2711 2018 9555
592 1472 1
142 1992 9628
1453 188 9164
1583 73 9246
1837 1376 9360
526 2072 9250
1715 1342 1
215 1238 9108
998 2471 9457
94 998 9988
1451 986 1
1821 190 9976
2687 795 9316
392 1572 2
1286 2623 9568
1986 1405 2
1274 2558 2
2169 1087 9011
2116 754 9110
173 678 2
1519 176 1
1936 892 2
521 1876 9385
2061 2570 9822
2368 625 1
801 7 9284
223 1875 9218
2487 1862 2
236 2547 9786
772 2302 9162
1803 454 9931
23 40 9626
435 309 9270
626 683 1
674 548 9322
1604 701 9497
2319 1572 1
267 1342 2
2651 785 9796
2422 422 9075
211 1208 9519
408 2730 1
1428 1276 9026
1298 1572 2
2209 1572 2
2540 32 2
2693 2403 9254
1268 915 9305
15 784 9163
1354 1842 9613
501 1052 9504
787 1862 2
1306 1720 9188
1402 2022 1
2448 1159 9411
2694 2347 9285
2019 30 9699
293 1404 9311
1647 486 9281
1937 530 9643
1640 2657 2
380 2510 1
456 2652 9707
2231 90 2
2000 284 2
745 171 9317
629 389 2
1081 793 1
2039 674 9937
2074 2413 1
651 2030 9462
2141 2591 9818
208 1060 9753
1045 2089 9692
1969 1382 9809
2126 1557 9436
1346 1996 9726
573 1560 9761
868 726 2
1281 1331 1
2583 436 1
1861 740 1
2356 1160 9846
1249 1994 1
2237 1874 2
1743 2149 9934
1289 82 9900
1717 1626 2
2239 1176 2
196 468 9959
2046 2507 9320
722 2624 1
2067 2389 9240
147 967 9593
884 813 9326
763 82 9406
1070 1057 2
1457 976 9385
993 2162 9985
1966 522 9414
539 1572 1
2276 422 9934
2275 1934 9964
1231 2241 1
356 469 9826
1000 512 9337
199 2328 1
337 2702 2
531 1799 2
2269 1923 9415
1188 2395 9855
2066 1356 9999
569 654 9131
418 461 9391
690 2536 2
1575 2108 9360
930 2321 9748
564 2199 9159
1349 1984 2
381 2151 9277
888 715 9384
2162 1980 9435
1617 1296 9315
1572 1175 1
135 63 2
978 1459 9994
1238 706 9257
1318 324 2
946 704 9118
872 461 9153
535 789 9905
1631 306 9391
264 2360 9231
922 1539 9376
1384 920 9949
788 1743 9364
197 1238 9902
2588 2554 9328
1215 1253 9371
1085 2652 9225
1273 1008 1
2455 1492 1
170 2166 9618
1679 2470 9261
2241 392 2
348 2509 9219
1077 190 10000
2142 720 9158
460 176 1
1557 476 9583
2210 2590 9999
1682 2623 9373
1361 1066 9574
465 148 9209
1116 400 9537
1672 890 9607
927 2319 2
760 2281 9025
2621 1626 2
1147 1437 9788
1840 2310 9761
804 2363 9243
750 631 9048
2310 828 9089
1931 1612 9320
1408 336 1
239 2329 9643
1240 979 9204
2315 1150 9096
120 2168 9196
1143 948 9291
12 1365 9608
362 1460 9000
1155 1843 9199
1850 2402 9316
329 817 9807
2500 1969 9461
2168 2225 9099
1866 702 9950
954 422 9364
420 1591 9640
1232 2581 9259
2301 75 9984
2580 1527 9395
858 1947 9190
2175 2567 9843
1942 1301 9372
2031 1944 9324
2359 759 1
2135 1542 9994
187 1118 2
1308 1367 1
171 1213 9791
1504 1072 9614
2136 2712 2
1084 2663 9691
169 2172 9288
2151 2725 9000
928 1252 9156
1202 1270 9619
1878 1971 2
323 2316 9302
1136 2241 2
2427 2622 9853
2197 1066 9894
867 364 2
2597 2179 9168
518 1779 9042
50 2324 9000
1225 2067 9447
2018 80 9742
1940 1669 9781
1855 2480 9002
1133 73 9540
1066 2542 9814
2317 299 9187
1452 1944 9339
931 2295 9540
349 752 2
2525 353 9616
552 1581 9880
985 2274 9448
1383 2302 9078
1092 984 9477
1747 42 9640
800 7 9387
2450 291 9156
528 582 9494
2543 1843 9410
1671 1119 9698
1831 1187 1
2115 2717 9261
2389 486 9288
1971 1595 2
757 661 9706
483 1892 9668
672 1748 2
1227 806 9838
2471 1460 9204
2250 2744 9765
69 1626 2
2453 1788 9473
2685 2166 9950
443 482 9745
1654 1640 1
1162 2265 9226
1099 1947 9303
2085 2006 9674
2108 1720 9725
847 1100 9085
1642 227 2
258 2120 9418
2338 2184 9858
1491 1897 9051
2686 659 9091
2742 2284 9483
2534 2576 9723
320 1847 9349
1814 1405 1
1522 1443 9550
92 2241 1
2721 335 9346
2606 1027 9377
419 833 9613
2743 1947 9754
806 2422 9028
224 1396 1
2292 2452 9154
2750 2184 9220
1118 34 1
2352 194 9477
436 2062 1
152 733 9961
1841 38 9324
245 22 9030
227 1874 1
1925 2364 9720
1592 1329 9142
361 116 9694
2425 900 9818
297 1013 9285
2547 1306 9413
2634 2022 1
635 1330 9862
2710 2553 9190
1596 2071 9892
1441 1849 1
47 2073 9163
1830 1683 9116
2080 489 9414
995 1875 9769
255 1435 9298
2617 1401 9697
529 975 9117
1870 336 2
1148 699 9480
2512 2198 9465
1415 2302 9992
794 542 1
1270 1125 9898
458 2398 2
1290 216 9587
1998 2584 2
688 500 2
2279 975 9993
2627 2376 9631
676 2235 1
2719 178 9788
1745 991 9490
137 779 9736
659 2744 9772
2695 1334 9519
2088 2147 9957
661 1992 9845
19 1011 1
139 337 2
1449 1942 9998
1184 140 9242
194 2381 9249
508 1857 9104
2009 665 9951
783 2120 9278
752 2537 1
873 1518 9588
330 2086 9319
295 386 2
544 729 9509
2355 2436 9895
686 2068 2
779 422 9281
338 1842 9349
1628 2272 2
225 314 9173
1404 1876 9131
624 1591 9902
1991 759 2
957 2597 9376
594 329 9983
1282 190 9901
2546 1010 9346
471 1379 9829
1208 2015 9582
271 227 1
612 66 2
1862 1409 1
2650 141 1
1852 1823 2
2007 2575 9949
1196 1856 9111
816 148 9438
163 896 9870
2430 1737 9260
994 534 9000
2217 1553 1
729 2227 9505
895 2547 9943
1278 1571 9298
1245 1967 9431
7 697 9015
1922 2149 9978
1427 505 9211
1479 1247 9935
2616 1164 2
1042 791 9216
145 163 9474
692 2184 9963
1050 1110 2
1056 498 9201
2712 389 1
1110 974 2
1047 533 9877
1430 1559 9970
1 429 1
2486 2701 1
902 1961 9343
556 1803 9208
359 2740 1
1903 1432 9867
1626 1123 2
761 375 2
126 346 9263
1442 1077 9096
2112 2241 1
1008 78 1
1032 327 9178
2071 880 9215
575 1793 9909
1948 960 9119
186 824 9784
2166 296 9132
310 1139 2
79 363 1
854 2520 9290
1953 1711 9067
2451 458 2
1021 674 9877
438 1571 9512
2726 461 9613
2266 2454 9334
1561 142 9491
366 1938 9593
1848 1539 9913
2343 905 1
2444 2481 9480
2174 1658 9579
1988 1692 9638
1786 2594 9925
1477 1434 9122
1941 2111 2
2124 1220 1
379 2269 9425
191 1030 9462
2145 741 9693
1567 2654 9289
1095 886 9216
1177 2323 9871
2386 1076 9152
2094 2108 9376
2586 310 2
875 462 9687
1829 2654 9923
2620 871 9117
1660 2295 9986
1410 2606 9847
1750 2469 2
838 1503 9532
1983 2184 9078
1754 174 2
1708 758 9797
57 2077 9346
1645 2086 9310
1843 2021 9685
1771 314 9373
768 800 9055
2744 1720 9294
1701 2084 9612
2436 196 9825
691 1080 9352
1467 688 2
1810 1261 9553
1379 1895 9669
2150 1460 9718
1543 866 9444
1062 606 9990
246 1080 9350
2563 2250 9555
1141 1011 1
1101 1399 9346
735 1083 9683
846 762 2
1845 1133 9596
2432 1932 9008
446 2054 2
350 2068 2
1115 950 2
33 659 9600
2705 734 9502
654 1947 9069
1724 48 9086
890 158 9832
97 2227 9123
935 1572 1
1211 1777 2
1337 1066 9818
1322 684 9390
166 972 9331
240 2695 9406
314 1066 9733
534 2402 9159
32 1874 2
1849 938 2
1835 596 9958
1989 1684 2
1990 66 1
619 1665 9569
1195 1917 9611
188 2588 9930
898 1326 2
1236 2354 2
1080 1106 9424
2656 1564 2
1241 88 9055
665 1148 9348
1984 1991 2
1943 92 1
432 2038 9974
617 954 9641
1023 2685 9595
302 290 2
525 386 2
711 848 9551
1657 2389 9529
2058 2066 9959
1014 903 2
756 1992 9649
2643 2582 9316
278 1080 9307
1419 1755 9714
813 699 9935
584 1829 9517
1735 1043 9305
765 1574 9444
394 75 9934
1454 505 9695
1031 714 9821
1838 1497 9499
1197 2731 9686
2440 1474 9106
580 1605 2
467 1886 9704
971 1572 2
2431 2418 1
480 1243 9889
167 1898 9234
2655 2553 9340
1630 691 9460
2010 78 2
621 1089 9292
512 1013 9024
1798 1013 9564
107 1142 9570
1844 2241 1
2698 334 2
1411 627 9776
1073 1220 2
689 2695 9547
510 661 9671
1851 2029 9944
1776 2138 9867
1018 2001 9630
1508 1227 9868
1650 1971 2
1160 2324 9105
2336 1148 9222
1333 2553 9089
2741 688 2
2320 654 9636
1414 308 9914
1707 2163 2
550 2548 9566
679 157 1
1189 2352 9018
1736 1089 9320
2184 2313 9218
2006 963 9080
2120 1129 9753
1792 1635 9904
1871 171 9865
195 1332 9115
1388 1725 9192
1435 186 9870
2653 2106 1
377 1026 2
1968 2646 1
226 2303 9544
2271 1213 9472
657 2735 1
2732 1928 9189
595 157 2
2567 529 9300
936 1261 9316
1788 546 9442
919 1065 2
906 1947 9542
2230 2444 9582
2530 1423 9157
2578 1073 1
2312 1401 9052
2092 1995 2
614 2503 9524
2180 2037 9694
733 734 9668
2027 684 9865
2286 950 1
1159 745 9660
410 303 9080
1200 1334 9389
2156 54 9948
1094 2436 9245
93 1334 9549
680 659 9979
157 1717 1
1976 1262 9004
427 546 9050
2680 2682 9786
1760 2495 9733
1832 797 9042
571 839 9949
2556 1680 9681
1262 2547 9036
532 1443 9872
667 1777 1
826 584 9345
1581 2193 9167
1698 1829 9483
417 1910 9604
831 1799 1
21 245 9860
2243 1339 2
1939 2 2
568 1604 9182
221 52 9327
537 1565 9382
2218 2458 1
2479 729 9872
1896 1837 9836
1930 1356 9423
2424 120 9940
317 2623 9723
959 2183 9216
312 755 9770
2001 1788 9467
1804 786 2
2622 967 9410
2291 160 2
2390 2260 9194
321 2582 9983
2185 976 9873
1326 1134 1
870 1870 2
1513 1036 9165
2270 251 9737
2023 299 9772
266 2685 9286
1459 1279 9541
2678 30 9235
1087 1843 9520
2468 940 9278
549 246 9649
1738 668 9493
1250 674 9219
2635 48 9168
1944 178 9833
2038 169 9823
1001 573 9930
2604 1686 9224
1304 159 1
789 2290 9320
1355 2037 9144
413 1548 9782
1154 479 2
498 2181 9425
184 730 9618
1615 2111 2
1432 1766 9337
2572 1815 2
1563 1195 9395
903 1277 1
1224 318 9708
1079 1255 9221
2497 1082 9309
1635 899 9780
2749 871 9352
678 935 1
2600 2636 9116
1088 1148 9656
1693 384 9277
2212 1450 1
1811 1832 9272
129 2704 1
1742 1891 9396
2511 849 9303
1500 2317 9710
699 1788 9748
445 1455 9898
2079 2560 9856
434 1075 9891
1506 2310 9460
1890 343 9942
2642 1336 9082
2041 2684 2
2195 1390 10000
2581 2547 9182
355 729 9843
1588 1438 1
2065 1122 9606
2245 1022 9058
2524 526 9538
791 1460 9428
2648 806 9419
2256 1684 2
2133 977 9932
2459 1574 9419
235 1710 9145
1350 2351 9383
316 476 9974
2434 1293 9619
2684 2054 2
719 1838 9086
2747 390 2
842 1541 9444
1434 1481 9738
1271 33 9102
414 101 2
1527 779 9036
1016 1513 9162
1749 1721 1
2064 736 2
1039 94 9951
268 1543 9343
270 2323 9571
2122 600 9141
2331 1332 9281
430 1594 2
2299 1420 9767
1327 2553 9403
115 623 2
2528 876 9058
473 1408 1
1438 231 1
1910 596 9582
11 774 1
1127 1047 9470
2003 50 9873
1051 779 9469
523 1738 9164
2568 1498 9339
2302 22 9212
814 834 1
421 609 9874
346 2057 9834
2483 1751 9680
2057 2313 9952
1904 1739 2
9 1798 9675
770 2379 2
1492 1233 2
1178 1173 1
1173 2540 2
1060 1565 9892
494 2507 9971
1571 1267 9846
1034 92 2
1975 1537 2
2745 2537 2
706 2072 9625
339 1898 9306
1370 463 9468
1853 2697 9780
1007 1564 1
638 338 9563
101 837 1
1394 1699 9380
925 2701 1
1978 2323 9409
2574 1489 9798
177 2082 9357
2225 2265 9538
132 1786 9013
2632 1500 9208
1144 893 9841
1509 2504 9513
1526 1816 9497
1516 599 9209
2628 1084 9544
1623 1293 9035
53 2604 9437
2284 2402 9419
1100 2507 9448
259 2108 9093
622 1177 9089
37 582 9012
2683 659 9147
2411 2160 9291
84 1051 9160
748 2148 2
1135 1586 9528
865 1460 9272
949 1175 1
1900 2423 9005
2545 1407 9402
625 1360 2
2350 2109 1
1677 327 9793
2198 1923 9609
2639 764 9175
1368 1574 9748
1624 2409 9225
160 2223 2
586 1429 9234
447 1432 9050
2737 1409 2
1767 2495 9229
2322 2162 9657
114 2036 9127
2005 709 9810
666 759 2
174 982 1
1102 2303 9007
1436 666 2
2134 1952 9787
1167 1874 2
1981 2641 9417
2111 2584 2
309 1858 9748
1924 298 2
2155 1880 9708
807 151 9820
1762 2352 9886
639 768 9931
579 1937 9314
818 931 9740
2335 2395 9311
2477 215 9301
2373 2088 9833
2537 648 1
2050 1348 9458
108 2199 9817
1244 319 9088
1377 1496 1
714 1756 9963
1292 7 9276
1764 2403 9437
1246 1072 9150
921 2178 9892
2165 190 9513
732 1224 9859
1140 326 9582
1578 2578 2
1744 1534 2
1752 2655 9485
2106 2188 1
2139 2529 9910
1927 2629 2
956 1175 1
707 1354 9379
685 90 2
2325 2558 2
1501 382 9305
1385 2576 9141
1284 1280 9347
1817 1284 9504
2083 1992 9744
2728 271 1
693 1519 1
1605 678 1
499 2037 9563
1280 2591 9669
1275 395 9070
1113 2646 1
2362 544 9792
1956 1890 9377
1375 54 9397
2498 2709 9730
28 181 2
2118 462 9552
2415 37 9241
1365 1106 9830
840 2003 9632
795 1129 9893
1612 1125 9399
2562 2581 9824
2561 1088 9377
2146 2682 9434
1632 1856 9725
2113 2518 9871
1779 886 9034
1484 1723 9757
640 864 2
98 1580 9623
1718 2172 9349
2585 2725 9323
2418 1098 2
162 468 9829
780 1798 9275
1387 2594 9722
2051 676 2
2053 2634 2
1666 2113 9424
203 971 1
1542 158 9001
878 701 9408
1417 628 1
562 1770 9330
1894 686 2
932 178 9314
158 2547 9513
2505 1104 9018
1949 802 9614
2526 1942 9208
2321 64 9612
1373 1518 9058
1302 2301 9560
2723 1139 1
1482 346 9132
1330 2651 9042
1317 1553 1
2346 1055 1
502 2160 9803
17 2011 9542
406 0 9494
2364 1711 9196
897 2741 1
481 2515 9857
1586 1150 9288
455 1068 2
117 2335 9269
662 77 9324
514 1364 9323
734 1980 9351
251 399 9693
1091 1041 1
581 2313 9395
2154 294 9858
1186 763 9974
2714 758 9647
393 2488 9053
900 597 9112
1957 1293 9324
328 476 9600
1248 1795 2
1455 1088 9483
131 311 1
1932 2731 9149
2446 2513 9555
751 1845 9874
300 2276 9447
461 94 9382
280 1938 9105
2515 1066 9239
409 2645 9853
476 1400 9247
275 2434 9552
2298 2554 9665
1498 851 9778
333 1551 9730
168 2147 9047
284 2237 2
2308 2492 1
1846 1822 9520
1207 720 9854
1283 2117 9881
289 1555 1
2575 1601 9911
2249 2100 9914
844 1346 9758
276 2049 1
490 712 1
855 1962 9361
233 571 9192
2332 391 9549
1595 1653 1
2539 2303 9660
54 2027 9897
924 900 9622
2104 455 2
940 486 9186
2043 194 9294
1675 319 9679
2161 434 9749
908 911 2
2493 1274 2
407 866 9869
2550 1194 2
484 178 9645
1730 964 9723
2405 1591 9994
2531 2308 2
1163 257 9235
1606 287 9383
570 1668 9149
1166 1396 2
68 487 9372
681 862 9861
2024 1879 1
2677 1553 1
1024 1908 9561
1993 824 9187
1970 190 9105
2190 80 9356
2334 1071 9441
2077 1802 9250
1418 2111 1
2365 692 9252
75 854 9415
1923 2258 9127
2637 2198 9329
1137 1073 2
2406 2542 9938
159 613 1
440 927 2
2263 1945 9887
738 1394 9287
123 573 9638
1158 949 2
1622 1172 1
551 1962 9453
2202 1792 9079
1579 2341 9264
1485 326 9894
453 1376 9251
1731 1118 1
49 1961 9915
2307 1248 1
375 1026 1
1256 2196 9892
2702 759 2
825 940 9110
912 358 2
934 358 1
989 1222 9118
2091 730 9352
802 2021 9507
1633 1873 9038
821 437 9401
2044 2470 9841
2034 997 2
2222 1051 9569
2395 1834 9742
43 2426 1
2377 2179 9196
279 537 9302
2529 1497 9339
340 2562 9353
1294 1063 9928
437 2393 9376
370 911 1
852 1138 9341
2725 417 9369
151 813 9433
2676 819 2
2484 908 2
1145 1134 2
90 539 2
1291 2623 9304
2387 886 9446
1842 2714 9123
2488 2260 9909
728 482 9393
2220 697 9875
1206 141 1
1313 1239 9428
724 1458 9202
1887 1356 9457
1739 1626 2
2221 1115 2
1035 1 1
1117 445 9507
13 802 9148
2603 1163 9878
767 2152 9819
828 1306 9600
1926 2551 9986
2467 1246 9645
1476 1496 2
1447 2571 9247
2452 779 9419
3 2026 2
504 1904 1
1339 1685 1
1407 2072 9593
2672 1773 9697
148 64 9264
739 2066 9328
885 48 9637
1305 575 9687
1722 2740 1
2709 1401 9090
2296 1539 9045
749 2309 9440
130 906 9685
1174 2686 9900
2382 528 9142
2689 1440 9932
1521 1980 9303
2032 94 9411
1897 1979 9664
2485 613 1
1351 1770 9204
2410 1200 9071
1396 956 2
213 2100 9093
937 2458 2
1076 2562 9263
953 158 9522
391 1498 9179
1022 1344 9822
1258 2558 2
604 1840 9094
901 1229 2
73 680 9009
835 2725 9812
