99 97 1
37 2 9904
45 87 9948
33 66 9821
41 2 9842
25 84 9474
57 91 9941
74 52 2
28 44 9090
32 78 2
77 27 9782
0 60 9753
30 22 9427
97 3 9298
69 11 9870
43 62 9073
85 2 9209
11 20 9997
36 78 2
59 2 9777
86 40 9771
58 51 9364
8 80 9511
40 69 9338
21 69 9807
7 60 9973
9 12 9527
93 96 9946
4 93 9688
67 55 9618
88 66 9792
24 86 9773
2 49 9366
6 18 9482
48 91 9905
35 50 9052
17 56 9430
72 98 9428
54 41 9389
95 46 9766
14 1 9249
29 26 9413
64 55 9135
87 2 9977
66 4 9358
38 22 9384
39 3 9119
27 60 9977
89 63 9769
91 60 9478
61 0 9810
55 49 9381
26 60 9420
62 19 9456
16 13 9177
63 7 9832
82 22 9525
90 82 9799
84 93 9842
98 69 9192
18 27 9830
23 51 9164
79 52 1
56 49 9269
20 91 9955
50 49 9982
80 49 9259
53 51 9668
44 60 9413
92 80 9442
3 26 9190
47 20 9330
31 54 9897
60 49 9039
70 52 1
15 0 9029
42 58 9893
1 56 9598
83 85 9700
78 81 1
5 97 9588
13 1 9341
75 39 9123
71 23 9147
12 51 9338
68 96 9356
34 20 9731
46 2 9424
22 55 9756
65 91 9709
19 7 9258
94 84 9722
96 51 9158
10 56 9237
51 60 9379
76 81 2
81 79 2
73 18 9244
