2598 2596 9
327 60 2
2285 60 2
1830 60 1
1160 1407 2
2355 1973 1
1186 111 2
1689 253 2
1843 2561 1
1070 2094 1
1455 2485 1
2526 2441 1
300 2388 1
1230 2323 1
1232 671 2
1657 2156 1
2099 1753 2
1817 117 1
333 2191 1
1056 208 2
474 1112 2
2400 2588 2
2451 441 2
1379 2424 2
72 1724 2
115 2366 1
755 2323 2
289 1303 2
749 1952 2
2162 31 1
536 325 1
2134 2448 2
914 1138 1
2275 60 2
2231 60 1
1919 1968 2
414 1085 2
1314 74 2
899 1145 1
2385 2323 1
297 1460 1
1007 1723 2
209 626 1
51 1515 2
2529 2240 1
858 1040 1
1815 980 1
364 2323 2
2329 834 1
1275 125 2
1091 1833 1
1482 60 1
2469 47 1
252 1835 2
2518 1317 2
290 2191 2
2448 493 1
1115 84 1
207 563 1
2262 117 2
151 2323 1
963 60 1
147 884 1
1213 2362 2
948 1945 1
473 117 1
119 60 1
639 60 1
630 82 1
2560 1758 1
1903 1843 1
770 2127 1
1453 181 2
781 60 1
1460 60 1
1704 1083 2
2471 47 2
734 60 1
74 60 2
2418 2323 2
2461 2362 2
2408 1347 2
2200 1354 1
302 2316 1
581 1793 1
2595 994 2
2375 60 2
58 1383 2
266 1460 2
648 1263 1
766 1897 2
1308 662 2
1422 331 2
2318 780 2
1296 60 1
163 60 2
1440 60 1
1738 1083 2
2045 1556 1
162 224 2
1790 1255 1
118 2072 1
2144 2467 1
2073 2323 2
2562 1649 2
571 1968 1
457 1162 1
2538 3 2
791 2103 2
2214 60 1
1105 2323 2
679 60 1
871 2191 1
349 1854 2
638 976 2
1827 2068 2
1327 2323 1
1759 1833 2
2065 1769 2
945 60 2
1137 489 2
138 1205 2
1709 1822 1
49 1354 2
862 2362 2
925 2542 2
166 60 1
892 589 2
1451 60 2
2238 1744 2
2313 1091 1
1661 2594 1
1352 2435 1
2501 1822 2
1935 1882 1
2037 2206 2
522 2132 2
319 231 1
2509 2118 1
669 2323 1
1619 2278 1
1862 2441 1
2462 2006 1
321 2335 1
1568 1880 1
1889 2362 2
1490 60 1
1565 60 1
597 243 2
615 2094 1
662 717 2
2014 1446 2
1745 1321 2
900 477 2
2334 1114 1
1701 2011 1
1711 47 2
1438 2306 2
907 374 2
1073 2217 2
94 2424 2
1282 111 2
2478 60 2
1793 215 2
188 1041 1
933 60 2
2316 674 2
1483 1138 2
1760 342 2
635 2405 2
1885 1741 1
877 2323 2
691 60 2
716 2145 2
1043 1343 1
987 2362 2
1468 1745 1
282 1244 1
1286 3 1
1416 2025 1
254 405 1
517 60 1
1197 2341 2
1470 1372 1
1385 258 2
1606 321 2
2476 2392 2
2393 2362 1
558 344 1
1600 387 1
1808 1138 2
705 117 1
1973 965 2
1210 2136 2
1742 340 2
2138 344 2
627 2323 2
674 2124 2
840 1968 2
2303 60 1
1905 2507 2
842 60 1
2165 2238 1
1363 958 2
426 2553 2
2148 1267 1
771 240 1
1752 2406 2
1780 88 1
1449 60 2
1785 1162 1
41 902 2
244 1170 1
1320 1073 2
1928 699 1
102 1370 1
57 1786 2
360 2509 1
2489 1822 1
1003 60 1
854 1435 2
1547 2323 1
171 663 1
619 1730 2
2344 2307 1
418 2253 1
1447 1162 1
814 60 2
853 2090 1
2467 767 2
530 188 1
1059 2343 1
69 2362 2
1989 1460 2
2206 1834 1
2192 2317 2
1569 60 1
554 60 2
1262 47 2
1792 60 2
985 538 2
1008 1156 1
2483 2323 1
689 468 1
2220 1758 2
1066 84 2
1441 2355 1
1601 1138 2
2171 893 2
2172 1138 1
657 685 1
1255 4 2
1511 45 1
1458 31 1
2396 2323 2
1756 2362 1
696 2323 2
751 1968 2
1509 2582 2
682 2035 2
1371 2285 2
2090 252 1
108 2191 2
2506 2532 2
1284 590 2
78 1453 2
2264 2218 1
1405 1502 1
2409 1569 1
2145 29 2
1268 2229 1
2294 1293 2
807 833 2
1947 1376 2
1636 315 2
649 1968 1
2164 1138 2
222 552 2
2196 2362 2
2387 2441 2
1749 1210 1
982 971 1
1026 1352 1
2342 1499 2
2453 1553 2
1663 2323 2
2010 1277 2
1111 47 2
2350 1473 1
1155 84 2
155 60 2
2111 60 2
32 2362 1
2093 60 1
1362 60 2
2020 1158 1
1707 1781 1
1634 1162 1
33 1105 1
2581 573 2
2239 435 2
367 2191 2
1037 47 1
790 2582 2
1372 2245 2
64 1323 1
1341 1162 1
134 312 1
2311 1368 1
991 344 2
816 1968 1
75 60 1
1448 1402 1
828 2323 2
133 2568 2
2348 625 2
2278 60 1
1205 2080 1
1335 315 1
495 2582 1
1229 1138 1
279 1138 2
107 60 1
788 2004 2
1384 1162 2
1288 1238 1
1396 2323 2
1595 325 1
881 60 2
407 2441 2
706 378 2
205 384 2
1892 356 1
2530 1390 2
492 1968 2
2087 2347 2
2136 2482 1
1208 1234 1
2421 2362 1
185 60 2
1083 60 1
568 36 2
837 791 2
216 2241 1
2107 1822 1
2479 60 1
2390 60 1
1878 1968 1
1001 902 2
1459 281 1
79 1730 2
971 60 1
479 2191 2
1117 60 1
695 2191 1
1534 1436 1
448 1162 1
1847 648 2
158 2582 2
661 662 1
1982 60 2
1375 2323 2
238 938 2
1640 60 2
701 1470 1
2444 2179 1
1311 499 1
1265 1968 2
897 31 2
1215 2515 2
2055 1460 2
2280 1502 1
2552 1086 2
311 780 2
1260 430 2
287 77 1
1869 1162 2
2152 2323 1
55 1007 2
2423 2323 2
85 60 2
1138 2323 1
818 381 1
1353 2472 1
136 1867 1
2256 745 1
981 1343 1
460 60 1
1610 552 1
104 2323 2
380 2347 2
1428 1689 2
1343 60 1
2383 799 1
1240 1528 1
1802 1121 2
1178 1835 2
2084 1138 1
1648 2299 1
569 1758 2
2565 2424 1
2432 2441 1
1187 1159 2
2487 2362 2
856 1045 2
1550 640 2
1949 117 2
1573 2093 2
1774 136 1
498 60 2
731 588 1
1526 60 1
1997 435 1
887 1968 2
1434 957 1
942 2240 2
1765 1987 1
413 2362 1
922 60 1
2593 1623 2
1782 60 2
121 60 1
403 74 1
2132 60 1
276 430 2
1557 344 2
1024 2424 1
2434 1931 2
2496 2362 1
1391 1546 1
528 60 1
1559 2362 1
613 1217 1
2076 1865 2
449 2362 2
1865 2098 2
2108 60 1
952 117 1
1437 583 2
1191 2098 1
272 1946 2
1702 60 1
2078 1610 2
1694 2347 2
1242 2323 1
663 2146 2
1904 812 2
2384 2427 2
1685 353 2
1512 1396 1
2511 1113 1
2029 60 2
2005 1743 2
2429 2191 1
2282 117 2
1821 767 2
1880 1108 1
1102 60 2
1142 2323 2
114 60 2
1719 1050 1
2324 1162 2
1323 2323 2
832 1649 1
1990 1138 2
455 2424 2
2386 2457 1
798 1183 1
1647 838 2
2395 60 2
1983 844 1
2013 60 1
1898 2323 2
864 60 2
1250 117 1
416 861 1
665 316 2
2337 658 2
1644 1769 2
469 1040 1
1713 60 1
1158 752 2
1167 813 2
1809 582 2
2149 2575 2
1144 2323 2
1770 2405 2
1562 2441 2
2129 292 2
1134 900 2
429 60 1
2363 337 1
27 1390 2
1679 1428 2
226 570 1
1781 2000 1
1097 344 1
2175 2094 1
2338 2582 1
1488 1277 1
463 2323 1
1058 1349 1
1502 946 1
1504 47 1
1823 430 1
591 2362 1
1956 2441 1
1890 1700 2
62 315 1
1354 2247 2
3 2448 2
1700 2264 2
1252 2247 1
2304 60 2
2018 84 2
2566 1460 1
1857 60 2
2512 1460 1
361 1249 2
1376 2191 2
1703 1345 2
822 2323 1
1674 84 1
382 1613 2
1209 781 2
659 2341 1
1112 2089 2
1295 1343 1
805 2179 1
847 2441 2
850 1803 2
2007 1581 2
1053 2323 1
223 1495 1
2333 1648 2
1334 60 2
2374 2419 2
1381 60 2
2031 95 1
943 2093 2
251 486 1
555 1853 1
1590 1986 1
1864 2194 1
106 1425 2
872 2194 2
712 2362 1
825 1783 2
2470 2536 2
686 1277 1
939 795 2
1130 60 2
1587 1830 1
2556 1945 2
733 1445 1
2042 918 2
2298 2323 2
1223 2581 1
778 1223 1
542 603 2
1358 1757 2
1272 2362 1
582 2412 2
1852 215 1
694 60 1
2146 1757 1
2513 2553 2
157 60 2
201 60 1
198 2424 1
2011 1691 2
371 1603 1
2369 1044 2
1075 130 2
19 1162 1
112 1378 2
2169 1197 2
1216 2362 2
1529 50 2
1840 1968 2
966 1463 2
1177 1710 2
1985 2323 1
1078 2556 1
197 661 1
1203 2441 2
972 1162 1
1123 666 2
1182 2362 1
1214 322 1
823 323 2
2032 910 2
1298 1589 2
45 2323 1
975 60 1
1098 1244 1
1021 60 2
443 136 1
1965 1373 1
1166 273 1
2059 1939 2
865 60 2
1279 2362 1
2446 2323 1
1270 2362 2
936 1680 2
1118 60 1
2472 854 2
570 1882 1
359 2362 1
408 1138 1
1087 1460 1
1237 1822 1
2229 390 2
466 2323 1
2332 2005 1
796 60 2
1040 162 2
383 60 1
1466 1344 2
2521 60 1
314 2441 1
278 2441 2
268 2323 1
1133 591 2
1404 2582 2
1263 388 1
1042 2582 2
472 60 1
2057 2362 2
946 1784 1
2370 2441 2
1883 243 2
1025 1075 2
2001 60 1
277 1594 1
2184 1499 1
116 399 1
1101 999 1
2305 2424 2
1366 2422 2
2058 60 2
1844 560 2
239 1277 2
1122 1758 1
208 323 1
2578 1425 1
420 181 1
2517 240 1
1734 1888 2
1269 23 2
1976 469 1
2131 610 2
428 60 2
1006 60 1
1254 31 1
772 2008 2
1129 2323 2
2528 316 2
875 39 2
1920 1277 2
1382 2362 1
860 1093 2
1874 2068 2
497 2466 1
313 2511 1
210 1786 1
103 1170 1
394 2362 2
959 1836 2
331 1350 2
2119 1968 1
676 1002 2
2574 461 1
1767 1460 2
1302 1567 2
550 1041 1
908 1062 1
1943 1253 1
346 451 2
1337 2211 2
283 1650 2
257 2323 2
677 2582 1
1751 384 1
797 998 1
1169 1649 2
2044 60 1
392 2323 2
2159 1206 2
906 2309 1
347 344 2
1717 2424 1
1100 1324 1
499 1410 2
1528 1079 1
912 117 1
921 2323 2
193 1789 2
1202 1162 2
2203 30 2
1072 1701 1
148 1879 1
227 1162 1
401 60 1
439 2515 1
1535 2362 2
1109 2343 2
1776 1162 1
2180 60 2
1813 2141 1
708 908 2
965 874 2
2554 60 1
1659 2191 1
316 1338 2
146 46 2
2331 60 1
859 2535 2
2113 1224 2
2505 60 1
132 1162 1
1450 926 2
2223 60 1
1293 382 2
365 2144 1
388 1101 2
1605 31 2
1906 29 2
1461 7 2
1893 1968 2
493 931 2
1227 2362 2
1156 1755 2
1433 2013 2
1795 2148 2
397 2569 2
2532 531 2
1444 2025 2
2543 2443 2
1944 2329 2
2100 1649 1
1503 674 1
1931 60 1
325 60 1
1623 2137 1
1086 60 1
1388 2362 1
1757 1609 2
354 332 2
485 795 1
1811 1162 1
1361 1848 2
156 344 1
2140 1822 1
1414 60 1
2466 128 1
547 1968 1
2357 12 1
684 2191 2
273 866 1
817 1883 2
2428 1730 2
2300 47 2
265 2323 2
1995 2441 2
995 60 1
2591 1675 1
2551 1701 2
690 2451 2
180 344 1
1332 1372 1
2173 1183 1
14 2323 1
1848 942 1
2484 2323 1
2123 2424 2
213 1166 1
191 2362 2
2458 528 2
1964 84 1
904 2424 1
284 2362 2
1365 899 1
1741 710 1
1879 771 2
1487 74 1
1578 515 1
2508 2191 1
514 60 2
737 2323 2
1650 2323 1
2397 60 2
1141 60 1
2004 2506 2
753 1752 1
1304 2191 2
631 703 1
2394 467 1
2103 2118 2
609 1796 2
2248 825 1
2494 60 2
1548 353 1
481 674 2
1980 2249 2
194 1214 2
1718 1318 2
304 1699 2
553 1968 1
1998 2588 2
1574 2323 1
523 1759 2
1668 2292 1
2212 2536 1
1445 1592 2
1108 2112 1
126 987 1
1628 2080 2
738 2323 2
1971 1968 2
759 2398 1
2588 631 2
2204 60 1
962 1476 1
2242 1183 2
1602 1755 1
2122 1968 1
405 1181 1
2450 1343 1
1239 60 1
461 2323 2
580 1162 2
776 432 2
1347 2047 2
509 1138 1
1035 661 1
960 60 1
800 474 1
1194 1162 1
1580 1162 2
2178 1927 1
1934 60 2
1834 1025 2
2202 1461 2
1721 117 2
110 741 2
165 820 2
1159 1610 2
2377 2513 1
586 2362 1
345 486 1
1863 1939 1
2167 1396 2
667 839 1
606 374 1
1346 2595 1
1387 1973 2
2261 1346 2
182 2348 2
431 427 2
1181 1269 2
1508 2364 1
806 1902 2
1630 543 1
924 1937 1
1939 2323 2
2426 2362 2
1316 399 1
370 2581 1
13 60 1
1305 2191 2
122 344 1
1489 60 1
489 2075 2
961 60 2
2525 2441 2
113 2497 2
2352 2424 2
435 2321 2
21 1741 1
1259 731 2
1967 1803 1
1344 1585 1
294 60 2
720 1779 2
26 1649 2
2586 1603 2
1693 1083 1
1163 60 2
141 2323 2
1170 60 1
437 1317 1
358 2441 1
507 60 2
820 1968 2
896 2323 2
1999 2191 1
1736 1315 2
1032 1100 1
917 2179 1
1393 1720 1
2545 257 2
37 2441 2
1292 1894 2
1054 1421 2
152 47 2
1188 2374 1
508 2191 1
1954 60 2
419 337 2
1750 1098 1
1684 996 2
526 1235 1
2301 2362 2
1955 444 2
417 2323 2
1029 1699 1
2061 1041 2
1273 2116 2
22 60 1
1413 2365 2
441 1286 2
2346 2441 1
2080 727 2
957 1275 2
928 2441 1
2537 258 1
335 1968 2
938 892 2
291 1112 2
1106 663 2
2571 1773 1
934 2362 2
2412 715 1
1913 60 2
2539 2362 1
2252 2113 1
224 1075 2
704 894 1
699 1689 1
1643 1815 2
2587 31 1
1287 60 2
821 2179 1
1374 1671 2
1599 2094 1
1796 1867 1
2389 2037 2
2341 2219 2
1473 1827 2
1318 1761 1
1710 619 2
830 1094 1
1836 60 2
350 2535 1
2101 1739 2
2257 2185 2
1753 665 2
1411 2362 2
2534 1904 1
754 451 1
2166 1805 1
274 2112 1
399 60 2
458 2191 2
2379 399 1
1161 1162 1
2564 781 2
1236 1162 1
2312 1968 2
2047 1410 2
1221 736 2
1052 60 2
2419 659 2
1383 2529 2
2596 815 2
1330 1746 1
2177 60 2
727 1359 2
247 1343 1
2233 1955 2
2154 92 1
2088 60 2
880 2191 2
846 1460 1
1571 1822 2
2250 2441 1
263 60 1
2417 1876 1
1175 1548 2
296 2441 1
1541 552 2
308 2582 1
1603 1241 1
20 1378 2
269 1847 2
1633 1968 2
1824 2309 1
1777 2191 2
434 1162 2
2561 2124 1
2197 2323 2
17 844 2
137 1425 2
1339 2037 1
453 7 1
317 60 2
2302 1436 1
1219 1138 1
1705 31 1
2568 1312 1
984 1138 1
2315 1545 2
2325 2441 1
1744 1614 1
1940 1439 2
128 1224 2
1041 2020 2
1740 2144 1
77 2441 2
1695 60 1
744 2323 2
2319 2582 2
841 1384 2
745 1315 1
1538 1138 1
280 2141 1
803 60 1
602 2374 1
1312 778 2
909 2441 1
65 2424 2
1896 2191 2
824 2582 2
2541 1083 2
1198 1841 2
757 1602 2
1014 658 1
835 1939 2
1930 820 2
1544 1649 2
228 2441 2
1301 1284 2
525 60 2
11 1744 1
588 1885 1
1771 60 2
1368 2590 1
2327 1072 1
1 2428 2
23 2240 1
1551 1398 2
1342 2441 1
861 1284 1
628 1332 2
940 2441 1
1758 2362 2
2485 1387 2
101 2364 2
488 1585 1
1499 1816 1
486 60 2
391 2323 2
2321 901 1
1853 82 2
1891 2019 2
53 60 2
1812 84 2
1567 1581 2
2050 111 1
1004 1645 1
529 1274 2
1726 656 1
1662 60 1
465 1343 1
1325 530 2
330 891 2
1810 1834 2
2563 1854 1
979 60 1
256 585 2
344 60 1
1887 1968 1
1929 1428 2
1936 60 2
1140 1211 1
161 84 1
2283 1067 1
1683 115 2
2174 1106 2
829 2362 2
4 138 2
2155 1643 2
2365 153 2
1910 1554 2
2531 60 1
501 1162 1
2236 1830 1
2105 1589 1
1355 844 2
2141 1968 1
2328 1822 1
2297 29 1
2195 1588 1
95 1700 2
868 587 2
1746 636 2
496 1500 1
1005 380 1
2115 2323 1
2382 1684 2
988 2290 2
811 2441 1
1495 348 2
1519 693 1
2427 2170 2
1403 573 1
2201 2441 1
1076 60 2
1398 72 1
1380 60 1
1682 1392 2
2323 60 2
544 2551 1
1131 1162 1
2322 2399 1
786 769 2
1807 1425 2
1000 2417 1
192 320 1
2009 2323 2
2326 2362 1
52 1758 1
215 1430 2
1789 2362 2
61 67 2
989 2082 2
1264 2285 2
2435 343 1
220 2350 1
67 1288 1
634 2461 1
1923 1054 1
144 60 1
1805 2323 1
2527 3 2
1851 1822 1
1798 1623 1
1761 672 2
30 2031 1
901 689 2
2343 1793 1
2474 2099 2
1608 1649 1
275 60 2
2210 111 2
261 752 1
233 60 2
709 1428 2
1916 770 2
902 81 2
2179 2441 2
2402 2191 1
173 1398 1
773 1158 2
248 60 1
1062 710 2
140 2441 1
1799 2268 1
2218 1787 2
575 673 1
2378 1138 1
1401 2191 2
1957 2441 2
160 298 2
599 60 2
687 2571 2
795 60 1
1725 74 2
2407 298 1
2310 1734 1
129 2490 1
623 2176 2
831 2386 1
1261 2323 2
1456 60 1
2081 60 1
2438 361 1
886 1596 2
2041 47 2
1842 1312 1
2367 474 2
1492 39 2
1625 1876 2
2094 60 1
2349 2441 2
1015 2159 1
997 2362 1
2028 1356 2
76 304 1
377 2323 2
432 168 2
2230 2593 1
99 2362 2
2307 1639 1
1542 1472 1
237 1751 1
2074 2380 2
68 812 1
1593 60 2
1611 84 2
1530 2537 2
1517 1826 2
600 1700 2
2594 757 1
218 60 2
1258 1323 2
1556 674 2
1627 1365 2
1561 2179 2
1218 2260 2
1654 747 2
1546 60 2
1195 640 1
863 1968 1
1806 688 2
2003 1138 1
794 1255 1
983 1086 1
124 2025 2
834 2087 1
1763 47 1
576 21 1
2308 2362 2
2273 1786 1
285 60 1
2182 2323 1
1925 325 1
729 964 2
82 530 2
255 2362 2
2507 782 2
980 2203 1
1886 74 2
1946 1618 2
1410 2342 2
1968 60 1
1960 117 2
2381 2323 1
2577 1108 1
109 2527 1
12 60 2
1970 1120 1
2024 2323 2
977 773 2
563 718 2
2589 656 1
1011 298 2
1013 606 1
400 1017 2
1386 1892 1
1446 732 2
1124 1846 1
1096 1791 1
2441 60 1
852 1343 2
46 110 2
743 1758 2
1860 2503 1
915 98 2
1443 1968 2
621 2441 1
578 699 2
332 589 2
2098 2311 1
387 957 1
2425 2141 1
2109 60 1
1271 1484 1
2573 937 2
1921 1439 1
1686 11 1
1300 1879 1
483 1422 1
808 2582 1
2580 844 2
337 1476 1
249 2099 1
1051 753 1
2464 1162 1
1207 2191 2
2339 60 2
2077 60 2
2185 1734 1
1397 1138 1
90 1770 2
1009 1836 1
2579 1460 1
1235 954 1
724 860 1
1125 1138 1
2186 60 2
1948 60 1
258 2392 1
334 1849 2
1418 833 2
1626 60 2
660 1322 1
1224 1191 1
38 1396 2
711 2094 2
1336 47 2
1326 2515 2
2306 607 1
2251 1439 1
1594 273 1
1151 2323 1
1506 60 2
1306 60 1
2515 1515 1
1484 773 2
1912 1926 1
958 300 1
559 2323 1
951 31 2
1669 2492 1
2012 786 1
436 1343 2
1290 2362 1
301 1931 1
533 1086 1
2 16 1
1299 2441 1
2536 1591 2
693 1976 2
2060 758 2
748 2441 1
730 515 2
2436 1968 1
1257 2191 1
56 60 2
1696 1138 2
262 60 2
393 1567 2
2590 2506 1
739 1836 1
1139 2170 1
636 2064 2
1614 1301 2
131 344 1
2043 689 1
2254 1727 2
1731 869 2
2500 2448 2
612 2441 1
903 60 2
502 60 2
844 2441 2
36 2351 2
2019 2480 1
1884 2323 1
1735 84 2
839 2323 2
740 1502 2
1247 212 1
2452 117 2
80 2323 1
1505 1069 2
1222 2065 1
2176 1109 1
1755 1937 1
764 2441 1
746 1086 2
0 200 1
1924 1822 2
1095 60 2
1832 1059 2
608 84 1
328 87 1
2025 2323 1
1027 47 2
947 2323 2
2150 1378 1
1211 414 1
826 273 2
725 1968 2
424 1836 2
1080 2441 1
1479 1836 2
271 325 2
2366 1326 1
71 84 1
500 1689 2
998 2092 1
427 1730 2
2006 1352 1
1828 362 2
2168 2012 2
2127 1542 2
2071 47 1
546 2424 1
879 75 2
206 2410 1
1733 2362 1
1454 111 2
2063 1968 1
953 2446 2
910 2591 1
1531 60 1
1727 2384 1
2151 932 2
1938 1798 1
150 2163 2
2553 577 2
1436 1286 2
620 346 1
2292 209 1
1849 2509 2
59 1830 2
356 2561 2
993 117 2
176 795 1
1775 2113 1
381 494 2
2062 1189 2
1585 254 1
86 2184 1
1769 1757 1
1168 2299 1
653 212 2
1113 133 1
611 2246 2
2572 2118 2
1649 2362 2
1730 499 2
1017 438 2
992 60 2
596 2307 1
25 60 2
1289 1758 2
955 2191 1
1474 60 1
295 2462 2
1872 60 2
812 530 1
93 488 2
468 788 1
2209 1183 1
675 456 1
2067 1931 2
1723 2513 2
1033 2441 1
1435 2016 2
199 1551 1
462 60 2
629 2492 1
2468 1968 1
1319 2323 1
590 269 1
2433 60 1
2207 2117 2
2188 795 1
809 603 1
1110 2106 2
1961 2362 2
1417 2441 2
594 1428 1
120 1822 1
1655 1177 2
722 60 1
2030 47 1
2550 406 1
583 2076 1
1348 2528 2
978 47 2
315 2323 1
351 1734 2
2244 1134 2
1637 2135 2
35 1854 2
1345 60 2
1277 2362 1
2514 2132 1
1708 1253 2
231 2582 1
1875 2568 1
475 2424 1
1067 900 2
1974 844 2
1370 138 2
2224 2441 2
2404 2025 2
2170 1801 2
1632 1775 1
1523 111 1
1276 1365 1
324 117 1
1692 2323 1
2049 235 2
935 1684 1
1077 84 1
1253 1675 2
1162 2323 2
260 2323 2
2016 1093 2
1673 2323 2
646 941 2
338 1138 2
2555 1105 1
2015 1464 2
1164 1968 2
2139 2424 1
1234 1846 1
2477 2323 2
827 1854 2
1104 2362 2
1093 2255 2
43 84 1
585 2130 2
1478 2362 2
2443 1278 2
1082 1373 2
1800 317 2
1249 1018 2
1728 780 1
707 1533 2
607 380 2
1871 1438 1
167 84 2
1145 1752 1
2161 1968 2
937 2549 2
1408 1138 1
2259 1138 2
1837 2441 2
1074 1853 2
355 1343 1
692 60 1
1392 1621 2
214 2089 2
2232 1105 1
747 259 1
2056 312 2
1063 1159 2
2296 1852 1
784 60 2
24 1714 2
470 60 1
1233 2362 1
518 1822 2
433 1707 2
373 781 1
1390 641 1
2289 1575 1
761 2376 1
1543 1317 2
1667 1083 2
2158 60 2
1803 2005 2
1496 1308 2
1937 2549 2
1328 47 2
425 1171 1
779 1500 2
1773 354 1
1389 1251 1
2398 1214 1
2021 946 1
548 1527 2
2287 1114 1
1873 47 2
668 996 2
2522 2094 2
1412 344 1
446 1831 1
1867 1050 2
293 47 1
1537 698 2
2189 323 1
944 313 2
2281 235 2
83 231 2
1246 1317 2
242 882 1
478 31 1
1907 2323 2
1522 2323 2
537 2002 1
1465 2323 2
372 747 1
2064 249 1
1899 1277 1
1038 1537 1
2160 312 1
1183 60 2
673 1894 1
1018 2547 1
2069 60 2
2373 1397 1
1120 1736 1
1010 1138 1
2488 1621 2
750 1934 1
1536 1758 1
1317 60 1
671 716 2
2249 351 2
309 60 2
2442 1546 1
406 596 2
2399 1074 2
1471 60 2
1373 60 1
84 2323 2
1515 334 2
438 1575 2
801 872 2
2277 60 1
1426 111 2
2276 344 1
949 2170 1
105 1958 1
870 2260 2
1555 1822 2
2260 306 2
2199 2049 2
2460 1086 1
1088 780 1
96 2138 1
1477 2191 2
1248 1127 2
10 2301 1
1046 1835 2
153 60 1
1783 1833 1
2222 60 1
931 730 1
2486 2179 1
1199 1460 1
2008 2536 2
556 1968 2
402 781 1
1243 168 2
2017 2301 2
1400 1108 1
1581 127 2
2234 344 2
670 1968 2
29 860 1
2253 68 2
1049 1100 1
7 1410 2
385 2441 2
54 2424 2
916 1084 1
396 2323 1
1079 2358 1
1399 2369 1
2205 2106 1
1564 47 1
2271 603 1
905 31 2
1996 2362 2
637 1267 2
1244 2252 2
1307 60 1
2516 994 2
614 1790 2
1801 1276 2
843 1765 2
2447 825 1
1607 74 1
467 582 1
1357 1425 2
1588 1946 1
452 2441 2
592 1094 2
1833 1330 2
873 2582 2
270 2013 1
2546 117 1
889 47 2
714 978 2
1652 503 2
2104 1729 1
172 60 2
557 117 1
632 1378 1
1500 1818 1
2475 729 1
1485 168 1
2480 2072 2
855 60 1
1621 1761 2
1715 2204 1
874 194 2
1193 1348 2
1423 2191 2
1116 1759 2
506 1904 1
1822 60 1
1804 1968 2
1881 731 1
769 229 1
1986 1871 1
782 2321 2
2040 74 2
1294 1458 1
1251 899 2
149 2333 1
1900 382 1
678 60 1
976 60 2
2347 304 1
1553 2321 2
1092 31 1
186 133 1
728 60 1
127 931 2
329 2307 2
713 203 1
688 467 1
1866 2323 1
950 307 2
813 2465 2
1825 414 1
2000 2290 2
1660 2362 1
1081 2424 2
389 2216 1
1190 2014 2
1031 1616 1
1829 277 1
2482 1137 1
2406 2317 1
626 1503 1
504 60 1
456 171 1
1972 100 2
560 60 2
1688 1162 1
1877 2323 2
1762 717 2
2039 2362 2
1527 344 2
357 163 1
1016 60 1
2585 1758 2
1658 1602 2
292 597 2
245 823 1
700 1308 1
1303 2577 1
1712 325 1
482 1663 1
2504 2569 2
2510 1159 1
703 2351 1
577 766 1
1180 2306 2
1068 47 2
815 791 1
1023 1749 2
1090 60 2
1055 1758 1
1185 1138 2
1786 60 1
221 2211 1
1656 1822 2
2213 1373 1
123 640 1
604 1086 2
574 663 2
721 60 2
1979 1138 1
1283 2492 1
1586 769 2
1577 60 1
1415 378 1
1364 111 1
16 2588 1
2163 1337 1
322 596 1
1615 2205 1
2194 2023 2
2142 60 2
647 2289 2
2116 1762 1
1969 1825 2
768 1138 1
1176 788 2
2405 1402 2
2353 1690 1
2023 1868 1
1927 1347 1
2431 47 2
1521 60 2
1945 61 1
2520 74 2
2038 2179 2
5 79 1
911 1854 2
1028 985 1
2403 317 2
1274 189 1
531 1891 2
340 2118 2
66 1776 2
480 1138 2
1135 60 2
1085 1551 2
1850 237 2
2445 2362 1
697 1860 1
98 387 1
1349 60 1
1818 662 2
793 2151 1
1179 117 2
1720 1406 2
2340 60 2
913 1378 1
1754 497 2
169 1162 2
919 426 2
1841 1162 1
869 216 2
1089 2191 1
2226 2424 1
1597 399 1
804 1069 1
89 977 2
1019 1836 2
2456 2441 2
2465 797 2
566 1968 1
348 2408 1
664 1836 1
625 1074 1
2121 60 2
1665 1127 2
1613 2320 1
1476 752 1
423 2323 2
1617 705 1
735 817 2
1699 2244 1
1558 215 1
1620 1014 2
2075 2556 1
135 2191 1
450 1425 2
2198 1220 1
1425 2323 2
990 30 2
2440 2323 2
1993 886 2
954 2550 1
2079 2301 2
1918 2386 1
421 1928 2
307 799 2
799 701 2
1226 60 2
792 60 2
1629 1072 1
2265 34 1
666 1124 2
1952 1162 1
259 2596 2
1103 1649 1
1764 47 1
845 927 1
573 1091 2
785 978 2
1635 329 1
92 901 1
2422 2327 2
1787 1900 1
2547 1787 1
1241 1588 2
1876 337 2
2570 2424 2
8 252 2
1729 356 2
1951 47 1
1309 60 1
1794 2021 1
1359 1466 2
390 735 1
1034 344 1
920 456 2
587 2551 1
1639 1895 2
1609 2021 2
376 2424 1
1859 560 1
415 2323 2
2022 1649 1
1624 117 1
1172 153 1
2335 1875 1
894 807 1
1739 2241 2
1315 1197 1
2217 289 2
2110 2441 1
1835 40 1
2097 2441 1
1888 779 2
2503 1079 2
593 60 1
1064 2441 1
783 2094 2
1687 60 1
2268 843 1
1206 1615 1
28 1854 1
2114 2363 2
2558 2329 1
264 603 1
777 1378 2
918 60 1
2284 1015 1
2368 1834 1
2095 1643 1
1022 60 1
1204 399 2
2096 60 1
2267 1460 1
1340 2582 1
603 60 1
1909 2362 2
1870 2323 1
1069 451 2
1991 2441 1
838 1235 1
1402 1740 2
540 1520 1
572 1623 1
2410 194 2
200 2154 2
281 60 1
1491 2087 2
562 1317 1
1895 797 1
2240 1906 1
1030 2362 1
565 2422 2
2463 813 2
1582 2323 1
230 794 2
211 2424 2
642 2207 1
1779 2383 2
125 2203 2
2497 170 1
584 1190 1
564 60 2
2085 47 1
2245 990 1
1173 1822 2
2118 24 2
1424 1701 2
2072 1730 1
719 2353 2
1377 2078 1
366 1910 2
1576 60 1
2354 60 1
1975 399 2
1953 60 1
1291 2441 1
1267 1796 2
767 1311 1
1814 2027 1
1338 1269 2
2263 2323 1
445 902 1
1747 60 2
656 2155 1
710 2221 2
31 60 2
589 568 2
1493 32 2
888 1460 1
538 726 1
1845 2441 1
1150 60 1
1671 1828 1
343 2021 1
1220 2128 2
867 2441 2
1427 2094 2
1475 60 2
318 820 2
2502 2323 2
1583 337 1
2542 60 2
1126 1827 2
878 865 2
42 1822 1
930 1183 1
87 2323 1
1978 2582 1
2360 1138 2
1514 1822 1
1285 2323 1
2437 366 1
1280 2362 2
1036 444 2
941 870 1
1666 117 1
895 267 2
967 1072 2
2130 1050 2
2345 1460 2
379 2025 2
1378 60 1
1915 2074 1
130 92 2
1994 84 2
810 1786 1
336 2362 1
787 1079 2
1136 1343 1
217 740 2
1646 60 2
2582 60 2
1039 60 1
2128 1175 1
715 946 2
1680 7 1
760 2165 2
2533 1542 1
442 2362 1
601 1822 2
964 1675 1
2411 523 1
2336 1138 1
1510 2362 2
306 1436 1
1552 60 2
2247 109 1
1622 1968 2
2288 2362 1
2490 2178 1
1854 47 2
183 2441 2
1819 60 1
524 60 2
617 60 1
1697 560 2
2583 2441 2
2143 60 1
1691 1530 2
974 399 2
1501 2191 1
341 2424 2
1797 985 1
1768 1654 2
723 47 1
1128 1968 2
1737 2441 1
1670 844 1
521 2424 2
1321 644 2
683 672 1
1532 2441 2
1462 1533 1
320 2191 1
1152 2025 1
932 1796 2
44 2424 1
2274 1968 2
2026 31 2
1395 1931 1
410 1854 1
91 2441 1
1498 2323 1
1566 421 2
1119 60 1
1539 1069 1
2068 1657 1
1147 191 1
326 1468 1
235 375 2
471 240 1
1962 1530 2
1369 60 2
652 1108 2
250 2311 1
447 2094 2
1148 1304 1
2498 1054 1
1748 2285 2
718 2269 1
2002 1108 2
2092 36 2
196 1312 2
288 1460 1
644 1116 2
882 2467 2
1518 575 1
48 60 1
1228 2362 2
490 60 1
681 208 2
2219 206 1
1480 2323 2
246 1095 1
1256 153 1
267 1815 2
1127 354 2
2481 60 2
1572 344 2
2320 8 2
2592 1162 2
598 1138 1
1356 483 1
2299 202 1
305 640 2
885 806 2
2569 1629 1
1494 2323 2
1313 2323 1
1516 1219 2
1121 772 1
1238 2060 1
353 545 2
2208 1938 1
1942 60 2
1050 217 2
1420 1138 2
1933 2155 1
1245 1649 1
1826 791 2
1651 60 2
1278 1755 2
520 2186 1
929 2191 2
2540 1727 1
1464 769 2
1429 1894 1
883 84 1
1430 2102 1
999 2136 2
1442 2427 2
243 635 1
362 666 1
2191 60 1
2575 60 1
1645 2374 1
342 1496 2
1706 1758 1
2416 60 1
1333 820 2
1732 1162 1
2459 1758 1
605 1382 1
1407 1008 2
2266 1876 1
1922 1176 2
2388 900 1
543 2323 1
2358 2428 2
143 60 2
2091 962 2
1192 60 2
763 60 2
1469 1876 1
2027 2323 1
2124 1570 1
2317 2535 2
1200 1657 2
898 1923 1
742 60 2
286 2441 1
225 839 2
756 117 2
1331 2323 1
618 1460 2
2034 1138 2
2491 47 1
154 2233 1
1549 60 2
1497 663 2
1766 138 1
1901 326 1
2051 60 2
2255 872 2
1861 2278 1
1329 2362 1
1631 60 1
117 60 2
2048 2179 1
2535 552 2
234 2584 2
527 781 2
1486 31 1
994 596 1
890 2179 1
732 2408 2
1143 610 2
1071 1968 2
1310 60 2
532 1934 1
232 2362 2
440 1830 1
190 1643 2
672 503 2
398 2323 2
891 732 2
2125 2323 2
34 1946 1
1917 656 1
2054 47 2
511 687 2
819 2441 1
1225 84 2
1367 47 2
503 2519 2
2225 399 2
2193 191 1
477 2451 2
81 2473 1
2473 2504 1
1820 30 2
1675 1098 2
164 1396 1
2376 2441 1
444 2595 2
1977 2362 1
2295 2025 2
1065 60 2
1146 2323 1
299 1343 2
178 2492 2
2035 1079 1
1094 1278 2
1421 2435 1
515 1553 2
2241 1032 2
1057 2348 1
1981 1162 2
2524 1162 1
579 2362 2
567 315 1
1525 2394 2
833 409 1
1724 730 1
1941 936 2
717 2485 2
762 2138 1
968 2362 1
187 2323 1
1988 2323 1
229 2192 2
50 2405 1
1987 2155 1
2372 733 2
645 60 2
654 2323 2
561 2257 1
551 1001 2
1858 1106 2
1855 433 2
610 573 2
876 2421 1
1201 60 2
203 2043 1
2351 298 1
2493 2191 1
545 2462 1
1664 1378 2
1856 1830 2
2227 2582 2
1714 717 1
1868 1686 1
1584 1162 1
1153 1654 2
1612 1649 2
1457 2441 2
2135 1424 2
384 1518 2
2117 1348 2
1154 2362 1
2237 705 1
451 175 1
1084 1938 1
404 2441 1
195 60 1
204 1615 2
2371 1162 2
1045 818 2
1681 2362 1
2544 2323 1
702 1460 1
1788 675 1
2112 1625 2
2548 1854 2
2413 621 1
1638 2179 2
236 966 1
1360 60 2
1678 1822 1
352 2441 2
1589 1880 1
2290 1615 1
775 1968 2
851 1972 1
1908 60 2
97 216 2
1409 671 2
1897 2207 1
1472 276 2
651 1392 1
174 1782 1
2033 978 1
1902 767 1
312 2323 2
541 1267 2
1570 563 2
1044 1368 1
640 1968 1
378 1452 2
1677 731 2
70 60 2
2499 60 2
2291 60 2
1394 2441 1
494 659 1
758 2181 1
487 2191 1
1598 1162 1
1690 86 1
552 2116 1
2392 1895 2
780 60 2
2126 1017 2
519 2323 1
2221 1654 2
2153 50 2
1481 978 2
1743 1392 1
1297 924 1
47 2323 1
2401 60 1
1061 2441 1
1184 1110 2
2414 2323 1
1716 1822 1
1958 221 2
685 1325 1
774 1004 2
491 60 1
2364 1880 1
100 944 2
866 1724 1
1846 597 2
484 1183 2
2147 2399 2
789 488 2
1048 1138 1
40 2498 1
616 2362 2
1560 1108 2
1592 1121 1
2597 1112 2
241 427 1
1816 2316 1
1157 2323 1
884 1330 1
848 2441 2
395 2424 2
2216 994 1
6 1349 2
1212 1183 1
1171 2441 2
2492 60 1
2053 2292 2
970 60 2
2046 780 1
2215 60 1
680 994 1
170 908 1
2361 60 1
510 191 2
177 1637 2
363 2132 2
849 60 2
1020 1015 1
2549 321 2
1932 2072 2
2228 60 2
2089 2102 2
2356 47 1
175 631 1
476 1304 2
956 2362 1
1099 1086 1
2120 60 1
595 481 2
1591 1868 2
212 1464 2
1963 2211 2
1676 21 1
926 1085 1
996 754 2
2083 1822 2
39 1243 2
1911 1746 2
1698 60 2
512 1162 1
2269 2348 1
2557 60 2
1984 60 1
2430 117 2
736 2208 1
369 1384 2
1641 2333 1
1132 2323 2
2052 2323 2
1533 2260 1
18 844 1
2495 84 2
969 111 1
1266 2499 2
741 1108 1
1520 868 1
1579 60 1
1432 2362 2
1507 2191 1
973 1789 1
202 1106 1
1839 2138 2
184 1934 2
142 2323 1
1618 2255 1
240 710 1
339 1144 1
63 2424 1
1419 1183 2
1966 1378 2
1107 472 2
650 2323 2
2082 813 1
1439 2441 2
1513 2492 1
2457 1938 2
1545 493 2
189 962 2
430 594 2
1604 1591 2
927 932 1
2584 60 1
658 657 2
386 2283 2
2415 2480 1
1575 2178 2
2133 344 2
1012 60 1
1463 2068 1
2420 1162 2
2070 1138 2
2181 1031 1
2272 2441 1
1540 1086 2
1950 2323 1
253 2078 2
1778 60 2
1524 987 1
2066 2191 1
2258 60 1
513 859 2
535 778 1
516 2141 2
1189 885 2
622 1934 1
633 1134 2
1114 60 1
2519 236 1
1653 1931 1
1596 1180 1
2279 60 1
422 1138 1
1217 1497 2
1642 1162 1
1882 2537 1
2567 2028 1
375 2189 2
2362 60 1
2314 60 1
464 1968 2
2454 2347 1
641 1835 2
836 1460 2
1324 98 2
9 60 1
2359 1836 1
159 2323 1
534 2424 2
2183 2362 1
1322 2153 2
2559 2349 1
219 977 1
1722 60 2
2243 60 1
1784 1292 2
298 1938 2
2380 1007 1
1165 1127 1
698 1882 1
181 2171 2
459 2323 2
323 1958 1
2576 1668 2
2106 300 2
2156 1766 2
73 2441 2
1914 60 2
1959 1032 2
168 1969 2
2137 1217 2
88 1850 2
802 2362 1
368 2362 2
409 1832 2
2157 72 2
1831 1803 1
1350 1429 1
1047 1396 2
2211 2388 1
1672 2362 2
2187 2582 1
1351 540 1
1149 1138 2
624 1270 2
1231 2362 2
1431 1318 1
893 2438 1
2424 60 2
145 1836 2
1174 2362 1
15 317 2
655 781 1
1894 2269 1
1554 1820 1
1002 776 2
2523 820 2
765 1109 2
2190 60 2
454 2323 2
923 2362 1
2330 1774 2
2455 60 1
857 1162 2
111 60 2
1467 2191 2
505 1968 1
986 926 1
310 2362 2
752 573 2
1838 2323 1
374 1910 2
1563 2323 1
2391 104 1
2235 1074 2
2293 60 1
1772 1836 1
2036 1162 1
2102 2283 2
1992 2362 2
179 1836 2
2449 511 1
726 1284 1
539 560 2
139 2441 1
1281 344 1
2309 84 2
2246 2536 2
1791 60 1
1926 60 2
2286 2184 1
303 2441 1
1196 31 1
1452 393 2
1060 117 2
412 854 2
2086 1240 2
1406 496 2
2439 111 2
2270 1853 2
549 60 1
411 1460 2
643 2362 1
