2593 2591 9
2245 2002 2
1482 175 1
215 405 9500
1719 2355 9590
1089 2327 9033
2290 1695 2
452 1383 1
327 169 9777
812 974 9968
1686 1014 9654
1221 261 9768
1870 1247 9654
432 394 1
2293 1565 2
763 689 1
1775 821 9750
1169 2334 9168
1239 1419 1
2512 2055 9987
1204 2259 9308
1217 1212 2
503 1607 2
286 693 9052
44 217 9166
1623 1832 9457
2237 728 1
1608 962 9319
2281 1339 2
2269 1745 9400
2132 2436 1
732 471 2
525 1481 1
2339 1277 9364
543 1676 1
2144 806 9128
2340 2064 1
1546 1300 9465
2350 1894 2
2341 1468 1
2414 1207 9625
1949 1307 9117
2166 242 2
1755 560 9513
139 2367 2
311 122 1
92 811 2
847 921 2
858 1068 9090
1380 517 9507
570 670 1
322 2035 1
1935 811 2
1205 1145 9272
1463 48 9962
939 174 9017
2302 220 2
782 232 2
343 293 9281
2337 1086 9870
1522 232 2
406 238 1
829 1027 1
592 2367 2
1162 749 2
2447 263 2
1329 1143 9269
309 2225 1
554 1951 1
1736 1922 9756
1836 2246 1
712 1301 1
1466 1692 9706
2033 2388 9348
902 763 2
1179 1844 9849
1384 460 9779
2299 1166 9486
2162 1714 9527
1708 1810 1
1487 93 9983
1418 33 2
382 753 1
2511 2232 9332
2094 2508 2
141 726 1
310 1006 9888
136 473 9544
1044 1717 1
839 1255 9565
65 1946 9125
756 2017 2
169 853 9480
174 872 9041
2497 1085 9252
275 1641 2
1247 398 9873
399 577 9592
446 2402 9376
344 2439 2
227 186 9009
2585 80 1
2397 238 1
370 623 9634
75 649 9585
308 26 9768
337 2561 9647
1562 429 1
1537 1013 9550
274 763 1
1678 2269 9468
2120 322 2
1706 990 1
1685 1962 1
166 2210 9247
791 1494 9005
2479 1867 2
913 465 9914
1301 922 1
741 1690 2
1564 1149 9274
56 754 2
996 1810 2
2037 450 9104
810 1593 2
2199 1601 9029
1811 248 9726
500 2286 9719
1430 241 1
882 1928 9725
2195 2282 9026
2015 932 1
2116 997 9523
596 1448 1
1025 1586 9675
724 1278 2
1715 828 9439
854 1091 9131
24 2533 9931
1799 2006 9934
1974 1843 2
101 1893 9976
1206 326 9511
938 2267 9216
1680 1908 1
1962 572 1
2042 900 9568
546 1321 1
1308 364 9129
2061 226 9712
1291 1227 1
746 2274 1
671 2150 2
250 49 9465
978 1889 2
1023 1027 1
1435 278 9906
122 2054 1
73 417 9640
2355 1426 9398
2496 652 2
1589 129 9105
1878 1953 2
2468 1739 9035
690 198 9766
1744 1813 9764
883 1680 2
2454 2276 9238
489 369 2
2018 111 2
2081 1182 9116
994 1172 9538
735 2238 2
788 2456 1
409 2272 1
2313 301 9670
935 2288 2
213 1992 9471
61 317 9821
430 241 1
1226 592 2
1244 126 1
198 2493 9395
193 1849 1
1092 718 1
1521 2580 9622
1164 450 9604
50 2238 1
1511 224 9882
973 673 9259
1778 52 1
2417 372 1
2307 453 9942
1606 481 9794
1943 2316 9075
1917 1072 1
2588 2532 9563
912 2331 1
1604 1098 2
1908 2149 1
794 2221 2
1557 61 9368
2443 242 1
2215 2546 9613
316 575 9386
607 2245 2
68 128 2
2157 706 9047
1069 2192 9317
1185 1119 9495
1929 92 2
859 1004 1
1214 1179 9022
1094 2232 9610
481 1049 9771
171 651 1
1147 862 9914
984 1945 9650
2204 2515 9736
1034 2077 9930
1672 1458 9207
2482 467 9117
528 183 1
2312 1065 1
1358 1531 9907
1748 2367 2
655 2367 1
1897 372 2
2172 57 1
1360 526 9639
1784 2428 1
413 1976 2
1783 2329 9431
1845 365 9755
1891 376 9794
2275 164 1
483 1830 2
1886 768 9548
682 1843 2
1773 2581 9369
1734 2356 2
688 263 1
2034 2517 9202
924 590 9897
2590 2410 9300
1064 222 2
1594 2472 9367
2346 2535 2
1568 950 9700
1381 97 9041
1266 90 2
1141 2199 9289
312 2315 2
2197 2234 9988
2049 54 2
574 1908 1
360 2342 2
8 354 9790
773 2253 9637
2403 1568 9271
196 1248 9554
526 2162 9600
2007 1368 9421
720 464 9388
1737 1384 9977
1115 777 9913
134 2533 9744
1722 1196 2
1067 1394 9991
1434 1243 9418
617 634 2
1056 1444 9402
1125 1546 9940
575 1531 9079
1723 1953 1
1570 2124 1
415 689 1
2377 444 1
94 2218 9193
2401 1169 9144
1015 926 2
38 2139 9828
243 2487 2
1278 1830 2
2389 246 9914
365 773 9687
1523 1542 2
1812 762 9088
892 1686 9513
2163 295 2
381 747 9246
110 1028 2
2591 2098 9366
170 1932 2
1370 1544 2
1414 1347 1
602 745 9134
70 92 1
1592 2245 2
988 2305 9962
1345 1562 1
1066 240 9245
33 232 1
1901 1313 9600
2583 2400 2
2558 1514 9263
1425 1567 2
496 689 1
2131 2154 9527
669 1843 1
2150 532 1
2106 507 1
182 418 9120
223 2056 1
956 2215 9631
262 85 2
1233 2480 1
1220 545 9125
2046 752 1
1088 1829 9948
168 2276 9612
1325 707 9403
786 401 1
1948 121 1
2070 1832 9383
1673 2293 2
1480 952 9656
1804 2407 9582
1970 452 2
1136 1381 9368
1843 2376 2
1710 1853 9548
296 989 2
1299 536 2
2362 2373 9611
932 1782 1
2065 397 9380
1182 192 9120
1087 814 1
2589 1279 9486
2153 290 2
1629 117 9146
1304 1034 9343
811 1482 1
542 2127 2
1409 927 2
1146 548 9500
265 2299 9122
140 109 1
1869 81 9824
335 2370 9036
632 1339 1
1016 1034 9824
645 1062 2
1285 2275 1
1772 79 2
878 1791 1
1194 1043 9955
922 1498 1
246 1547 9295
708 1750 9712
1709 2104 2
55 1995 9488
1168 615 9741
2452 124 9387
2208 2033 9129
1598 611 1
1050 2446 9194
1234 2026 1
1585 1256 9978
86 740 2
115 447 1
1297 1344 2
2014 2098 9511
523 555 1
1438 2362 9766
190 2117 9303
1161 1012 1
119 509 2
2407 475 9495
1265 396 9167
1963 1080 1
884 183 2
2270 364 9181
1981 1163 9913
797 1567 1
895 1101 9884
1918 1472 9163
744 1771 9604
1399 1114 2
391 1173 9026
2253 1651 9761
1871 1381 9363
1456 661 9267
229 1588 9623
1731 982 9479
178 2293 2
251 149 2
894 933 9688
2187 1762 9274
764 442 9473
2296 1512 1
235 1912 2
512 1401 9269
899 2123 1
615 1627 9130
366 1196 2
1423 780 9132
1490 219 9956
351 1459 1
1954 1140 1
2532 1041 9696
1122 802 9177
194 1810 1
1596 1024 1
828 1283 9870
2328 1982 9221
2264 730 2
1041 1215 9558
1556 1387 2
125 522 2
214 1650 9214
954 1315 9511
212 2079 9066
2110 2278 2
604 1572 1
1137 1271 9431
1100 438 9388
953 1816 9719
127 465 9212
737 1426 9189
510 1691 9242
66 1453 2
1989 1886 9894
210 378 9525
1692 1276 9198
2112 286 9608
1114 2428 1
431 1804 9677
1063 271 9435
1077 2510 2
1230 2047 1
986 1613 2
1383 572 2
2487 1962 1
1952 2417 2
1049 392 9578
549 2464 9180
1588 3 9371
1008 1424 9331
1348 1248 9736
1274 615 9668
2538 939 9389
2089 1937 9694
941 323 9769
32 840 1
1453 275 2
2575 1774 9883
1528 1094 9709
1086 2372 9527
104 570 2
2459 1681 9336
1630 677 9375
860 753 1
117 48 9045
1371 1844 9610
2572 612 9194
642 2491 1
1378 702 9443
2338 1021 1
618 2029 9102
1730 455 9260
2161 830 1
715 493 1
1926 1898 9084
508 2571 9821
2563 2314 2
870 387 9336
2508 1827 2
1153 2176 9919
1458 1745 9795
462 1412 9170
1837 887 9969
1212 2245 1
2539 869 2
1184 2449 9553
670 1722 1
130 665 1
1187 2588 9944
225 584 9967
231 230 2
2378 1951 2
424 1951 2
40 726 2
85 1383 1
2463 275 1
1531 473 9776
1502 2472 9420
504 228 9824
2509 1652 1
1780 768 9032
1294 1318 1
541 1101 9324
709 128 1
1099 2081 9645
28 1031 9806
1921 2275 1
1314 921 1
313 420 9050
63 1783 9040
683 418 9449
2102 149 2
2229 705 2
379 1029 1
1151 630 1
827 1542 2
472 165 9275
153 1981 9895
323 674 9521
555 728 2
367 1247 9517
1712 481 9446
226 944 9540
1649 2384 9696
450 2330 9252
728 2363 1
946 1591 1
1444 291 9182
234 515 9132
1551 2049 2
1957 1641 1
2086 681 9344
1104 2136 2
57 830 1
1927 293 9882
1240 1743 1
333 1962 1
1534 2335 9483
798 1257 1
716 1565 1
282 453 9792
1316 1157 9521
1457 1952 1
851 124 9633
1933 232 1
762 129 9424
13 954 9509
1964 2033 9624
1806 983 9951
2582 609 1
516 2503 9867
1401 833 9520
2286 662 9935
1083 2551 9790
584 2200 9411
148 895 9385
804 1404 9288
1321 1029 2
1817 1142 9009
69 1254 9734
793 2374 2
2531 52 2
1801 873 1
914 185 1
2147 1589 9131
1084 1179 9989
1622 728 2
396 2571 9341
497 2245 2
2581 1817 9931
952 2045 9335
2416 878 2
2408 2161 2
974 2152 9547
2336 1083 9331
1850 1369 9368
389 1416 9721
1694 1180 9354
2565 1985 9497
1253 1 9547
426 1048 2
2399 287 9367
1782 121 1
1464 858 9778
2180 1828 1
1613 725 1
2489 864 9486
915 1594 9637
1682 1726 9037
766 781 9192
1496 861 1
942 1113 9772
240 2164 9340
1306 1546 9888
2356 622 1
283 683 9570
521 2539 2
2527 2384 9734
1201 477 2
2431 2242 9364
428 1802 2
2040 1163 9160
1930 1070 9081
1426 1436 9007
2076 1069 9011
1847 1678 9170
1861 596 1
328 554 2
1431 1775 9342
591 2581 9393
2411 499 2
1218 505 9948
1574 1220 9519
693 1287 9628
2291 1204 9433
41 1978 9458
176 597 1
692 790 2
2176 1120 9825
813 2053 1
1196 1339 2
1958 2272 2
459 1282 9394
888 872 9708
403 2276 9934
691 1021 1
622 2363 1
576 654 2
1012 1867 1
1351 2333 2
2529 1931 9584
98 203 9162
1566 178 1
1268 185 2
606 1791 1
532 1339 1
2570 169 9285
1039 2367 1
2380 984 9120
276 1641 1
195 1302 9389
1959 2417 1
558 999 1
1256 2370 9484
1498 111 1
1385 1817 9036
303 1344 2
1474 505 9353
1525 1641 1
1030 462 9485
702 1081 9672
295 276 2
2177 1810 1
2426 2535 2
1085 1303 9884
2140 2367 1
1412 1980 9344
1131 1507 2
586 1309 2
2226 663 9531
254 1782 2
358 1516 9626
1126 964 1
31 644 2
132 1305 9471
2501 260 9980
2223 473 9486
1788 2018 2
2000 1917 1
353 408 9168
1130 567 9734
304 210 9765
1666 1613 1
2298 2428 1
1960 1288 1
1688 1775 9888
2425 531 9489
1660 1093 9364
598 1024 2
479 2040 9735
1072 1339 2
2242 2216 9624
2141 1804 9643
458 2258 1
1536 2402 9083
2455 2274 1
901 1275 9761
1445 907 9617
407 428 1
730 1376 1
1332 3 9177
2165 948 2
1481 572 1
422 295 2
961 2131 9727
2418 592 1
239 1569 9433
652 598 2
2438 1756 2
2474 523 2
404 514 2
15 965 9411
260 1797 9512
1983 155 9417
2530 1470 2
357 2516 2
1199 185 2
1907 1534 9272
1514 4 9626
2262 1070 9545
1902 1185 9182
209 735 1
1387 338 1
1985 2392 9830
179 1699 9450
2429 225 9485
2193 1937 9751
1504 976 9217
2145 173 9354
1693 498 9884
2373 465 9559
1467 2215 9720
1128 2026 2
2282 1688 9714
1777 238 1
689 2539 2
2080 1981 9717
218 1710 9244
609 2177 1
175 1024 1
2404 1467 9759
2324 2257 9959
1876 2241 1
1443 816 9816
30 943 1
1366 1659 2
394 514 2
1106 1717 2
1144 721 1
1225 613 9685
2551 2495 9794
2548 1055 2
142 1900 9313
434 1893 9208
2036 2286 9745
369 220 1
1429 1100 9880
1663 2076 9404
1677 1092 2
887 343 9519
1864 1494 9572
350 2510 2
2392 2575 9855
837 1869 9373
2260 433 9702
2146 1825 2
2013 651 1
2069 664 9339
442 834 9531
1661 1659 1
2 108 2
114 333 2
1626 1498 2
982 293 9053
471 1526 1
1665 2317 1
290 2173 2
2354 1721 2
1764 2359 9600
569 1253 9708
846 2227 9069
2359 396 9111
461 135 1
2231 2326 9463
2343 401 2
1750 1839 9701
2011 815 9475
420 2325 9911
1776 654 1
603 289 1
1465 21 2
647 1189 2
71 1630 9798
2492 581 9267
1124 2078 2
493 2127 1
547 1691 9913
1999 1873 9989
2423 1713 9481
2234 518 9572
710 272 2
1352 1866 9465
2415 319 1
1302 1994 9398
2190 2247 2
270 78 9472
1942 436 2
181 846 9317
2457 350 1
947 170 1
1883 2463 1
1391 2467 9860
2471 1334 2
2552 971 9552
62 1307 9641
1091 2198 9701
2513 1330 9604
2381 2159 1
1407 1313 9501
1260 2226 9737
1729 1313 9636
1781 1438 9192
761 2367 2
2088 1169 9143
2410 1907 9164
2003 1598 1
112 1601 9090
2249 2164 9185
1312 634 2
22 497 1
911 872 9337
2288 2165 1
1428 2572 9198
2567 2182 9103
138 2035 2
934 1350 9236
1403 2343 2
1261 1 9894
2467 787 9840
494 1851 1
192 389 9614
1341 2026 1
1165 342 2
2241 296 1
1552 2147 9110
1140 1409 1
2428 426 2
1645 784 1
157 1936 1
1433 1836 1
2051 830 1
1667 471 2
2041 2028 2
1607 2225 2
1998 1241 2
455 757 9194
1062 2190 1
2342 6 2
1597 31 1
1700 1357 1
2504 2286 9556
189 1739 9570
52 1684 2
247 164 2
469 2027 2
1411 989 2
2235 1599 1
2305 2414 9002
1211 809 1
2113 1953 2
585 1781 9943
150 2542 2
329 1593 2
2092 299 9405
572 869 1
1415 2105 2
1532 69 9938
1459 1962 1
2170 2144 9022
1573 48 9603
1973 2113 2
1389 1757 9400
103 267 9547
2273 47 9073
1657 1329 9202
95 840 2
411 366 2
1258 1079 9996
1019 419 2
1721 1314 1
2244 2035 2
2435 296 1
862 89 9349
1362 815 9383
417 450 9346
1818 1302 9694
2099 1892 9577
436 419 1
2256 2208 9227
1990 1682 9856
1735 740 2
437 1465 1
502 1458 9314
1495 2098 9389
1549 2325 9609
1472 1950 9707
1831 377 2
1900 1751 9170
375 1607 2
1470 1046 1
1051 46 1
2278 1139 2
216 1804 9471
1127 1201 2
928 1478 9789
1070 1719 9837
2325 294 9243
573 121 2
1460 2019 2
770 1183 9537
789 1500 2
2334 1795 9552
1565 742 2
945 819 9348
467 1428 9805
2248 185 2
2433 1849 1
1181 31 2
158 672 2
1641 372 1
1910 2043 2
495 752 1
1600 2512 9074
2274 689 2
1038 1002 9432
145 1611 1
729 1529 9326
864 1517 9748
315 1542 2
1209 422 2
1676 1567 1
897 179 9882
34 577 9725
949 875 1
910 2188 1
2523 1423 9545
1270 80 2
2206 1522 1
126 2149 1
1768 2589 9944
1675 1064 1
704 1573 9886
1292 2387 2
200 1447 2
2450 1074 2
1867 429 1
4 1084 9749
433 980 9699
163 2520 2
1320 1428 9710
80 2149 1
1377 1394 9969
491 1647 2
1896 923 9422
2366 2460 9440
362 1531 9174
755 1192 9786
1229 1084 9802
167 272 1
658 25 9228
1078 563 9782
1849 753 1
1994 265 9212
230 728 1
2028 1572 2
1451 1024 1
475 1086 9159
25 1463 9431
1494 1016 9372
705 170 1
1508 31 1
1548 594 9267
2357 2064 2
657 1625 9971
1860 1983 9310
1197 1338 9551
857 601 2
1143 1829 9042
29 1611 1
638 424 2
926 2245 2
781 2518 9786
891 2479 2
2082 1846 9842
2048 428 1
1828 1633 1
2137 1048 1
972 1231 9263
610 43 9289
1646 124 9993
1717 222 1
1052 1481 1
1529 1944 9849
2580 2499 9540
1479 918 9538
261 240 9508
77 296 1
2025 873 2
482 55 9319
1833 125 1
1543 1447 2
785 1502 9854
2205 132 9480
2185 1776 2
2043 92 2
1893 707 9426
921 1196 2
1176 1283 9289
1317 1572 1
2533 2560 9321
232 1782 2
809 863 1
1595 2190 2
727 1303 9950
700 1727 1
1915 1905 2
2584 430 1
536 2428 1
1046 1717 1
959 657 9588
2476 2224 2
659 1016 9971
1690 2104 1
600 2454 9105
529 705 1
2123 497 1
341 2086 9945
79 1695 1
736 1355 2
321 454 9132
1259 569 9255
963 2556 1
665 1482 1
1725 222 1
2314 1201 1
2465 388 1
820 1181 1
1770 598 2
1787 2127 1
1324 416 9081
11 1536 9838
2526 1960 2
2524 1066 9706
1154 653 9578
1759 944 9716
830 698 2
1740 1783 9184
2130 1716 9432
1713 988 9797
2547 1287 9114
1982 2550 9505
818 1765 9861
1653 703 2
2515 1920 9169
918 1224 9582
1853 416 9831
64 899 1
1620 534 1
1138 1688 9365
1190 2062 1
1803 2382 2
384 2202 1
372 1953 1
1477 352 1
1223 1559 9812
717 790 2
582 1664 9110
1601 966 9429
1424 1887 9885
10 2190 1
248 1799 9331
1651 1568 9414
1396 1808 1
725 477 1
1561 1716 9452
376 16 9297
128 863 2
2216 1059 9414
613 323 9713
1741 963 2
2535 2281 2
2111 1154 9217
2259 2216 9310
983 2249 9480
723 495 1
1624 939 9101
2078 1339 2
2135 386 9125
2224 1019 2
173 812 9289
619 1088 9646
76 1989 9224
387 2348 9368
1742 1029 1
1658 1816 9849
2473 531 9625
1400 2004 1
944 2555 9692
2300 994 9764
2326 0 9188
2510 644 2
2020 786 2
1961 1618 9900
1753 713 9000
1166 1035 9461
1455 1122 9754
1331 1304 9157
306 1370 1
21 1597 1
51 2286 9860
787 402 9653
2521 2062 2
302 2398 9058
486 1808 2
2143 2031 1
1257 1725 1
838 840 1
1334 88 1
1356 857 2
59 2506 9810
768 277 9033
96 477 1
866 1998 1
677 2128 9760
2194 61 9510
627 1696 1
2493 1252 9706
1090 1545 9180
1109 687 9665
2142 106 2
2444 1304 9054
721 840 2
2202 1139 2
346 1094 9586
342 1867 2
1338 1224 9295
124 1458 9144
951 2430 9610
660 2012 1
1774 1961 9925
100 1661 1
2333 665 2
750 2098 9494
2243 473 9915
319 705 2
1020 495 1
1560 1500 2
1202 1542 1
2258 2418 1
2023 294 9081
790 1639 2
1842 642 1
550 2246 1
395 2227 9408
1852 683 9326
2155 1960 2
624 1310 9075
1689 821 9199
1330 858 9480
1158 296 2
492 1495 9499
802 608 9151
1621 1277 9716
1602 1167 9251
1732 1671 9894
211 344 1
236 263 1
1512 1159 1
348 1772 1
1875 1136 9920
1413 123 1
2537 926 2
1558 47 9963
1298 352 1
2406 1885 1
1501 2371 2
2579 1021 2
977 780 9130
2096 8 9463
120 1123 1
448 555 1
2289 706 9990
514 109 2
1988 641 9907
217 1713 9919
780 2117 9244
1746 690 9728
2159 1048 2
1707 1953 1
6 2361 1
880 1861 1
559 13 9564
2083 488 9297
685 1200 2
2569 5 1
2068 2202 1
1714 76 9421
2006 2252 9562
447 1776 1
1 1964 9600
1822 1476 9093
885 1297 1
538 2087 9244
465 744 9059
2097 813 1
1186 1163 9470
2451 1031 9043
1368 2295 9031
748 874 9237
507 1542 1
2427 246 9148
2564 1321 2
769 975 9854
667 1936 2
1076 630 1
1765 307 9026
1203 128 1
871 2082 9132
1922 845 9400
2542 1567 1
1323 962 9207
2103 2156 9253
165 0 9481
2458 1601 9399
1355 2028 1
47 2157 9653
281 367 9198
1656 2385 1
1450 2275 2
108 1108 2
463 1256 9142
590 1013 9215
1309 107 1
675 1245 2
347 2065 9649
1956 2063 9898
2297 970 1
184 2022 9273
795 2505 9106
1200 40 1
1365 282 9450
160 1194 9092
135 2367 2
694 1013 9722
2125 362 9433
3 795 9811
597 2542 2
1615 2060 1
2175 2007 9495
42 1155 9576
2360 1481 2
1872 57 1
224 1438 9951
1858 1453 1
1599 1209 1
1912 1097 2
1745 2485 9741
799 2412 9134
1296 1875 9509
1848 983 9335
2250 381 9157
2117 1184 9295
1758 2330 9234
1821 523 1
1120 1601 9004
1808 698 2
877 1783 9248
842 995 1
1789 762 9031
2138 1425 1
1520 1573 9002
288 2034 9330
1188 929 1
2385 1019 2
2024 1449 1
2220 205 9268
2402 1733 9996
2021 964 2
2432 2513 9379
1997 1469 9527
1751 1927 9385
903 2447 2
2387 2246 2
1263 310 9669
368 1072 1
976 1890 9557
965 2277 9362
1483 1969 9547
2449 1084 9529
970 107 2
102 22 2
1701 2528 9851
650 104 2
1855 155 9374
1638 2064 2
84 517 9476
968 375 1
1228 1408 2
1899 1913 1
2181 1698 1
1499 557 1
1940 2041 1
2466 2308 9616
852 1453 2
991 2545 9726
1503 928 9503
245 921 2
2255 1543 1
440 998 2
1189 873 2
1149 462 9496
1167 2067 9295
1097 1544 2
676 1500 2
1639 998 2
1462 292 2
1726 2580 9605
2060 863 2
2225 1802 1
2393 718 1
2379 543 1
1172 1296 9656
653 168 9875
722 2292 9391
2016 1930 9719
425 410 9364
1093 882 9165
2308 1750 9464
920 894 9001
2263 969 9706
701 176 1
1995 1369 9643
2528 2421 9547
2568 387 9126
37 304 9701
2577 2418 2
1475 2109 2
1936 986 2
776 2524 9962
1033 1280 9605
1183 1753 9759
2201 921 1
979 1951 1
654 774 2
975 1178 9775
2001 2363 2
1809 1914 9167
1232 1901 9905
1410 2258 1
641 1536 9469
1578 1309 1
487 913 9403
1397 1748 2
1269 7 1
17 1277 9914
106 123 2
2268 728 2
2238 2536 2
1155 663 9311
731 2016 9490
1073 2040 9473
2398 2067 9636
99 21 1
273 1870 9756
1880 863 2
39 1220 9991
697 760 2
36 1463 9140
524 1927 9807
2240 1614 1
1243 1577 9049
1506 2191 2
1535 2301 9907
1216 2040 9713
1582 1546 9332
533 1493 1
1469 1545 9021
2031 1294 2
2445 1905 1
1210 1196 1
2012 726 2
808 598 2
1290 641 9254
783 1953 1
1633 1468 1
777 195 9589
2251 823 9236
1674 127 9318
1844 2540 9671
2491 860 1
2311 1261 9190
527 1389 9499
2227 2167 9463
1889 689 1
1684 122 1
1761 1805 9469
1631 2410 9843
1461 2022 9419
2219 644 1
1766 96 2
2488 2183 1
964 1024 2
767 1041 9514
649 332 9867
1771 2086 9603
2188 1905 2
1509 641 9283
1885 1912 1
1825 849 2
560 1110 9964
1135 188 9417
2211 2077 9303
2279 2095 2
2044 2165 2
509 7 2
1699 1168 9899
1110 951 9052
651 2140 2
807 144 9070
2345 183 1
222 2539 2
2058 1087 2
152 835 1
1005 2027 2
449 2425 9505
2022 335 9744
2072 1812 9046
1441 2448 9546
2500 698 2
1287 905 9568
2303 956 9456
841 1728 9277
778 263 2
564 2576 9507
2361 2487 2
1976 689 2
1916 1309 1
1018 2159 2
1333 1618 9146
2391 503 2
1180 1927 9152
253 226 9852
2160 1357 2
2499 1170 9774
1945 229 9603
320 1157 9892
853 1689 9913
646 2066 9326
1760 1246 1
875 634 1
1868 1493 1
831 2520 1
904 1260 9535
2335 980 9842
1835 907 9959
1584 1689 9831
1113 1817 9342
1446 998 1
1797 154 9553
1611 1024 1
1754 2552 9818
1705 567 9369
159 118 1
453 37 9774
2365 1186 9004
137 383 9657
2167 1053 9300
760 1007 2
2550 1926 9064
1898 1327 9521
643 503 1
72 480 9087
2062 128 2
539 1924 2
933 769 9528
2485 2407 9500
981 2289 9778
2464 2504 9189
1014 889 9262
356 404 2
197 2328 9235
1042 2121 1
1421 351 1
1904 1119 9014
1887 204 9865
2002 2417 2
1859 863 1
1476 1328 9425
662 423 9859
2409 1000 9056
378 2115 9769
2246 471 1
2483 753 1
1454 2174 9058
1716 365 9637
1752 2183 2
1163 1864 9240
2064 838 2
1043 2128 10000
2503 2472 9533
695 45 9461
1664 971 9115
1749 158 1
1702 2369 1
1053 255 9333
2091 1639 1
2555 1274 9948
1319 173 9298
297 1006 9733
1254 2175 9473
1980 189 9473
577 1819 9004
1505 2425 9903
703 532 2
2059 1573 9749
738 748 9126
2196 1442 2
499 1028 1
2315 1484 1
490 2453 9120
2470 2287 9467
259 2377 2
752 2417 1
2056 1868 1
2574 141 2
1372 1737 9974
1328 633 9568
849 96 1
1145 1640 9091
1393 1672 9731
1191 1344 2
2261 1646 9411
1634 474 9781
1516 133 9163
1992 1757 9085
2388 941 9522
2203 189 9833
1024 419 2
156 2506 9203
1798 784 1
1388 1074 1
931 200 1
1832 2234 9408
2560 2236 9710
1576 1763 1
1728 2259 9296
2239 1876 2
2369 1843 1
1786 670 2
1544 1932 2
2586 1173 9975
1691 2482 9601
1810 572 2
1142 2558 9637
338 1889 2
1222 639 9166
1156 718 2
2578 2419 1
1767 1196 1
2074 1959 1
2587 1915 2
1991 1468 2
1733 2211 9339
187 1395 9430
2085 237 2
506 481 9115
832 1951 1
1029 2245 2
1888 2089 9635
355 1770 2
488 1817 9486
1955 2052 9391
990 1527 2
466 204 9173
759 1099 9243
1175 1621 9108
1303 680 9131
519 1192 9108
1213 1804 9305
2232 516 9326
714 1908 2
2198 219 9174
2395 951 9982
2540 2092 9198
324 755 9544
161 459 9431
2039 1664 9257
2301 2076 9679
1065 1685 1
2107 2131 9055
1519 1196 2
162 1127 2
1800 2589 9602
1286 2192 9390
1605 2330 9993
980 2203 9425
644 2363 1
74 337 9791
1048 869 2
257 1491 1
753 1339 1
2541 2132 2
58 824 2
997 1737 9821
1293 625 2
855 969 9740
865 659 9541
2009 1757 9027
819 1338 9894
1432 1621 9902
2376 1019 2
513 1909 9612
2448 2543 9147
1827 616 1
1342 1123 1
1159 447 2
868 1240 1
2441 1768 9609
1246 996 1
1277 1528 9725
268 1552 9471
1119 208 9955
1587 680 9773
1903 1748 1
2442 2002 1
666 2376 2
2469 29 2
2067 2069 9974
143 914 2
2507 2266 1
2520 1735 1
1117 418 9601
2478 2564 1
1231 1643 9863
1002 757 9203
1865 1002 9986
1121 979 2
2280 2588 9295
876 1231 9636
1468 1397 2
272 243 1
1704 2495 9260
772 2433 1
2390 1950 9940
1436 1277 9918
2304 483 1
1295 2524 9631
1379 1086 9622
919 39 9320
583 2164 9354
1068 1480 9400
1207 2128 9528
414 761 1
2217 1268 2
2562 1160 2
629 1519 2
1416 2555 9798
687 1350 9568
1129 1142 9437
1628 1031 9211
588 1002 9810
1679 6 2
814 2106 2
1252 2075 9912
93 2365 9976
1061 427 2
90 2121 1
1696 2487 1
2272 2566 2
673 1000 9088
2093 1454 9053
457 668 9720
733 1365 9242
568 1690 1
2506 410 9075
1350 181 9679
1272 689 2
233 2202 1
2522 693 9779
562 1563 1
2038 205 9661
1698 368 1
1655 2138 1
318 184 9261
2047 1409 2
14 1951 2
1610 1378 9219
2071 2144 9411
2030 2484 9736
2104 542 2
208 1580 9101
614 2219 1
1769 2165 2
1924 295 1
456 862 9029
2386 965 9213
1346 2286 9183
289 634 1
398 179 9312
1856 26 9672
1644 2026 1
2053 1413 1
2516 2367 2
1906 1866 9965
1541 688 1
1440 634 1
2158 1921 1
374 654 2
105 2487 2
620 3 9541
2008 354 9418
397 1813 9376
1236 2022 9787
60 1093 9286
2437 1957 1
1500 444 2
616 1735 1
515 2532 9168
405 1099 9306
238 222 2
1437 2441 9623
5 869 2
485 1832 9362
220 372 2
2265 1766 1
881 60 9124
1241 1419 2
186 1378 9508
845 1642 9394
751 1858 1
294 2525 9821
925 2483 2
1583 1619 9048
1612 1082 9250
1650 59 9223
2156 2512 9949
1095 1025 9857
121 699 1
330 2125 9328
1059 2423 9695
1794 796 2
719 2317 1
271 1781 9737
1841 2493 9738
1178 1629 9678
164 106 2
2214 373 9744
608 81 9221
48 841 9931
1335 2416 1
1820 1222 9706
1813 2289 9020
2207 2397 1
1881 578 9280
385 15 9794
1279 1761 9949
2494 1932 1
796 1752 2
264 960 9304
2285 83 9342
1966 1447 1
392 583 9161
1866 1173 9230
943 372 2
540 1733 9406
377 237 1
1281 2418 2
563 1218 9178
205 2129 9112
1492 1145 9722
2561 131 9423
2320 1412 9260
118 1080 2
927 427 1
1417 2008 9554
2371 1200 1
551 96 2
287 2581 9331
1581 726 1
340 238 1
706 877 9814
1938 222 1
1671 1886 9205
784 1884 2
219 2449 9379
419 222 1
1238 1844 9566
451 47 9145
2169 452 1
1327 1979 9458
2010 400 9410
2462 2164 9070
530 369 2
2084 1968 9194
2154 2210 9911
2505 1372 9988
2173 542 2
1972 2393 2
2294 292 1
1027 1959 2
1882 1162 1
1905 698 2
1171 292 2
511 1725 2
1449 1039 1
2189 1460 1
1001 1720 9332
1986 2038 9344
2316 186 9197
2032 167 2
698 2363 1
893 2202 1
154 2414 9190
1533 2259 9013
2105 1908 2
1669 2227 9222
1854 1573 9675
989 2443 1
1442 990 2
1096 1060 2
557 1763 1
2553 1743 1
146 863 2
2422 1944 9179
679 1259 9474
1478 73 9376
82 691 2
1609 2096 9199
872 2423 9240
2254 2135 9292
2222 1049 9221
1920 1296 9955
1219 2232 9357
359 186 9104
9 2436 2
2405 229 9436
628 1485 2
565 414 2
823 144 9863
1491 2054 2
1971 1110 9102
1359 2566 2
1344 1613 2
930 1539 9589
844 1175 9550
202 1299 1
2191 1966 2
1340 71 9207
1727 1676 1
1632 1057 1
2079 907 9319
228 1247 9854
1227 761 2
1993 277 9568
801 2522 9732
1000 1713 9331
1422 1100 9187
280 486 2
2461 1422 9581
2114 1240 1
16 190 9061
284 139 1
745 1322 9577
199 1666 2
916 1203 1
1937 2519 9591
1208 2174 9520
1488 1849 2
2544 1736 9520
1838 1251 2
2184 2136 2
1006 2444 9925
578 1340 9767
147 414 2
2052 679 9436
23 1776 1
2331 118 1
180 1109 9562
545 78 9386
1965 1962 2
1555 1211 1
87 1573 9920
2126 1245 1
345 80 2
266 1015 2
410 1969 9841
1054 2534 2
754 611 2
1662 20 9046
595 2528 9127
361 1193 2
1711 2136 2
1310 937 9668
1326 1701 9408
498 2182 9157
380 913 9752
1134 2417 2
1593 106 1
1337 497 1
1395 1978 9324
579 1703 1
1173 1461 9367
1105 2444 9925
966 142 9517
803 2490 2
771 156 9392
1251 30 2
1318 2245 1
1249 20 9957
726 415 1
2295 2215 9958
242 1196 1
2066 1547 9592
478 2286 9680
332 1105 9137
836 2358 9931
2095 1491 2
109 728 1
969 549 9288
460 2336 9221
1743 1060 2
1010 176 1
1539 506 9457
517 2052 9922
191 166 9302
684 2088 9747
571 2336 9255
636 1383 1
1405 1035 9840
1486 2569 2
364 124 9175
1452 1231 9913
1004 698 1
749 891 2
2344 143 2
1590 120 1
2171 1852 9409
1569 1013 9238
639 851 9965
566 2366 9541
2367 1953 1
2276 451 9867
1884 2225 1
2055 961 9882
1996 1108 2
1060 372 1
2317 2433 2
556 1430 1
1545 764 9894
879 1060 2
301 1990 9605
955 153 9046
2148 1453 1
2149 262 1
707 975 9326
402 1182 9886
2017 223 1
621 1092 2
2233 1695 1
896 276 2
2306 1897 2
765 1559 9672
1756 1976 1
993 817 9231
2358 2103 9604
1580 1207 9660
1036 1370 1
1931 1466 9595
1300 481 9959
635 2419 1
1617 315 1
131 455 9622
1248 456 9734
867 1389 9149
123 222 2
2384 1795 9191
1045 1595 1
1170 381 9821
2124 193 2
2519 1713 9012
339 1517 9946
2347 891 2
1289 2451 9707
800 2245 2
2554 1406 9033
623 2092 9923
1969 2116 9159
908 707 9482
2453 2069 9256
443 1862 9273
334 2463 1
1079 858 9456
1559 2454 9759
67 670 1
890 2394 2
835 366 2
116 1575 9816
2050 2352 2
293 186 9331
1420 1692 9235
656 2017 1
1654 519 9037
1839 982 9793
2446 2326 9060
1098 1711 2
2292 2107 9641
2101 2566 2
1011 1850 9872
1373 2153 1
1627 874 9792
886 1432 9296
1288 555 2
1977 352 1
1851 643 1
1082 750 9613
1057 726 2
1339 2363 1
2257 1249 9222
1058 44 9786
1567 272 2
1951 461 1
383 1305 9193
249 1802 2
774 989 1
2372 2519 9335
2004 2382 1
1530 963 2
54 1266 2
473 1835 9072
907 1870 9619
2221 782 1
454 1650 9579
863 2417 1
2557 1453 2
2559 2555 9149
2277 1582 9011
401 992 1
2230 116 9689
1614 369 1
960 1601 9167
1738 2274 1
626 665 2
2351 2379 1
958 838 2
2128 1925 9135
2134 720 9154
373 1956 9975
1815 1405 9095
204 431 9616
1554 1498 1
957 539 2
2127 2534 1
292 698 1
1485 2062 2
2477 1476 9368
1911 999 1
1670 425 9274
26 582 9704
2192 2570 9429
129 1220 9633
1390 1203 2
696 1895 9894
172 2224 1
874 668 9673
2440 2084 9874
1080 275 2
1647 2060 2
1829 1461 9674
967 2199 9362
1618 1431 9709
1890 1070 9923
1877 616 1
2174 2386 9445
1283 1981 9466
416 2144 9479
299 1178 9110
553 1226 2
2382 1782 1
580 1892 9207
2266 158 1
484 828 9355
1264 644 1
2394 943 2
307 1956 9356
1107 185 1
1819 431 9346
206 2481 9147
567 1110 9568
2421 2468 9574
599 1696 2
850 2263 9382
1021 185 1
1946 1120 9990
1757 1324 9433
1925 465 9779
1824 1448 1
2484 1384 9511
630 388 1
581 776 9586
2566 441 2
1074 1717 1
2534 644 1
2430 431 9489
2495 679 9356
501 1830 1
45 1014 9360
1507 2317 1
1022 116 9077
2549 1123 1
279 992 1
1103 1371 9840
739 30 2
2573 2078 2
203 1584 9006
1375 35 9500
2518 2151 9152
1785 1810 2
681 792 9734
1826 372 2
861 644 1
2054 2417 1
856 706 9838
435 1764 9937
605 2234 9455
2502 596 2
439 1727 1
544 2056 1
2363 1932 1
633 1143 9102
522 242 1
552 1143 9211
1524 763 2
480 2481 9000
1026 530 1
734 1349 2
535 2483 2
1862 892 9768
661 1089 9117
1791 107 2
393 483 2
1846 1720 9687
1071 594 9837
2486 1571 9515
806 1839 9771
2057 1915 2
155 1982 9154
2236 13 9784
188 1580 9763
444 753 2
2546 353 9817
2419 1849 2
611 1951 1
285 589 9735
2035 272 2
1762 1395 9430
1152 1871 9538
678 32 1
1636 668 9426
2100 1244 1
2436 1139 1
1112 688 1
1471 2353 9080
1527 814 1
1695 2535 1
27 3 9797
520 378 9318
1150 1852 9574
2517 87 9415
2027 1193 1
144 55 9996
1814 1635 9802
1357 1077 2
412 1173 9286
2151 1367 9390
664 215 9956
468 2099 9568
743 1147 9134
371 2569 1
594 967 9747
317 2059 9307
1313 818 9745
1718 1453 2
2348 11 9066
1944 1235 9405
2182 1982 9940
2109 123 2
906 2225 2
1013 1728 9534
1515 2258 2
740 644 1
1517 1323 9672
1484 2592 1
1879 1441 9627
2284 1799 9920
1571 2366 9083
2543 24 9933
1687 255 9802
111 1196 1
336 861 2
2310 136 9184
1075 486 2
2400 1655 1
1489 1368 9637
298 1069 9689
1315 2383 9547
672 40 1
1493 2064 2
561 100 2
713 1999 9340
133 2370 9304
1343 990 1
113 1733 9659
637 131 9048
1007 1508 2
1928 1781 9357
1255 277 9681
1392 94 9688
634 2569 1
1807 41 9708
1950 386 9890
1427 564 9050
1394 1395 9630
2309 2322 1
1040 33 2
1116 1371 9481
757 694 9672
1139 670 2
1747 1519 2
843 1046 2
985 2526 2
1779 851 9934
640 718 1
325 559 9345
1979 1587 9085
352 1565 1
711 166 9984
518 2175 9000
1834 833 9650
258 168 9444
758 1244 1
2228 1860 9924
1579 1001 9870
386 294 9281
1271 1601 9664
81 1612 9266
833 1085 9134
1792 2057 2
2287 273 9914
2118 1460 2
1132 2141 9803
940 597 1
255 62 9728
2136 665 2
97 1472 9261
1909 1152 9288
2119 490 9968
1102 1658 9194
423 2590 9736
805 2577 2
840 2539 1
1697 2542 1
1919 40 1
2319 688 2
2481 1102 9330
2353 2499 9592
2480 401 2
1575 418 9522
1177 1931 9346
107 2539 1
2073 2539 1
1642 2444 9736
2179 900 9400
1028 665 2
1668 853 9676
998 1722 1
1648 1156 1
2129 212 9347
1923 1162 1
53 490 9916
1840 40 2
742 644 1
2005 451 9371
962 1671 9508
923 416 9411
244 1245 2
438 273 9253
49 28 9095
2183 139 2
817 1896 9571
408 45 9599
779 618 9783
2321 82 2
1978 909 9306
278 1906 9320
1681 1739 9037
1941 367 9459
1009 1300 9736
2122 1548 9220
663 1456 9402
1406 2512 9025
1892 2122 9964
2514 514 2
1108 2535 2
1913 384 2
1652 1676 1
2178 1304 9961
1322 1845 9285
2396 2002 2
2592 2202 2
2330 1025 9985
20 1489 9156
2364 332 9341
2525 1531 9200
88 135 2
1968 2251 9423
1547 463 9728
2318 511 1
1364 736 1
505 196 9646
792 1274 9770
151 287 9011
241 243 2
314 2127 2
1032 2462 9378
869 644 2
1376 2274 1
1157 821 9808
2322 2367 1
2209 1554 1
1553 2012 2
2498 2080 9562
1805 674 9513
747 1331 9724
1542 1611 2
1987 234 9941
1934 2328 9782
2413 2120 2
873 123 2
2045 1170 9903
593 1235 9955
1739 1368 9096
1796 2292 9564
2412 1471 9655
1572 1953 1
1619 2330 9725
1857 952 9912
1447 90 2
2252 1277 9024
427 489 1
2139 1194 9394
1245 441 1
1873 1434 9212
441 705 1
909 2034 9041
221 936 2
1518 1147 9500
1408 1828 2
1031 2174 9457
2283 1028 1
1720 2546 9239
1361 1279 9662
1017 2360 1
917 2263 9937
83 2482 9440
2434 1966 2
418 1216 9137
2456 79 2
816 961 9113
1305 277 9270
1347 2041 1
1790 987 9646
1448 1024 2
263 869 2
2472 2061 9123
2200 285 9870
1939 151 9869
1336 692 2
686 869 2
354 545 9443
2152 2077 9838
699 372 2
1635 2458 9940
1215 2157 9869
1953 1932 1
2576 1557 9075
1586 474 9003
1047 1950 9467
2374 494 1
948 2150 1
207 765 9843
2439 1347 1
1386 937 9197
1055 441 2
326 2404 9895
331 2516 2
1224 1927 9814
1349 2258 1
2420 1449 1
2267 1658 9123
2077 1514 9044
1354 1841 9523
848 1557 9896
1540 624 9507
269 644 2
300 1073 9630
2019 440 1
905 1888 9665
12 107 1
889 1670 9358
400 1102 9888
1984 2070 9172
1111 1466 9875
349 2528 9600
1947 2178 9069
2063 1879 9489
534 728 2
999 123 1
1284 387 9850
2327 1891 9331
815 520 9809
971 1758 9864
0 267 9830
256 2474 1
612 653 9527
1703 143 2
1195 27 9879
2370 188 9213
631 310 9725
1367 2257 9648
429 2367 1
1830 1196 1
822 2131 9287
1526 2113 2
718 2363 2
1975 80 1
149 1948 2
277 1197 9430
2218 354 9752
1659 2536 1
1235 2492 9451
201 2332 2
1353 1839 9556
2545 2072 9701
995 2574 2
2424 827 1
2460 1323 9305
1081 3 9381
1683 624 9804
1374 2418 2
1242 5 1
2029 1901 9798
1550 275 1
2556 666 2
1118 1439 1
390 164 2
464 1222 9865
1037 2237 1
1894 421 1
2026 2288 1
2213 1212 1
267 2477 9786
1577 1822 9739
2383 2349 9567
1404 1142 9512
1616 477 2
1816 2429 9252
531 945 9662
1510 1715 9387
477 1953 1
1640 2388 9998
1123 1449 1
937 2086 9627
2368 2123 1
2329 2565 9721
1823 1576 2
388 67 1
2475 1593 1
237 2028 1
1311 1045 2
1250 705 1
1439 1622 2
1192 1071 9979
2332 2278 1
43 2589 9611
680 2284 9147
826 457 9034
78 456 9622
1802 742 2
177 636 2
1193 1383 1
445 2381 2
1275 2016 9411
929 1958 1
1874 767 9568
674 1815 9851
821 1531 9572
1133 81 9055
537 830 2
2247 1544 2
1363 1424 9107
1643 451 9952
2115 72 9558
2133 32 1
2210 2243 9200
474 239 9651
2121 2281 1
1513 2525 9544
834 2286 9756
1273 761 1
587 1445 9480
305 835 2
470 527 9608
1591 2041 2
18 1915 2
476 1746 9903
1724 1572 1
1307 2010 9718
1419 914 1
421 2418 1
2108 728 1
1895 35 9033
1035 1350 9385
1637 922 1
2536 222 2
1563 2275 1
2098 871 9629
548 1892 9926
1262 917 9680
1538 1000 9301
1863 2373 9656
1267 1239 1
1148 2012 1
824 931 1
46 1065 2
936 1039 2
2352 1808 1
1763 366 1
775 423 9780
2075 1800 9930
1280 420 9618
589 1313 9850
825 661 9378
1174 2322 2
2271 1353 9985
1914 1649 9587
950 2210 9978
601 725 2
1967 1787 2
1282 2575 9079
35 1627 9240
19 1760 1
992 921 2
2186 1231 9978
2323 427 1
363 1040 2
1603 703 2
185 2367 1
1369 733 9569
1795 1136 9362
1276 781 9769
625 893 2
2212 2228 9038
1198 1806 9493
900 1463 9963
898 1888 9542
1382 2356 1
1625 1584 9462
648 1495 9528
1402 883 1
1160 232 1
291 1549 9432
2087 297 9830
1793 840 1
2571 1093 9970
2375 495 2
1497 2066 9030
91 863 1
2090 270 9051
7 1802 1
252 2159 2
183 2127 1
89 2276 9719
2490 185 1
1237 2470 9648
668 1980 9552
2164 588 9958
1101 1155 9864
1003 739 2
987 1050 9483
1473 1520 9432
2168 1418 1
1398 1335 2
