96 94 1
90 85 1
84 44 2
34 55 2
41 33 2
55 56 2
57 86 2
35 31 2
91 10 1
3 45 1
10 16 1
30 0 2
95 2 2
44 36 1
87 92 1
13 42 1
29 25 2
27 41 2
73 66 1
86 5 2
74 79 2
58 94 1
88 34 2
40 0 2
53 86 2
7 61 1
28 73 2
5 81 1
26 0 1
18 29 1
56 60 2
61 86 1
31 91 1
65 40 2
77 0 1
92 7 2
50 0 1
23 51 1
20 3 1
52 38 1
62 30 1
64 70 2
75 85 1
49 39 2
63 0 2
68 80 1
80 89 2
38 57 1
25 23 1
83 0 2
82 64 2
76 87 1
43 46 2
72 32 2
60 76 2
59 0 1
85 95 1
36 68 2
47 0 1
67 0 2
9 0 2
22 0 2
1 38 1
45 44 1
42 20 2
32 61 1
14 2 2
2 56 2
94 85 1
4 30 1
51 49 2
81 84 2
48 30 2
89 35 2
71 0 2
70 18 2
15 0 2
8 21 2
78 43 2
69 0 1
79 93 1
24 0 2
66 13 1
16 64 2
37 54 1
54 8 1
17 73 1
11 10 2
19 72 1
39 37 2
21 78 1
93 66 1
12 0 2
6 13 2
46 27 2
