99 97 6
88 97 2
46 97 2
17 37 1
24 97 2
82 93 1
75 37 2
8 61 1
33 37 2
90 97 1
52 97 1
23 37 2
1 93 2
94 37 2
54 93 2
77 93 2
10 96 2
81 97 1
19 37 2
58 97 1
61 37 1
41 37 2
56 21 1
2 37 2
27 24 2
32 97 2
59 93 2
55 93 1
57 97 1
80 97 2
69 37 2
44 37 2
4 37 2
96 61 2
18 97 2
48 37 1
60 21 2
91 37 2
79 93 1
12 37 2
5 37 1
3 37 1
50 97 2
26 37 1
20 84 2
39 37 2
9 97 1
73 93 1
63 37 2
64 97 1
51 80 2
31 97 1
86 97 2
67 61 2
45 15 2
34 37 1
71 97 2
84 37 2
38 37 1
47 93 1
30 61 1
6 80 1
43 24 1
7 93 1
40 37 2
42 37 2
76 61 1
14 37 2
98 37 2
13 37 2
74 93 2
92 37 1
66 37 2
70 97 1
95 24 2
93 37 1
21 37 1
28 37 1
62 97 1
35 80 2
22 97 1
85 37 1
83 97 2
72 37 2
16 93 2
53 97 1
11 97 2
49 37 1
89 37 2
65 97 2
78 61 2
29 37 1
36 37 2
15 97 2
68 24 1
87 37 2
0 37 1
25 97 1
