2395 2393 2
1445 774 2
6 544 1
865 1486 1
2320 1290 1
326 2314 2
2394 2098 1
1702 1808 2
2322 2098 1
2122 81 1
623 2236 1
2274 1573 2
338 1901 2
189 1542 2
1456 147 1
568 1678 1
2058 1725 1
738 296 1
1628 1622 2
949 1474 1
1208 1573 2
744 1573 2
2242 2036 1
1859 954 2
1675 537 2
1578 1008 1
2339 1173 2
1092 887 1
1704 210 1
16 1808 2
212 1622 2
1368 2119 2
1436 1984 2
2344 1622 2
1644 548 1
2307 1564 1
1902 1386 2
343 1140 2
1530 1915 1
882 1573 2
1108 1622 2
892 1622 2
1855 1573 1
2229 1622 2
674 1808 2
2130 962 2
993 1737 1
1294 210 1
2021 1573 2
2356 517 2
2276 480 2
665 2176 2
2252 811 1
632 428 1
1374 1679 2
1452 1901 1
887 349 2
364 1848 2
1245 2113 2
2037 2076 1
1609 136 1
2343 868 1
2264 379 1
1170 1716 1
951 287 2
1298 1903 2
637 279 2
2039 964 2
820 2390 2
677 210 2
1853 1622 2
1843 510 1
538 2288 1
846 1573 1
103 1622 2
858 1901 2
177 1885 2
1048 1173 2
1316 1822 1
649 1901 1
1348 789 1
758 2015 2
1538 1622 1
317 1622 2
1771 1648 2
1544 1622 2
2368 913 1
1276 251 2
2090 291 2
1196 1539 2
1569 1778 1
860 1573 2
1310 1622 1
739 1573 1
151 1192 1
70 589 2
994 2077 1
370 1622 2
1440 1812 2
1936 698 1
1831 2240 2
2215 2293 2
1922 1967 2
1075 343 1
1633 1590 1
75 912 1
1714 548 2
1602 251 2
307 2088 1
578 1622 2
1913 1173 2
1998 40 1
1225 2096 2
1772 1622 2
1549 2186 1
2234 1199 2
2131 1728 2
1789 1151 1
1234 2098 2
699 1901 1
884 1386 2
710 1933 2
1918 287 1
2038 1092 1
1972 2236 1
1840 1622 2
1830 1335 1
1692 1622 2
204 2096 2
1966 1573 2
120 1622 1
2175 1622 1
767 2096 1
1081 1716 1
2024 868 2
85 536 2
2150 1622 1
257 2079 1
1546 251 1
351 427 2
353 840 1
1453 1901 2
1379 1808 1
940 720 1
148 404 2
878 1220 2
1345 682 2
1937 1407 1
81 189 1
2265 2098 2
1872 117 2
1674 1003 1
296 977 1
2199 2096 2
2370 1622 1
244 396 1
1119 1659 1
2097 2096 2
1027 2098 2
873 388 1
439 1573 2
1701 2351 1
872 1829 2
1173 1622 1
1729 992 2
187 1587 1
1069 304 1
352 251 2
418 94 2
182 1008 2
1085 1533 1
449 1694 2
1408 1883 1
1539 1945 1
1940 537 2
1 1622 2
2256 98 1
1781 1901 2
1124 1808 1
1747 1512 1
1617 913 2
2085 1407 1
2341 1622 1
795 2096 2
1600 2271 2
448 2107 1
2269 812 2
748 735 1
1240 1483 2
1365 303 2
534 176 2
60 2098 2
261 287 2
146 1748 2
1881 1272 2
973 1590 1
131 1559 2
108 1281 2
259 548 1
1353 828 1
1659 1283 2
1787 1573 1
488 280 2
1933 1118 1
1197 1082 1
2166 223 1
2075 639 2
2030 310 1
746 210 1
886 548 2
763 548 1
1662 783 2
1463 834 1
118 468 2
804 828 1
1184 1901 1
1109 1674 1
1751 745 2
135 1322 2
1450 2287 1
152 1622 1
1626 1901 2
17 86 2
2331 1867 2
731 1862 1
1724 1173 2
730 548 1
2223 1174 2
975 2107 2
1028 1533 1
776 199 1
240 251 2
1977 47 2
1797 1480 2
1983 572 1
552 696 1
977 2152 2
329 1739 2
1753 914 2
1868 2386 2
1307 896 1
39 1590 1
2145 1573 1
235 1901 1
2045 2098 2
2102 621 2
900 1885 1
1860 1622 2
2076 607 1
2348 596 2
1376 1573 2
2354 1601 1
2108 639 1
404 210 2
341 1862 2
862 1901 2
1250 2055 1
292 1626 1
441 122 1
478 1573 2
1802 98 2
1786 427 1
1451 828 1
427 2065 2
1670 1173 2
2289 396 2
515 1901 2
175 639 1
1684 1573 1
2392 1901 1
1040 1173 1
1770 634 2
1231 2204 2
513 1038 1
1878 841 2
1715 1901 2
2266 1201 1
2391 728 2
323 284 2
514 935 1
1561 2115 1
410 1299 2
1754 1151 1
563 1622 1
456 1622 2
1062 2098 2
1214 1041 1
1123 2240 2
898 2246 2
1666 2312 2
756 187 1
397 1251 1
620 1699 1
779 1862 2
1597 1304 2
40 1901 1
294 1335 2
4 801 1
2304 1297 2
952 1243 2
34 1179 2
548 1622 1
899 1173 2
1613 824 1
1716 1622 1
1137 152 2
1811 194 2
386 1622 2
359 871 1
842 1622 1
908 1808 1
2133 687 1
1610 1622 2
1280 1256 1
320 2098 1
2280 1590 2
628 1622 1
1929 190 1
1893 314 2
284 1110 2
535 210 2
350 2096 1
1717 1126 1
462 260 1
1254 2240 1
483 1622 2
700 663 1
566 874 2
1479 1446 1
2096 1622 1
197 1573 2
381 1719 1
560 1622 2
1101 589 1
1713 1662 1
1760 2180 1
1295 913 2
1275 1622 2
1140 1035 2
2299 2096 1
86 97 2
96 401 2
1911 155 2
371 171 2
1923 2036 2
948 2175 2
1393 434 1
787 1041 1
1469 93 1
348 1622 2
260 1430 2
2000 1370 2
1660 913 2
749 1885 2
321 639 2
1302 1622 1
942 429 1
1515 681 2
388 1126 2
584 2060 2
574 2096 1
988 325 1
132 379 2
844 2377 2
2112 777 1
613 1205 2
231 504 1
1347 911 1
79 287 2
1763 210 1
1816 1089 2
894 2098 2
316 1677 1
1355 1622 2
454 396 2
2302 845 2
1625 2236 1
1875 2203 1
1160 118 2
1559 2096 2
100 1573 1
1438 1622 2
1673 1400 2
703 1622 2
1420 442 1
1939 1087 1
883 1801 1
713 210 1
2173 780 1
1921 696 1
2364 1622 1
2042 2392 1
2071 2175 1
1782 251 1
667 1828 1
695 371 2
166 2345 2
1039 1417 2
2332 1805 1
2355 1808 2
1678 1253 1
1993 1749 2
2378 473 1
1395 828 1
2046 828 1
285 2343 1
2258 1411 2
2270 1573 1
1211 2175 1
2002 1590 1
10 98 2
83 1429 2
2018 553 1
2328 2007 1
1826 2359 1
378 1432 1
1147 1622 2
1386 1511 2
1749 1209 1
790 142 1
792 2327 1
425 2287 1
2159 172 2
2009 2096 1
134 1622 1
414 509 1
729 461 2
1441 1571 2
985 1573 1
2294 1808 2
2114 251 1
2352 1243 2
501 2276 2
298 1627 2
1424 1944 1
1593 1809 2
2153 1901 2
826 434 2
761 160 2
1523 1622 1
636 546 1
1907 594 2
774 1640 1
1193 589 1
2129 1622 2
105 462 2
762 1428 2
1596 1622 1
2317 1901 1
732 1490 1
1989 565 1
2077 2328 1
188 2098 2
490 618 1
1199 1930 1
463 1854 1
1083 1203 2
967 1622 2
918 698 1
1058 1821 2
2186 1304 2
1769 1917 2
1904 646 2
349 2155 1
1242 2096 1
53 2157 2
2263 1335 2
2151 736 1
946 1143 2
2095 889 2
355 1622 2
982 2107 1
1505 949 2
2050 1570 1
765 287 2
1394 1808 2
1172 1371 2
1866 1901 2
1346 815 1
2340 848 2
2349 166 1
2081 2080 1
94 472 2
1495 2141 1
1677 586 2
5 463 1
2310 1443 2
1730 21 2
1207 1019 2
664 1885 1
1718 1622 1
1485 247 2
1265 2056 2
115 2240 2
154 1901 2
2126 464 1
411 2044 2
1689 1573 1
436 1573 2
446 905 2
2275 1622 2
1695 2096 2
1819 2121 2
1836 2087 2
1491 968 2
1412 1501 2
1213 136 1
1915 125 2
821 2098 1
901 1901 2
1651 1130 2
910 1282 1
2148 251 1
524 287 2
1013 1643 1
1246 1553 2
760 1698 2
143 1925 1
2035 817 2
1006 1622 2
1606 1299 1
1563 1573 1
473 2096 1
1512 646 2
909 1573 1
1942 396 2
1812 1106 1
970 1808 2
1887 1792 2
1551 2341 1
1142 1622 2
600 2096 1
516 748 1
580 396 1
1509 852 2
912 1926 1
1110 906 1
1434 1924 1
1385 1622 2
1204 293 2
825 1901 2
1795 1622 2
1074 1939 2
2180 572 2
1114 357 1
2134 1573 2
1457 2096 2
327 1622 1
599 1499 1
1959 1173 2
551 729 1
3 2096 2
1407 1863 1
724 1573 1
1906 1376 2
1682 238 1
14 962 1
2306 1277 2
2154 298 1
2347 1622 1
1533 995 2
1079 799 1
836 1358 1
1413 1622 2
172 1622 1
1068 2288 2
380 1173 2
1759 2341 1
1873 251 1
1542 96 2
1522 2240 2
1924 725 2
1341 1689 2
1462 1315 1
249 1623 2
2091 1656 2
567 1229 1
1780 1622 2
1850 1149 2
1023 1912 2
698 1622 2
1543 2098 2
1067 1573 1
1041 1557 1
2362 1278 2
491 1389 2
1459 1012 1
362 396 2
974 1905 2
1668 1885 2
950 2240 2
107 1901 1
242 1939 2
57 1217 1
2144 1046 2
1925 314 1
1257 1622 2
2358 978 2
1703 1358 2
220 1573 2
1066 1033 1
1681 1173 2
1607 2096 1
1734 972 1
2308 759 2
1018 1622 2
435 331 2
1212 1622 2
945 251 2
384 2098 2
2183 1630 2
21 1552 1
1776 72 2
794 394 1
1912 1622 1
2217 1573 1
1874 925 1
1525 287 2
663 117 2
2381 2044 1
2360 172 2
652 913 1
104 695 2
922 1622 1
1987 1205 2
1589 2088 1
823 418 1
1174 1634 1
465 888 2
906 665 1
1845 1808 1
925 2176 1
634 410 1
223 491 2
1397 1622 2
871 162 1
253 1573 1
2329 1272 2
775 1808 2
2191 1204 1
2361 1862 2
625 2175 1
2372 2085 2
963 1334 2
1773 1862 1
1582 1111 1
696 1573 2
180 2096 1
396 1622 1
1680 1622 1
2104 1091 2
1954 2332 1
43 1622 1
2285 1573 2
643 776 2
302 1945 2
1292 1622 1
293 816 2
889 608 2
1263 828 2
1621 620 2
903 1299 1
1176 258 2
2385 48 2
127 287 2
1380 1901 1
991 1387 1
2286 1576 1
1049 2331 1
1402 548 2
1870 1901 1
1511 1287 1
2218 2328 2
324 345 1
811 689 1
689 4 1
1486 1647 2
312 2161 1
537 1622 2
693 1622 1
2103 1622 2
315 2240 1
1671 1205 2
1827 1881 1
1620 374 2
1616 396 2
1026 1944 2
849 1622 1
169 548 1
1319 1901 2
1296 72 1
458 176 2
18 1244 2
215 210 1
1708 210 1
2053 1622 2
295 2175 1
983 2341 1
369 2374 1
141 1622 1
1876 1622 2
1948 2094 2
1321 2277 1
914 2096 2
1685 849 1
718 1417 2
2283 939 2
1464 848 1
84 206 2
1153 1622 1
736 1622 1
1130 1581 2
1973 1565 2
1362 287 2
2156 1885 1
1134 1512 1
2375 1878 2
1256 1622 2
1274 2096 2
1287 620 2
2250 1307 1
112 2201 2
556 1734 2
144 487 2
1835 1885 1
1627 591 1
660 1140 2
1798 1173 2
344 2386 1
890 1307 1
124 2098 2
1566 1622 2
1839 1004 2
2078 869 1
486 2175 2
851 229 1
361 311 1
357 2303 2
258 1573 2
1059 548 1
722 1640 1
123 1573 2
282 1622 1
1163 1797 2
358 287 2
1241 310 2
1742 1573 1
339 251 1
1766 1974 2
2168 978 1
1500 1573 2
176 1091 1
89 1477 2
822 1573 2
481 2240 2
2367 1821 1
969 995 2
1044 1903 2
1090 632 2
1908 109 1
612 911 2
1435 1846 2
2282 1866 1
597 1622 1
2034 1808 1
276 1571 1
1818 1734 2
801 2092 2
2363 1971 2
2208 1377 2
1823 2096 1
269 1622 2
1400 1098 1
2067 1808 2
1125 1901 2
243 1126 2
1354 2316 1
1228 589 1
1935 537 1
645 1502 1
331 2182 2
1392 990 1
1919 251 2
1588 799 1
793 911 1
2100 761 2
1683 1309 1
1388 2126 2
1657 1559 1
250 1808 2
569 394 1
2284 2096 2
375 788 2
2110 1901 1
2138 520 1
1427 969 2
424 1325 2
1216 702 1
783 402 1
924 610 1
1710 1822 2
1350 251 2
1632 1622 2
1756 1054 2
1967 748 1
1259 1769 1
1930 1601 2
1271 2348 1
917 1907 1
2185 1622 1
785 1778 1
1880 1622 1
2124 618 1
1080 2096 1
635 1117 1
874 143 2
2346 1446 1
614 1622 2
737 1622 1
1097 258 1
470 843 1
1706 1622 2
962 1368 2
1000 65 2
2117 413 1
2149 500 2
1024 1922 2
1604 1622 1
55 522 2
1583 589 1
869 1033 1
757 888 1
2253 2096 2
2226 601 2
1664 2087 2
1576 1961 2
270 1359 1
1629 2376 2
125 2231 2
330 2096 1
493 1901 1
1417 2381 1
403 1622 2
2055 1547 1
1233 1573 2
2281 1573 1
1502 2272 1
2314 369 2
49 1808 1
1162 2135 1
256 1573 1
831 1335 2
1645 1622 1
520 2208 2
2065 1000 1
1899 1573 2
2342 1901 1
1258 2341 2
1179 1173 2
1165 1501 2
1304 368 1
1061 1573 1
1956 1482 1
1468 1480 1
495 1573 2
1046 1925 2
688 396 2
114 1901 1
791 2341 1
536 310 2
547 523 2
654 1710 2
2232 2025 1
740 828 1
813 2155 2
390 1427 2
741 1713 1
608 2372 2
1526 709 1
2207 98 2
1568 1388 1
939 1201 1
1317 1573 2
1665 251 2
399 571 2
2064 932 1
519 2113 1
1333 1676 2
799 191 1
417 1622 2
283 1808 2
2338 231 2
807 1440 1
1961 216 2
1143 2010 2
333 1173 2
626 1737 2
594 1392 1
1767 1430 2
1232 1801 1
1738 1475 1
2177 1777 2
1189 378 2
1476 1622 2
2008 396 1
2082 2098 2
2049 1456 2
796 1974 1
2031 1622 1
1089 536 1
2111 1505 1
1896 1329 1
1553 1973 1
2066 2049 2
1381 1808 1
559 405 1
2019 396 2
506 1173 2
1129 258 1
297 1573 2
1726 568 1
239 1622 2
238 1202 2
15 2240 1
1118 2387 1
1982 705 2
149 1573 2
1938 698 2
532 314 2
717 2236 2
685 210 2
2195 1862 2
2382 1173 2
1136 718 1
1889 981 2
1323 1719 2
1268 1074 1
833 1862 1
1612 1174 2
2277 2201 2
1188 639 1
1586 170 1
1784 1622 1
595 229 1
2393 1808 2
1389 122 2
672 667 1
1577 1622 1
419 365 2
510 1564 1
1313 639 2
1778 2125 1
48 1573 2
857 1885 2
750 589 2
2383 696 2
562 1573 1
13 643 2
1009 1377 2
1361 914 2
1272 890 2
1167 287 2
2014 2380 1
153 889 1
2016 251 1
712 48 2
589 1622 1
2301 1622 2
778 1622 1
1733 729 1
1064 1082 2
1446 83 2
1220 1573 2
91 654 1
186 251 1
1691 2341 2
2209 2354 2
1112 599 2
26 1885 2
2174 1689 1
1155 1573 2
1871 2057 1
1891 2153 2
1051 290 1
2287 1622 1
1267 1570 1
2041 251 2
1260 550 2
1914 2096 2
1053 1578 2
669 210 2
964 1049 1
2290 1587 2
2004 390 2
935 1622 2
2012 1434 1
671 2079 2
915 2175 1
1822 1809 2
702 1569 2
1496 229 2
1285 1901 1
1594 1622 1
1336 1622 1
2120 2240 1
2155 1922 2
1492 1808 1
2243 2098 1
646 1029 2
1071 1622 2
1235 1573 2
356 217 2
587 1335 1
868 1410 1
98 1622 1
1421 2144 2
1360 2096 2
735 1411 2
117 898 1
471 2096 1
1854 272 1
1745 1622 2
509 536 1
2220 2096 2
1862 1622 1
303 1209 1
604 1885 2
71 1573 2
590 1808 1
1807 1359 1
475 251 1
848 1588 2
1603 2098 1
805 1622 2
1849 1622 1
1202 434 2
167 1358 2
867 314 2
2070 1901 2
213 2145 2
1963 1582 1
1696 394 2
1636 2386 2
832 1689 2
301 1573 2
300 1622 1
31 1622 2
788 2179 1
11 1251 2
1337 2176 1
2051 558 1
2157 6 1
593 396 1
704 251 2
217 1908 2
1672 1694 2
1614 1622 1
59 1573 2
2052 1885 1
500 1424 1
2296 1978 1
2311 1195 2
609 1622 2
268 1808 2
661 1006 2
954 2154 1
202 2241 1
2087 1620 2
1507 1622 2
1705 1689 2
585 1786 2
251 1622 1
1721 1622 2
2221 544 2
1120 2096 2
1832 1622 2
395 287 2
1022 2095 2
365 1674 1
2073 158 2
247 226 1
2351 534 1
2165 298 2
1999 696 1
680 673 1
2244 1924 2
1480 52 1
1430 2037 2
835 210 2
1344 1987 2
266 1173 2
2318 310 1
379 2179 1
1084 1309 2
666 1595 1
479 848 1
194 1573 1
2135 1200 2
1133 1622 2
1731 1150 1
1373 1622 2
1269 2175 2
2388 1573 2
461 1406 1
1810 1371 2
2315 395 2
1482 643 1
1558 251 1
1752 1862 2
2291 917 1
90 1622 1
1646 394 1
676 2248 1
1765 1622 2
447 1676 1
1506 2096 1
2056 719 1
843 1622 1
1410 2208 1
2225 548 1
1865 1177 1
1159 1622 2
1002 2341 2
2249 771 2
1222 2180 1
1149 1569 2
1834 671 1
980 676 2
1324 589 1
346 1862 2
67 1901 1
1461 1622 2
484 681 2
959 1335 1
1943 1145 1
373 1440 1
816 2100 1
1378 466 1
1984 1635 2
1598 1622 2
63 707 2
539 396 2
2255 2369 2
1508 1743 2
1226 2096 1
864 1289 2
2161 954 2
224 1906 1
1846 525 1
1056 2096 1
1305 2037 1
36 1901 2
366 1613 1
7 813 1
673 128 2
1817 1869 2
126 1808 1
1117 1987 2
2137 1719 1
670 1573 2
986 1622 2
1322 1973 1
1171 852 2
2206 618 2
1650 1808 2
398 251 2
827 210 1
455 2331 1
412 1418 1
933 639 2
745 2221 1
1863 129 1
82 873 2
1072 2234 2
1301 1806 1
2069 2304 2
642 548 2
2231 1261 1
1950 2240 2
1796 82 2
2171 676 2
1243 1174 1
1676 81 1
453 955 1
179 1622 1
932 11 1
768 2319 1
1842 1573 1
487 357 1
1777 1859 1
1910 2096 1
1527 2065 2
336 2236 1
138 194 1
633 702 1
1146 1622 1
214 1622 1
2262 1622 2
1449 562 2
1329 1748 1
2325 1499 1
734 2053 2
662 1661 2
1076 494 2
65 673 2
291 1573 1
1775 2096 1
2040 1622 1
1217 992 1
653 0 2
200 700 2
2297 748 2
2272 629 2
155 1810 1
2146 1390 2
1255 872 1
1401 2096 1
592 548 1
1694 1117 1
171 1923 1
2142 1808 1
1357 2011 2
1111 1760 2
1237 1622 2
1335 1622 2
363 1240 2
252 2106 1
830 528 2
80 405 1
1557 1468 1
1239 1622 1
2028 1311 2
619 1662 1
332 2144 1
875 1268 1
2334 1622 1
41 396 2
1741 1622 2
1190 1475 1
1164 1808 1
2048 1816 1
2309 913 2
2203 2219 1
77 753 2
2099 2044 2
2228 1808 1
1224 1808 2
1748 1163 1
1997 913 1
1332 396 1
1642 1622 2
1031 1885 2
185 385 2
2013 2125 2
280 2161 2
218 396 2
1575 420 1
206 2329 2
1722 988 1
897 954 2
437 1622 1
1088 396 1
1086 2107 2
759 1009 1
181 1173 2
965 2184 2
159 1949 2
2189 260 1
2197 1573 1
1501 2079 1
1201 91 1
2107 2096 2
2373 2130 1
1145 800 1
1103 1808 1
2023 696 1
531 1573 1
1634 279 2
2316 396 1
2305 1901 2
877 251 2
1757 551 1
1793 1772 2
1949 802 2
2140 287 1
2172 1118 1
1094 2376 2
705 2366 1
1785 2096 1
1579 1622 2
1758 1622 2
2326 1778 2
2236 1573 1
1399 510 2
1814 906 1
2184 601 1
1574 1634 1
541 2096 2
1340 696 2
289 1808 2
1278 2039 2
834 2175 2
1630 1622 2
1297 1961 1
1531 2184 2
2158 1626 2
150 1622 2
937 287 1
2084 2096 1
1082 2096 2
430 287 1
2109 1573 2
2170 1075 2
601 1478 2
1655 1622 1
1154 2096 1
1087 586 1
489 2096 2
387 2293 2
616 840 1
2072 696 2
1387 544 2
1988 1387 2
1693 1622 1
376 1444 2
1194 1173 1
263 2229 2
650 1622 2
1947 1622 2
27 591 2
2279 2096 1
429 1134 2
76 696 1
1050 479 2
1471 680 2
382 1622 2
1790 2096 1
162 801 1
170 1325 2
28 435 1
1709 2175 1
2300 1549 1
1867 7 1
1821 1428 2
1043 1901 2
996 1622 1
743 1622 1
72 1403 1
561 1622 2
596 711 2
1654 468 1
810 1585 1
1382 2096 1
299 1622 2
990 912 2
1371 2077 2
1824 1612 1
1837 548 1
1712 1573 2
1227 152 1
1975 1622 1
1521 2096 1
1012 1417 2
752 194 2
93 442 2
1554 1171 2
2162 522 2
1535 1739 1
209 1963 2
966 2015 1
1861 520 2
725 1304 1
334 1573 1
1829 1277 2
891 251 1
2001 251 2
245 368 1
1572 2182 2
1951 2240 1
1590 1622 2
2210 275 1
1070 1573 2
1529 1573 2
1205 566 1
1806 1406 2
1640 110 2
1892 1882 2
938 1901 2
2261 2096 1
1532 1622 2
1144 1173 2
2380 1127 2
286 1573 2
517 1573 2
923 1621 2
1325 1160 2
2141 2350 1
1581 464 2
1981 2096 2
995 1731 2
2006 1875 2
2194 1622 2
668 585 1
1019 453 1
769 1901 2
1903 1856 1
1623 2377 1
1510 1901 2
106 251 2
87 1874 1
2293 1482 2
2010 1892 2
956 2240 2
444 152 2
798 275 1
1277 388 2
577 1622 2
659 571 2
2105 74 1
203 840 1
1941 1777 2
1078 566 2
216 2277 1
426 258 2
916 1622 1
1181 1573 1
1615 2175 1
428 2059 1
45 1109 1
1248 1282 2
2374 110 1
210 1622 2
1580 639 2
648 1573 1
1052 1173 1
1247 1630 2
1014 206 1
460 1901 1
2007 1971 1
1953 1622 2
2366 841 1
1437 1346 1
533 1346 1
1286 1751 2
2143 2313 1
1504 257 2
927 618 1
503 856 1
254 2088 2
304 1512 1
2224 2175 1
2330 4 2
345 1747 1
50 2374 2
492 1901 2
415 2175 1
2005 2096 1
1127 199 2
1390 1971 1
1746 2096 1
1423 1622 2
1447 589 2
1552 869 1
2047 1622 2
1107 1573 2
2074 1622 2
2200 1267 1
451 1651 2
1073 698 2
905 2064 1
511 2240 2
1195 1649 2
605 725 1
1132 2098 2
340 1573 2
2083 2234 1
74 2335 1
97 1387 2
1890 811 1
1573 1622 2
581 21 2
1965 700 2
228 1222 2
1443 356 2
272 662 2
423 1978 1
109 2105 1
1126 2242 1
407 1199 1
2094 1573 2
33 1573 1
1021 24 1
1484 1573 2
1262 1173 2
2101 1716 2
271 828 1
1962 914 2
1719 1622 2
142 1485 1
1541 1358 1
1291 1901 1
1638 1885 2
2181 1901 1
2369 543 1
1030 229 2
2176 409 2
1033 1568 1
829 485 1
0 385 1
233 1622 1
2022 1622 1
989 2304 1
2313 1150 2
1856 1565 2
1550 1808 1
2259 868 1
273 736 2
2211 1622 2
2292 913 1
1366 1808 2
2219 1829 1
847 1988 2
1416 1689 1
624 1622 1
2350 97 1
121 396 1
1315 2367 1
201 12 2
824 1568 2
2036 1810 2
309 548 1
1895 2287 1
2230 1622 2
806 1573 1
1284 886 2
264 1622 1
921 2096 1
360 1622 2
325 2353 1
2068 1622 2
1585 357 2
1869 2096 2
1116 396 2
1720 1878 1
984 239 2
546 185 1
1658 1213 1
1210 1038 2
1016 1455 2
2327 570 2
706 1573 2
1844 614 2
876 251 1
1131 1989 1
1669 210 2
1372 2096 1
318 152 2
1927 210 2
2086 913 2
368 1421 1
1534 1582 1
840 1622 1
961 1622 1
575 2096 1
521 172 1
1744 1836 1
1499 735 1
1916 2015 2
227 1933 2
1308 2236 2
928 1808 1
647 759 1
2235 1622 1
1519 1573 2
1168 1216 1
1121 608 2
817 547 2
850 172 2
602 226 1
1631 2318 1
267 589 1
1419 1808 2
1503 1808 2
116 2240 2
1221 2341 2
1007 1622 1
1540 251 1
2089 1573 1
1182 1622 2
2092 1429 1
1946 1622 1
1992 396 1
1783 166 1
711 1881 2
1804 826 1
941 359 2
733 351 1
1957 75 1
707 1666 1
392 1192 2
1180 2232 2
1587 494 2
480 1747 2
701 251 1
2080 401 2
44 698 2
1932 1666 2
1384 1601 2
714 989 1
1647 525 1
545 190 2
1175 1622 1
1536 774 2
1454 66 1
1266 2138 1
165 1833 2
274 1622 2
1663 1438 1
615 287 1
859 251 2
2192 1622 2
639 1622 1
2202 786 1
502 1987 1
1060 2287 1
998 812 2
1971 1072 2
1877 1900 1
692 1901 2
1928 1675 1
2190 1573 1
1352 1885 2
2098 1622 2
856 356 1
2323 396 2
808 396 2
1955 1901 1
1356 618 1
1761 2096 2
88 1808 1
2106 1216 1
904 1384 1
679 1573 2
1852 1716 2
1465 2236 2
1608 672 1
2312 1974 1
802 807 2
2015 1622 2
1063 2234 2
1375 87 2
445 709 1
1562 2377 1
1238 1622 2
2033 1901 1
1985 1622 1
2386 2240 2
781 828 2
1100 1689 1
675 1622 1
2198 1622 2
1481 1622 1
173 1901 1
550 635 2
288 1573 2
413 551 1
474 1573 1
978 144 1
911 1622 2
498 1335 1
1888 629 2
888 1776 1
1209 2373 1
1637 1573 2
694 2096 2
586 1838 2
655 1901 1
184 1622 2
2062 1382 2
221 2278 2
926 1622 2
101 1622 2
2060 1822 2
494 260 2
1690 364 2
391 1901 1
431 548 2
1909 1901 1
226 1648 2
1099 2098 2
2241 1848 1
861 1622 2
684 1571 2
2163 2236 1
158 828 2
113 985 2
2147 396 1
879 104 2
1518 1573 2
1592 2242 1
913 1622 2
198 1085 1
1591 157 1
526 1745 2
1281 810 1
2 647 2
1497 1438 2
755 1622 1
1042 2341 2
2227 528 2
1138 879 1
549 1622 2
1820 287 1
1978 2362 1
1415 2317 2
164 1622 2
450 1622 2
960 251 1
651 1978 1
1091 2326 1
1139 190 1
433 1622 1
1727 2302 2
1813 540 2
1762 1573 1
1996 1573 2
1474 1971 2
52 178 2
2196 902 2
1934 1573 1
1405 1622 2
482 1573 2
747 1405 2
2298 1901 2
207 251 2
981 1922 1
1166 1573 2
394 1901 1
1528 1954 2
1433 1622 1
1135 2162 2
1036 265 1
770 1679 1
2205 1808 2
1370 1429 1
236 1622 1
1218 1983 1
784 110 2
507 913 1
896 633 2
1008 785 1
1187 1622 2
522 662 1
1788 2098 1
1038 1348 1
588 1905 1
337 1622 2
377 210 1
2240 1622 2
139 229 2
719 2049 2
1236 1029 1
1293 394 2
174 1573 2
1884 1622 2
434 1534 2
1740 1573 2
2132 556 2
1699 2104 1
2333 700 2
2093 210 2
1969 413 2
1979 1357 1
2164 1542 2
2121 697 2
2027 828 1
1768 2055 1
1035 1697 1
576 1622 1
631 501 2
385 584 1
2212 1622 2
1805 1925 1
1077 936 2
1206 2096 1
92 2096 1
591 1165 2
721 2096 2
814 1942 1
232 929 1
656 854 1
313 1689 1
1057 843 1
496 41 2
421 635 1
1841 895 1
1478 21 2
1261 988 1
20 1549 1
2193 1601 2
1358 251 1
1198 251 1
845 1629 1
687 2313 1
22 1622 2
2384 667 2
1411 1643 2
2336 1941 2
611 1622 2
992 132 2
178 1145 2
1330 1689 1
708 1573 2
530 251 1
1653 914 2
2239 1573 2
196 251 1
1141 2340 2
1473 1622 2
828 1573 1
12 1808 1
606 662 2
416 896 2
2127 1744 1
1825 1571 2
8 2065 2
64 1622 2
658 978 1
1864 548 2
1253 946 2
772 1808 1
1251 904 2
2054 785 1
277 1622 2
1980 1808 2
402 1383 1
968 349 1
544 1400 1
69 2254 1
347 1082 2
1314 2236 2
508 1573 1
1851 1766 2
241 639 2
819 1358 1
2201 1216 1
1848 1971 1
136 2179 1
678 639 2
1882 1722 1
641 2346 1
406 70 1
1349 1365 1
66 607 2
1279 1573 1
1732 548 2
1885 1622 2
278 1622 1
1396 1622 2
880 1573 2
38 553 2
2152 1786 1
1342 1573 1
485 1622 1
1964 13 1
1641 914 2
156 2037 2
1029 187 1
1460 1573 1
2025 446 1
1791 2175 2
1750 1622 2
1764 409 1
1605 373 2
771 1318 2
191 2152 1
1794 284 2
987 944 1
907 2096 2
812 1816 2
1312 2240 2
1649 1149 2
709 1622 1
529 1622 2
145 2098 1
1398 2306 1
1343 1689 2
716 110 2
1093 1901 2
1270 2240 1
1774 1794 1
1883 412 1
46 547 2
598 2240 1
728 1930 1
32 396 2
1990 2098 2
1879 665 2
1025 534 1
947 548 2
1229 1898 2
1037 2096 2
929 118 1
432 834 1
129 410 2
2345 949 2
62 396 2
287 2096 2
564 1627 2
1306 548 2
579 2150 2
512 1311 1
1104 1573 1
408 1573 1
2139 1764 1
401 2118 2
2222 1622 1
627 1716 1
1010 1808 2
1667 1502 1
1005 1143 1
1230 1716 2
1489 1573 1
1215 291 1
971 2096 2
1177 1622 1
54 698 2
195 696 1
936 874 1
1737 1377 2
1300 1335 2
1547 428 2
2251 2063 2
1958 310 2
1584 1808 2
657 1622 1
786 2209 2
24 1677 2
2387 144 1
1517 1573 1
1351 1573 2
1520 1533 1
565 57 2
51 1590 2
1498 2223 2
1001 1867 1
1898 232 2
1901 1622 2
1945 1731 1
1974 275 2
405 1622 1
1643 494 1
1728 1183 2
133 312 1
2026 1573 2
1565 1039 2
230 1246 1
2115 1622 2
1303 1901 1
527 2061 1
1723 1600 2
809 1828 1
543 85 1
558 1993 1
25 1253 2
2061 998 1
1897 1901 1
607 500 2
2247 2330 1
726 1964 2
2043 2362 1
1158 2096 1
248 1757 1
1470 1573 2
1571 1901 2
374 2252 2
1635 1956 2
68 1333 2
1403 1923 1
1264 1404 1
839 736 1
19 210 2
1545 1014 2
1599 1622 1
140 1573 1
137 251 2
1931 1901 2
1755 1808 2
1472 1424 2
2260 537 1
2319 1554 2
1115 210 1
193 1964 1
1219 1622 2
1926 1585 2
1803 2096 2
1611 2341 1
953 396 2
2123 1111 2
1363 913 1
638 1573 1
1283 799 1
930 732 1
1917 2177 1
2353 2058 2
1711 2236 2
168 513 2
681 1367 1
1648 359 1
2079 2389 1
452 1901 2
37 548 2
683 1296 1
1409 834 1
2063 1593 1
920 2096 1
1735 1622 2
2371 1494 1
2321 687 1
281 2048 1
1151 1622 2
610 65 1
319 698 1
1564 1766 1
229 1622 2
2118 756 2
1428 160 2
1618 483 1
1367 2291 1
95 0 2
1488 1622 1
2003 2240 2
838 523 2
1838 1903 2
1624 2096 1
1328 1573 2
1483 2300 2
1991 1932 1
1178 172 2
1698 1572 2
1334 660 1
1327 1901 2
383 2345 2
1570 1429 2
2295 1622 1
2365 942 1
2238 210 2
1432 102 2
972 1504 1
1952 396 2
464 2209 1
1273 1334 1
554 1885 2
1003 1937 1
342 2240 2
1249 1162 2
275 2291 2
1994 1622 1
1524 540 2
1098 995 2
2188 1622 1
2359 2025 1
1448 2096 2
803 887 2
1976 1622 2
1157 1469 2
225 1622 1
30 574 2
603 2321 2
1792 2371 2
1096 1358 2
400 40 1
56 2240 2
2187 1622 2
1960 1022 1
102 157 1
443 2266 2
2268 1723 1
322 231 2
2257 651 2
1537 1622 1
1815 1716 1
1426 589 2
1244 1822 1
1311 1622 1
78 41 1
1595 2366 1
2213 913 1
438 987 1
837 1707 1
1466 2096 1
2254 890 1
2128 2096 1
2113 809 1
211 404 1
311 1622 2
682 1671 2
290 1808 2
1688 2145 1
119 914 1
1455 1622 2
183 589 1
555 291 2
866 1622 1
572 2007 2
1326 1760 1
1808 1622 2
622 230 1
219 639 1
472 1957 1
1015 2354 2
111 1573 2
1185 828 1
47 2144 2
1282 1622 1
797 840 1
237 619 2
573 2156 1
61 2096 1
934 1885 1
1148 2096 2
1192 376 1
1809 1286 2
955 2112 2
1161 985 2
308 1719 1
1377 84 2
2390 1406 2
1105 1808 2
1309 2308 1
870 2096 2
525 768 2
1425 2091 2
314 1246 1
754 680 2
1404 760 2
2044 2333 2
1106 558 1
468 332 2
1801 2297 1
161 584 2
1560 1573 1
777 568 2
1045 1573 2
1150 1054 2
1697 681 2
618 1622 2
1700 45 1
885 2287 1
1833 837 2
893 1622 1
1017 402 2
1047 1393 1
2125 1068 1
130 2096 1
1391 1808 2
1359 844 2
1920 2240 1
931 1862 2
2119 715 2
773 1335 1
2136 1622 2
1054 1369 1
780 1898 1
99 815 2
1429 1195 1
2088 1622 1
192 1808 2
160 1041 2
1186 394 2
420 1622 1
1739 1573 2
2011 1562 2
354 1622 1
255 696 2
1986 2240 2
2182 1110 1
157 1673 1
2214 260 1
528 1622 1
919 1173 1
1406 464 2
466 1058 1
1418 637 2
957 716 1
582 2096 2
881 251 1
1686 2371 2
1442 667 2
1467 2105 2
9 1173 1
1128 1336 2
1439 1573 1
497 1734 1
1886 921 1
727 1901 2
1183 1977 2
163 600 2
1828 697 2
2029 1629 2
1102 1885 1
723 1622 1
782 1808 2
29 311 2
1779 1483 1
800 1053 1
753 2096 1
422 1573 2
372 1622 2
35 895 1
2273 2246 2
2377 1251 1
306 1808 1
459 537 1
467 2094 1
1493 2254 2
1431 2096 2
2017 917 2
2178 913 2
1065 1597 2
644 1571 2
690 1622 1
1288 1901 2
2271 785 1
1970 1885 2
1444 160 2
2389 410 2
122 2272 1
279 13 2
1364 1901 1
23 2236 1
1995 1256 1
1725 2245 1
1743 1587 1
2204 1025 1
1034 1297 2
1513 548 1
1847 172 1
630 2326 2
863 1622 1
999 2386 2
2267 1901 2
1601 99 1
262 7 1
1383 2249 1
1799 1482 1
208 1622 2
1900 1963 2
766 258 2
1414 251 1
751 1452 2
442 1520 2
764 1135 2
389 913 1
902 978 2
42 913 2
110 1528 2
2337 251 1
2179 707 2
1556 736 1
715 1726 1
557 287 2
1032 1013 1
305 2096 2
1639 1134 2
617 1856 1
621 1200 2
1055 1901 1
1490 672 1
1514 1901 2
2233 914 2
147 144 2
1619 1901 2
2169 1573 2
2248 1077 1
1555 1622 2
265 1841 2
222 2012 1
2032 1078 2
1477 396 2
943 2150 1
1156 1808 1
469 488 1
2303 1210 2
1487 1622 2
2237 1622 1
686 7 1
1944 1667 2
1656 818 2
958 1808 1
1548 2098 2
1800 1573 1
1661 2146 2
246 2240 1
128 1038 1
1458 2215 1
457 1573 1
335 2325 2
629 1917 1
477 2098 2
310 2303 1
2379 1901 1
73 2054 1
1113 394 1
1968 1622 2
1687 1622 1
976 2096 2
853 1038 2
1736 518 1
1894 1622 1
2116 2096 1
2057 351 1
2357 509 1
1338 1671 1
2167 1881 1
542 1728 2
2324 849 1
476 105 1
640 1901 2
1223 396 1
328 1622 1
553 1901 2
2059 1393 2
1252 698 2
1200 1587 1
393 1202 2
571 1622 2
367 1914 1
1475 1622 2
540 1690 2
234 517 1
1020 1622 1
58 1573 1
979 1943 1
841 1783 1
1339 1568 2
199 2131 2
1004 487 1
505 455 2
2278 388 2
855 396 1
1567 2096 1
2335 1357 2
818 1058 1
205 251 1
523 1026 1
1320 1622 1
1369 343 1
583 2254 1
742 2096 1
997 74 1
1191 1901 1
1318 2119 2
190 1573 1
1122 1808 2
1289 20 1
1707 2007 2
691 1622 1
1299 159 1
1290 1818 2
2376 666 2
789 942 2
2020 1256 2
1516 1622 2
1858 1378 1
1169 1808 1
1203 1969 1
944 133 2
852 2257 2
854 257 1
1331 1622 1
1011 1622 2
1095 952 1
895 1118 1
1652 210 2
504 1562 1
1422 1622 1
697 2359 1
815 1160 1
499 2096 2
1494 1479 1
2288 599 2
440 2236 1
1679 1135 1
1857 2287 1
518 639 1
2246 484 1
720 1622 1
2216 251 1
2160 2240 1
1905 1622 2
409 2303 2
570 2376 1
1152 1901 2
