97 95 4
71 53 2
22 53 2
41 2 1
14 2 1
52 53 1
74 66 1
5 2 2
18 41 1
31 2 2
72 2 1
82 13 2
53 2 1
54 2 2
1 2 1
56 2 2
39 89 1
76 2 1
28 2 1
60 2 1
58 84 1
50 53 1
44 2 1
86 2 1
78 53 2
51 13 1
80 2 1
89 2 1
24 2 1
6 2 1
84 2 2
69 95 1
61 13 2
37 2 2
81 53 2
43 2 1
92 53 2
25 89 2
11 53 2
77 2 2
0 2 1
79 2 1
96 0 2
75 2 1
36 2 2
87 2 1
27 53 2
7 2 1
63 2 2
47 89 2
85 2 1
3 2 1
83 2 1
95 2 2
90 2 1
48 2 1
15 2 1
20 2 1
59 53 1
94 66 1
93 2 1
23 53 2
55 53 2
46 13 1
30 2 2
88 53 2
68 2 1
19 53 1
26 53 2
12 53 2
34 2 1
70 2 1
64 13 2
62 2 1
66 2 1
38 2 2
8 2 1
42 13 2
21 2 2
13 2 1
32 2 1
49 13 1
57 2 2
17 53 2
91 8 2
9 5 2
33 2 2
67 84 2
35 2 2
16 2 1
4 48 1
73 2 1
29 90 2
40 41 2
10 41 2
45 2 2
