93 91 2
61 20 1
39 5 1
80 55 2
37 10 1
58 61 1
81 58 2
85 91 1
45 86 1
70 57 1
79 18 1
44 29 2
41 76 2
43 25 1
55 78 1
88 34 1
69 9 1
9 68 1
6 81 1
28 13 1
31 11 1
1 52 1
53 27 1
18 28 2
67 0 1
47 22 1
20 92 1
26 37 1
0 7 1
12 14 1
30 56 1
64 46 1
23 32 2
52 72 2
4 31 2
78 28 2
40 39 2
27 47 2
84 74 2
63 79 1
46 70 2
90 3 2
7 44 2
54 17 2
49 85 2
71 56 1
73 17 1
22 32 1
14 90 2
10 64 2
29 43 2
21 6 1
38 80 1
57 21 2
51 60 2
35 52 1
3 33 2
74 91 2
75 38 2
59 88 1
16 87 2
60 32 2
11 15 1
17 32 1
56 62 2
92 35 2
77 12 2
86 71 2
32 36 1
62 33 2
33 44 2
87 51 2
66 41 1
36 4 2
24 53 2
15 38 2
89 36 2
91 42 1
5 12 1
50 16 2
76 4 1
65 31 2
8 73 1
83 81 1
34 78 1
13 68 2
82 78 2
42 59 2
2 41 1
19 48 2
68 37 2
25 2 2
