3000 2998 5
2383 2985 9209
2973 2929 1
1667 2915 2
2985 912 9469
15 2531 9172
1710 2650 1
28 2733 1
1892 1710 2
335 927 1
2634 2440 2
1421 2841 2
918 1730 1
835 104 2
485 630 1
1914 2924 9915
658 1172 2
1891 1347 1
1915 2427 2
2238 1348 1
1890 2976 1
1161 228 2
1338 1240 2
602 1555 1
2749 122 9637
767 479 1
1709 1292 2
1977 2932 2
2232 1324 2
905 2223 1
1571 1383 9232
2116 2014 1
2995 2628 1
2893 2580 1
2467 1137 9016
1204 671 1
2404 1335 9631
1564 985 2
981 157 9489
628 1346 1
2482 2708 1
881 794 1
249 159 9742
1006 2006 1
2956 1299 2
553 2499 2
35 2881 9396
2570 1189 2
296 953 9079
1636 1575 1
2567 2480 2
2198 340 2
1214 1044 2
2904 2692 2
2933 1635 2
490 1190 2
165 1427 2
548 2243 1
2016 1649 2
2469 2914 2
2057 476 2
1576 2824 1
2803 2902 1
34 2578 1
1434 940 1
2409 2466 9595
1700 637 1
2755 155 2
1053 1063 2
1408 238 1
2648 2090 1
1742 2855 1
1681 5 2
2289 2000 9690
2253 770 1
140 1064 9694
2243 2653 2
751 645 1
1591 2845 1
1020 2609 1
1083 1124 2
872 13 1
2587 638 2
2187 488 1
1509 1378 1
929 2585 1
1373 1393 9380
268 1650 9688
1101 233 1
2655 1359 1
1784 1443 9108
2945 734 1
2713 544 1
122 2272 9240
684 919 9583
2966 752 2
1530 2932 2
2283 1555 1
134 2173 9730
2559 2108 9476
2899 2914 1
102 327 1
807 2642 2
2764 1164 1
2916 503 9334
614 2441 2
1979 1347 2
1879 2511 1
2563 2595 2
644 315 1
1631 1025 1
563 2403 2
1690 1678 2
2620 1185 1
2307 1408 1
2002 258 1
133 85 2
2889 591 1
1756 1956 1
1266 1184 9581
733 2142 1
2058 46 2
287 404 9955
728 512 2
2711 2560 2
269 748 1
802 1651 1
1855 298 1
983 1635 1
1489 1537 2
620 90 1
315 285 2
2163 2061 1
562 934 2
453 860 2
2498 2542 2
1826 335 2
1259 2430 1
1435 629 9610
816 2050 1
2211 518 2
908 2765 1
2079 1958 2
513 2323 1
2528 2803 2
1255 2458 1
93 2146 2
371 2810 9662
2302 2511 1
659 1098 2
2629 2290 2
838 2707 2
1479 483 9017
827 1522 9171
2049 1571 9048
1031 432 2
1938 2549 2
161 985 1
2614 645 2
671 390 1
933 1446 2
2905 1924 2
2921 249 9368
2417 549 1
2915 1659 2
1061 294 1
2276 800 1
2149 586 9344
646 2619 2
160 322 2
2406 2282 9746
1273 669 2
1916 1911 9695
720 9 2
967 2481 2
606 1416 2
2786 2228 2
2268 2059 1
2898 884 1
2264 671 2
2463 406 2
2758 853 1
2471 2077 9537
879 2430 1
530 2715 9434
2866 188 2
747 2142 2
2351 293 9790
2375 1928 1
1371 956 9939
1634 1497 1
251 1113 2
2120 201 1
702 2469 1
1405 2639 1
2835 2873 2
76 1841 1
2647 226 1
144 1410 2
911 2221 2
1743 2869 1
2291 153 2
2704 897 9108
2358 567 2
1328 2895 2
334 2274 1
285 747 1
2907 517 1
1930 513 2
49 549 1
353 2382 1
2699 2147 1
2398 1003 2
1353 326 1
1933 2811 9441
874 7 2
1500 1514 2
1980 533 2
1168 391 9261
1050 1981 2
2486 2708 2
479 2052 1
1641 2540 9149
1902 2609 1
2146 283 1
1503 1674 2
2082 1981 2
922 2003 9105
137 393 2
2515 1613 2
237 1135 1
2577 1291 2
186 1992 1
259 569 1
1996 2163 1
104 1145 1
1099 683 2
2247 1735 1
2169 176 9731
2825 2355 1
2972 1435 9025
150 1697 1
406 445 1
457 874 1
828 2480 1
1920 724 9138
1085 1703 2
986 2292 2
817 1232 1
507 553 1
1299 786 1
1884 2976 1
608 190 1
2991 531 2
2852 1997 2
579 2572 2
1019 2392 2
2488 1110 2
1222 1845 2
2886 165 1
2649 44 1
1910 2886 1
1517 640 2
1522 1170 10000
1865 2636 9554
560 1813 1
1401 2111 1
820 2896 2
1952 2824 1
1699 1984 1
921 1499 1
583 2897 2
2931 735 1
1439 1103 2
203 1557 1
1228 1479 9606
1310 2515 2
1276 1763 2
1245 2002 2
1820 2979 9160
1109 1233 2
1570 1063 2
1812 1357 2
1065 2518 2
50 1815 1
894 548 2
2156 1737 1
741 726 1
534 1086 1
1948 1299 1
2849 289 1
2963 2015 1
695 1623 2
2456 1026 1
724 1017 9544
1694 1343 1
2009 1898 1
448 2627 1
2108 607 9233
856 2081 2
670 1483 1
551 2572 2
2399 2904 2
1559 2454 2
2388 1697 2
906 2505 2
116 2342 9438
480 506 1
2865 208 9876
714 506 2
766 1276 1
718 113 2
393 2673 2
2348 2524 1
1311 687 2
1838 1072 2
1007 815 1
395 2716 1
244 2942 1
1809 1016 1
823 1047 1
1608 769 2
1368 512 1
844 2313 1
156 908 2
1315 1615 1
2055 1804 1
1844 1493 2
1907 1978 1
1505 2931 1
1769 1445 1
2896 600 2
1012 969 2
2376 1791 2
2382 517 2
2950 1684 2
2661 747 2
2610 941 1
306 1013 1
364 2101 1
2278 2381 2
2432 78 9654
493 1744 2
2385 2229 2
1797 2894 1
536 1437 1
2674 1721 2
2796 2620 1
863 2161 2
1341 1201 1
780 3 1
2997 291 1
836 1724 2
1906 447 2
1613 1103 1
2013 2010 9451
506 2006 1
162 2480 2
1051 326 2
2346 1063 1
2301 1176 2
2652 108 2
2878 17 2
2888 1816 9720
573 2028 2
1624 255 2
734 392 2
1650 2249 9871
2882 1520 9964
1677 2489 1
391 1205 9570
1025 2434 2
1340 2491 1
2840 258 2
48 572 1
759 856 1
98 2560 2
2384 983 2
1597 2006 2
1056 2636 9819
2602 2895 1
2372 2526 2
1242 506 1
632 2562 1
2552 783 2
1557 222 2
385 2976 1
1117 2467 9106
1182 2718 9765
1134 1802 2
2876 1313 1
1788 830 9135
716 1846 1
648 881 2
1436 120 1
649 1656 9343
680 2979 9867
1638 1623 1
1419 992 2
2573 238 2
447 1576 1
865 221 1
1827 565 1
2750 2862 2
504 2184 9410
1229 1101 2
987 1753 2
1290 1217 1
690 462 2
2345 1807 1
1289 1292 1
2631 1633 1
1949 2572 2
1836 1125 1
1146 543 2
1391 2435 2
1415 2940 9149
1380 1103 2
2424 1204 2
178 1198 2
542 1299 2
25 2756 1
792 542 1
2827 849 2
495 67 9605
2194 622 1
1323 2615 2
1001 1555 2
1800 131 9722
307 322 2
2821 1948 1
181 2033 2
248 2419 9352
2657 1685 1
1698 2055 2
1572 2754 2
434 2510 2
1937 1158 1
2744 797 2
696 2693 2
2332 243 9168
2047 2650 2
775 223 9768
1803 2893 2
1150 1993 2
426 1481 9340
899 1343 2
1629 1553 2
2091 1296 9945
1706 1020 2
713 2529 2
101 1586 1
1424 1473 9969
1385 1252 1
1991 1509 2
2190 2142 2
95 170 2
1539 671 1
14 1235 2
2137 2619 2
1000 1063 1
5 165 1
216 1059 1
781 1359 1
2458 572 2
1297 1842 2
2327 5 1
2233 1832 1
451 1073 2
1730 2414 2
1011 564 2
2829 2457 2
1889 2307 2
97 2704 9928
951 2131 9549
848 1209 1
2352 1834 2
756 968 9804
1492 1019 2
2833 317 1
2619 299 2
657 105 2
901 1609 1
1744 2603 1
572 1103 1
1313 1755 2
1453 2522 2
2911 1426 1
411 2707 1
2096 1783 2
2501 39 1
2530 119 2
1628 2274 1
2739 630 1
1976 733 1
1034 394 2
787 2054 9299
2111 1805 2
1140 2383 9571
1868 2304 9076
2547 2591 1
1708 121 1
2231 1779 2
960 2574 9091
358 2161 1
2464 1087 2
685 2205 1
1142 2084 9171
708 2607 1
2484 1791 1
2609 645 1
2541 2143 1
201 1677 1
674 563 1
2633 2108 9785
799 1543 1
1798 121 2
2493 1735 1
2095 2891 1
915 1025 2
2431 1797 1
1548 420 1
261 2298 2
2454 1845 2
2343 58 1
1124 1034 2
1850 2580 2
607 2729 9920
2390 189 2
2822 74 9041
1081 562 1
2122 990 2
1601 1947 2
2329 1188 1
1030 2110 9400
1463 2225 2
410 2999 2
1880 230 2
1496 2380 1
1919 147 1
224 60 1
833 2840 2
1954 2328 2
842 367 1
498 2895 1
2494 1493 2
2769 254 1
2401 2257 1
189 2707 2
2575 213 1
2103 765 1
2729 293 9835
2378 899 1
538 823 1
314 2206 2
850 862 2
1004 425 1
2340 2797 1
2477 2943 9445
2994 1059 1
971 863 2
585 338 1
332 2337 9643
1811 1101 1
1484 226 1
2719 390 1
2906 2646 1
1191 654 1
1845 465 1
2026 1903 1
857 1847 9286
292 1410 1
1420 629 9635
413 412 2
2048 1836 1
2333 1370 1
954 421 1
324 1937 1
2622 1594 1
2396 938 2
1041 2284 1
2705 803 2
2305 2279 1
2941 1057 2
1470 1272 2
435 691 1
146 818 1
2892 1404 1
652 2405 1
1731 2336 2
965 243 9697
2653 2726 2
135 2833 1
1062 641 1
291 969 2
2100 563 2
1231 837 9986
519 2202 1
2842 2542 2
1754 1271 1
1651 2421 2
1899 2327 2
2815 1029 1
826 465 2
265 2550 9151
2843 591 1
1406 403 2
1685 1716 1
1045 1860 9194
1770 121 1
2179 164 1
2823 2753 9327
2444 1365 2
232 2117 1
1192 2355 1
2805 2886 2
51 1900 1
2325 1636 2
959 1208 9112
384 1299 1
2724 207 1
2411 1113 2
2593 2014 1
1551 1053 2
2041 1345 2
74 2771 9292
2987 263 1
1675 1020 2
2737 2414 2
864 1456 2
2894 2247 1
59 275 2
1762 1956 1
2703 568 9563
350 2315 2
1295 2243 1
1225 15 9448
1614 433 2
2089 1564 2
2715 2191 9820
527 198 1
1189 786 2
2874 1204 1
1272 969 1
544 1596 1
2457 2515 1
772 1252 1
1067 1427 1
18 1725 2
1355 123 1
2365 2628 1
679 262 1
1395 2472 2
1369 2480 1
2964 1609 2
1783 2561 1
1856 2089 1
1165 1357 2
1122 1646 9684
763 2254 1
1512 1563 1
100 1563 1
2043 1526 1
745 2737 2
1306 1718 2
2280 2583 9156
195 1961 1
461 2636 9796
936 791 1
2292 1154 1
1178 1574 2
2132 2859 1
940 1807 1
1364 1639 9792
176 571 9305
2630 181 1
462 2942 2
701 26 1
2110 2210 9590
61 2524 2
1213 1053 1
44 1322 1
1312 2885 2
769 2998 1
549 1427 2
168 2052 1
1063 315 2
1103 1735 2
2160 2724 1
925 699 1
112 1770 2
2662 465 2
2182 1427 1
1583 2128 2
2309 2724 2
1018 1185 1
483 951 9329
699 2247 1
2881 486 9669
1678 940 2
1691 2343 1
4 1721 2
1443 2432 9157
1658 322 2
1133 2015 2
1853 185 2
1617 35 9030
973 181 2
1335 827 9939
505 1360 1
215 2424 2
1389 981 9283
2777 1461 1
0 416 2
2598 1282 2
517 990 1
1452 2791 1
1911 296 9463
595 2773 1
2847 2429 2
824 2229 1
2534 639 2
258 1993 2
2544 2449 1
2046 1592 2
754 255 2
2428 412 1
889 2593 1
727 1783 1
289 2653 2
581 1866 9408
765 801 1
117 98 1
227 1473 9035
2555 1307 1
2887 2730 1
1468 2053 1
2581 30 1
30 311 1
1956 2577 1
2183 383 1
1233 1507 1
821 2839 1
1275 2014 1
613 515 1
2616 207 2
138 1410 1
885 1924 2
2337 2299 9099
1187 1408 2
121 2414 1
382 1549 1
1574 2686 2
841 1659 2
2934 2578 1
550 1168 9576
1376 2483 1
1767 2982 2
977 2589 2
1318 201 1
53 180 9296
238 1427 2
458 2662 2
197 969 1
2354 2957 1
113 1588 1
2144 1212 2
1143 2876 2
81 1575 2
1987 683 1
1319 2069 9547
1975 2048 1
2935 794 2
428 1157 9936
1123 1144 2
433 315 1
764 2624 2
62 1275 2
2364 1274 1
1263 1730 1
945 844 1
2300 1736 9264
1584 506 1
2659 1570 2
778 2122 1
1545 175 1
2394 1025 1
1457 2351 9654
2213 890 2
966 173 2
1232 1329 2
1598 856 1
1442 1680 1
1392 874 2
2612 510 1
503 2042 9029
1960 1159 2
2578 955 2
246 2781 1
2531 2018 9638
2746 1774 2
470 869 1
1821 2545 2
2170 1313 1
2872 1828 1
2040 2504 2
284 1700 1
8 48 1
348 2612 2
852 2713 2
2802 1592 2
409 1972 1
2665 2075 2
325 2958 9727
1546 1044 2
1495 1415 9653
1671 1060 9115
1220 1967 2
2196 2287 1
19 2759 9069
2761 661 9196
37 1445 2
2626 2300 9826
499 1512 1
1513 2105 2
743 818 1
1469 2524 1
1032 2811 9554
398 2313 1
1566 494 9780
1961 2403 1
1175 569 2
1269 2393 9485
1904 2102 2
2502 2945 2
388 2877 1
1043 2340 1
2543 2792 2
2437 2359 9183
278 2050 1
1757 1616 2
2557 2674 2
1934 1445 1
2118 1528 2
143 314 2
187 2280 9532
1978 405 2
33 2907 2
2426 2423 2
1931 473 2
234 1836 2
1074 2679 9812
580 820 1
2788 797 1
2135 988 1
2056 2313 1
2510 99 1
464 2477 9842
2951 791 1
437 245 2
1422 1459 9523
664 456 2
916 2039 1
2669 1149 2
375 787 9026
2052 572 2
1745 1282 2
1483 1990 2
810 1118 1
1279 531 2
2481 492 2
840 123 2
1324 546 2
58 1770 2
2938 2877 2
2425 576 9349
1282 2907 2
1250 1704 1
1852 2258 1
1471 457 1
721 2674 1
1763 2205 1
554 1360 1
2419 2492 9689
2336 882 2
1432 2190 1
1824 2567 2
1409 2281 2
2670 1350 2
1375 2793 2
247 678 1
158 2571 2
2695 482 2
96 1381 2
2503 508 1
1454 1555 2
196 1047 2
210 1025 1
2535 844 1
2223 1367 1
663 1009 1
221 2511 2
2017 2324 1
1695 1290 2
1309 399 2
953 1407 9546
2717 1133 2
1382 2961 2
1440 1410 1
2066 2094 1
1086 334 1
474 960 9968
2900 2800 1
2374 624 2
1859 2466 9022
688 2797 1
972 730 2
1524 1240 2
947 2836 2
456 2693 1
1718 1597 1
1565 2698 1
1654 86 2
2523 1652 2
2918 2105 1
587 2050 1
2504 1544 2
1752 1538 1
46 2884 1
1644 591 1
73 1688 1
2423 2526 2
1383 494 9897
770 390 1
1753 2885 1
2338 1641 9010
188 2571 1
263 2722 2
159 2969 9510
1218 1337 1
1057 2845 2
2586 2346 1
883 2667 9524
476 1944 1
171 1794 1
1750 2412 1
303 1834 2
304 375 9441
952 814 1
65 1141 1
1302 351 2
1534 188 1
1350 2956 2
616 509 1
2939 1175 2
2671 1434 2
1776 491 2
811 2448 2
1693 2851 2
1722 1359 2
223 1285 9170
6 2572 2
2967 132 1
1589 2490 9657
1616 2441 2
2139 2294 2
1284 896 2
2101 2451 1
360 2097 9612
1184 2977 9607
2798 1841 2
843 978 1
88 2201 2
2206 1842 1
2173 97 9069
1842 2825 2
361 2583 9305
2684 62 1
1372 270 1
2507 1433 1
441 79 2
1990 2423 2
584 2833 1
1894 988 2
2356 2913 9365
29 1624 2
2239 1595 2
2171 1425 1
1528 1014 2
2036 332 9347
2157 1830 9599
597 2995 2
1361 540 9452
1493 2855 2
211 1144 2
1246 2060 2
1924 2237 2
2836 678 1
2536 2756 2
2925 1390 9752
1396 836 1
985 2424 1
535 2591 1
603 1202 2
1429 2080 2
1989 2815 2
1300 2237 1
2979 870 9230
1847 568 9637
990 2707 2
782 1401 2
2923 2556 2
497 2267 2
2303 1145 1
115 1204 1
2086 1792 2
481 2726 1
2623 2482 1
2208 159 9883
687 2914 2
2420 1729 1
923 1978 2
2433 1741 1
2765 2319 1
386 2529 1
801 2006 2
1795 1439 1
2138 1529 2
2008 1721 1
2545 238 1
569 2845 2
1556 1597 2
1281 1410 1
2279 1902 1
450 1970 1
882 841 2
2015 1993 1
2642 2603 2
1151 1859 9943
207 1555 1
1729 838 1
2993 1119 1
2019 596 2
2839 2876 2
1516 138 2
403 1836 2
1199 2257 1
1965 360 9329
2297 159 9574
991 2994 1
1091 2221 2
1832 2918 2
1028 1539 2
853 1592 2
946 2794 2
2591 1202 1
2174 1804 2
294 892 2
1022 2461 2
164 465 1
1023 2229 1
704 1164 1
2229 2347 1
10 2039 1
1491 2754 2
501 2112 1
2478 1379 2
1280 651 9656
106 311 1
1097 1110 1
2153 747 1
2060 1237 2
2216 275 2
1170 935 9838
432 2414 1
175 377 1
1736 1887 9093
2800 826 2
2071 2014 2
1687 1342 9039
2807 1614 1
748 1398 1
557 1933 9460
1219 2221 2
1345 1047 1
399 2070 1
2701 998 9565
2828 2471 9231
1692 1998 1
1346 1148 1
1100 1012 2
1177 1041 1
1711 949 9914
1633 398 2
200 403 1
2200 2391 2
970 2333 1
2693 275 2
1705 542 1
1727 2850 1
1882 1224 1
2638 2161 2
1817 572 2
241 341 9528
547 2370 2
2721 1176 2
2928 2718 9863
1210 1006 1
2207 317 2
1221 1814 1
2774 2132 1
242 1729 2
32 2869 2
979 2819 2
245 2221 2
2760 775 9677
2430 2582 1
2812 874 1
301 1019 1
2516 1064 9616
1507 326 1
1793 1355 2
2443 2971 1
63 890 1
1388 664 2
861 2561 1
1158 44 2
1590 1659 1
1609 442 1
1615 2560 2
962 1597 2
1444 59 1
320 759 1
191 361 9136
2742 2081 2
2389 2331 9554
1666 2933 2
2983 778 1
565 1521 2
2254 2917 2
1153 2346 1
91 359 9015
1095 2650 2
2274 704 1
1669 2381 1
305 552 1
2572 1596 1
1386 725 1
2585 2529 2
326 1493 2
633 568 9132
890 258 1
1719 431 2
668 2240 9572
591 1883 1
1875 2465 2
1166 1206 1
637 2495 1
222 1400 1
2006 262 2
624 2765 1
653 1590 2
2224 578 2
1735 2465 2
2331 2269 9088
1932 2185 9594
978 1446 2
1526 2624 1
1461 2609 2
2912 2848 2
2296 1889 2
2784 1670 1
1110 2347 1
676 2134 9370
1118 2733 1
717 2252 2
36 1678 1
2448 2794 1
2460 591 2
2977 2289 9702
1502 2123 1
2542 232 1
2269 1920 9947
860 779 2
2778 2503 1
1936 403 2
1599 516 2
1586 222 2
795 2313 2
2025 920 9695
969 442 2
1238 1190 2
1394 561 1
739 2959 9873
281 1805 1
2470 2794 2
11 161 2
858 1378 2
521 1345 1
139 2658 9826
1286 2969 9981
286 2521 1
2870 2221 2
730 2708 2
610 956 9958
2393 1479 9763
2679 2368 9248
2114 618 1
1414 97 9814
377 2788 1
1277 590 2
1193 820 2
2673 2117 1
217 549 2
1438 1940 1
1036 2305 2
2275 2125 2
1195 675 2
1543 1103 2
2594 2283 2
1830 1639 9705
611 2542 2
2294 1448 1
1626 2232 1
2136 1633 2
1872 926 1
1771 234 1
1027 1030 9705
1358 2466 9299
1585 176 9393
430 2829 1
1054 4 2
1501 2739 2
1145 1150 1
1378 917 2
2949 2871 2
869 1006 1
1738 1807 1
834 674 2
1639 1182 9468
2961 2346 1
1198 1299 2
41 1539 1
1160 105 2
1657 2922 1
2004 1168 9753
1562 2403 2
647 563 1
256 1016 1
1619 1080 2
1321 985 2
52 1139 9545
2811 2678 9863
998 180 9530
1786 908 2
402 2313 1
368 1844 2
2452 584 1
1322 1249 2
1038 1630 1
2962 1824 2
2483 861 1
1047 2006 1
2971 433 1
1447 2876 2
345 704 2
1130 2724 2
974 1751 2
2317 1753 1
1777 1214 2
2901 2483 1
2910 544 2
1317 1770 2
790 484 2
2255 2889 2
2954 1818 1
1304 1669 2
2791 267 1
455 1597 1
875 512 2
67 1913 9115
13 431 1
706 1193 1
2873 197 2
55 87 1
2218 2620 2
531 1164 1
2248 2591 1
2029 2 2
639 1976 1
110 763 2
194 890 1
809 2245 2
229 1063 2
78 1533 9898
313 2952 1
359 1366 9554
1995 380 2
2162 766 1
185 2762 2
589 782 1
2073 1844 2
2263 432 1
280 2885 1
1480 1399 1
2260 2014 1
1326 2221 2
2546 7 1
1592 1110 2
2202 2723 1
416 2455 2
205 23 2
1002 1612 9429
1715 2889 1
625 381 2
2582 1041 2
715 2229 1
2400 1272 2
235 703 2
673 590 1
703 1197 1
2592 2708 1
126 2667 9799
2500 2298 2
2532 1879 2
31 1836 1
537 59 1
788 2953 1
2772 188 2
1430 1615 2
1235 2167 2
1333 2946 1
329 638 1
2942 2028 1
1520 122 9714
1426 2707 2
2920 658 1
791 1150 1
2776 2754 1
742 796 2
2038 2240 9186
942 588 2
1828 1614 1
822 2189 1
888 989 1
1485 562 1
264 627 1
2505 3 2
566 2843 2
1713 2441 2
2588 147 1
1674 2465 2
276 896 2
1983 2020 2
1867 1948 1
1621 2551 1
2643 2342 9094
401 591 2
105 1564 1
300 1973 2
114 2708 1
1071 2190 1
1647 2643 9900
2998 1721 1
92 736 1
950 1591 1
2476 1878 9265
2177 35 9389
2895 2319 1
2366 2571 1
1759 2548 1
1249 1576 1
1955 862 1
2678 172 9240
1458 840 1
2795 2708 2
1944 1721 2
1866 464 9600
2466 1335 9922
2387 1100 1
1943 2250 2
2897 1441 1
2579 816 2
2783 639 2
1283 614 2
1986 683 2
907 2355 1
2848 846 1
427 1598 2
339 1381 1
1575 940 2
2845 1633 2
1917 543 1
1413 2019 1
689 1370 2
445 2693 1
988 2489 1
208 1676 9987
99 1441 2
1088 195 2
226 2838 2
2654 314 1
2018 2863 9072
83 1537 1
1449 343 2
873 1486 1
1577 165 1
2810 1932 9731
367 1128 1
2028 2346 2
2981 1157 9480
1049 1755 1
2975 2278 2
312 2100 1
1684 2546 2
533 1242 2
957 716 1
1549 1456 2
575 1184 9930
2042 2383 9103
522 1230 1
1893 992 1
2706 2465 1
1997 2464 1
934 1659 1
1646 1639 9314
1089 370 2
1379 2521 2
199 1312 1
1384 1942 2
2589 114 1
2075 165 1
930 1144 2
798 2786 2
1116 847 1
2099 2402 2
2571 797 1
1332 994 1
2189 1683 1
1106 2100 1
1870 2437 9156
2792 2685 2
1804 2877 2
1913 1373 9254
2273 1841 1
308 605 2
1846 2674 2
2529 853 2
2230 1860 9267
1642 883 9484
1069 1755 2
2509 2654 1
640 161 1
459 1609 2
641 2178 2
656 1400 2
1540 1410 2
1876 2100 2
2023 1279 1
2362 551 2
2188 605 1
1330 786 1
2085 2111 1
392 317 2
1185 2855 2
228 908 2
1833 217 2
75 1479 9664
2508 306 2
463 876 9723
2192 2586 2
255 549 2
2712 1269 9857
1201 96 1
2846 564 2
2221 747 1
1643 649 9754
177 2685 2
1547 2093 2
1740 874 2
169 1630 2
2517 2571 2
2001 2936 1
2554 1092 2
2186 1282 1
1499 1212 2
669 1692 2
2735 2202 2
1869 2803 1
2773 728 2
2511 115 1
2775 144 2
596 1841 1
1334 2595 1
220 1803 1
2053 2685 2
1021 1839 9607
1724 2006 2
1635 2204 2
796 2237 2
941 2290 2
539 2018 9267
2321 227 9693
1459 813 9131
510 390 2
902 190 1
711 2059 1
913 586 9199
1121 1642 9447
2369 95 1
1347 2434 1
1356 2829 2
17 2612 1
1026 403 1
2599 1954 2
1202 1633 1
1005 1928 2
2801 2493 2
1128 226 1
1234 1746 1
1148 2850 1
1016 1110 1
1339 1249 1
2574 1820 9603
2069 344 9318
1162 925 2
136 1487 1
475 1568 2
1912 959 9086
366 572 2
1215 1580 2
1132 2110 9922
1316 2634 2
2960 2373 2
2270 2328 2
776 838 2
746 2212 9346
2311 258 2
698 1046 1
976 2952 2
1357 1202 1
2088 626 9187
478 46 2
299 2707 2
2286 1675 2
2034 1058 2
2215 2653 1
328 1428 1
2727 191 9681
1602 1110 2
502 2545 1
396 2398 1
1805 2956 1
2261 1049 1
1883 747 1
2495 1204 1
2059 1439 2
1154 685 1
1183 1603 9168
1923 1533 9143
2953 1755 1
12 463 9292
1508 2229 2
893 1630 2
2429 2686 2
408 911 1
682 2332 9497
839 114 2
1900 1125 2
1988 1240 2
1476 137 1
514 1023 1
725 1091 2
439 184 2
472 1761 1
2646 2595 1
2451 1697 1
24 1369 2
2506 1001 1
897 959 9574
356 1483 1
1506 1373 9428
1173 466 9254
2576 2524 1
1075 2510 1
2093 1113 1
1957 1032 9341
1226 340 1
813 960 9030
2245 1446 1
180 265 9593
346 693 1
984 1950 9121
1514 1738 1
1806 1665 2
1244 1734 1
1818 275 1
753 769 1
525 1883 2
270 218 2
851 1727 2
1896 1150 1
1726 2403 2
943 2180 9641
2249 958 9832
574 433 1
2617 853 1
1888 1063 1
2738 2234 9021
1663 2075 1
937 137 2
1212 2877 2
2740 1963 1
2129 428 9286
1466 388 2
2024 2543 1
938 1091 1
340 2894 2
2914 849 1
2965 1849 2
1885 1676 9905
2984 859 1
1813 2465 2
1291 1735 1
43 1955 2
108 1674 1
1536 1347 1
2363 188 1
170 2161 1
729 1154 1
1206 2603 1
516 911 1
182 1833 1
895 2657 2
2319 2723 2
1679 2116 1
1059 179 1
2288 1731 2
992 1710 1
2068 1891 1
2919 2239 2
758 2707 1
2408 2381 1
1737 1063 1
1600 1069 1
1102 1075 2
2152 319 2
471 1931 2
2929 517 1
487 1209 2
768 1230 1
2664 2055 1
2147 917 2
496 104 2
2113 2032 2
2537 830 9887
1521 797 2
1581 1901 2
1196 1237 2
1008 511 2
609 1818 2
327 119 2
1966 2558 1
1640 574 1
1223 1668 9616
1200 1599 1
2672 2035 2
2107 2637 2
1772 190 1
344 1661 9181
812 2683 1
421 1544 1
2251 2855 1
989 2373 2
571 2404 9333
2743 1722 2
618 358 2
995 2520 1
2360 2946 1
1179 1653 2
2214 788 2
1973 2764 1
489 747 1
1307 228 2
1445 232 2
68 1925 1
2859 2674 1
593 1345 2
103 1034 1
2440 2116 1
1354 1755 2
1558 203 1
615 2726 1
1823 2044 1
1510 790 2
2102 849 1
420 1577 2
1755 2313 1
363 2572 1
629 1122 9598
2666 1037 1
1573 2415 2
357 153 1
793 61 2
2078 1099 2
2926 1148 1
2050 1169 1
2556 835 2
1363 199 1
343 1728 1
2257 703 2
705 1377 1
167 906 1
1 2578 1
1488 151 9087
1780 2833 1
1701 735 2
2427 2754 2
955 2201 1
1596 285 2
636 1159 1
2927 283 2
578 1204 2
2220 1158 1
1398 2560 1
1653 2974 1
2877 2216 2
218 1563 1
141 2829 1
282 1260 9817
1714 2990 1
1387 239 9679
920 287 9329
1704 61 1
524 1539 1
253 288 2
1535 743 2
2663 1592 1
2568 2417 1
1288 1196 2
1260 876 9460
2306 2577 2
2246 311 2
2731 2441 2
878 1034 1
1423 411 1
2044 1537 2
1060 2212 9326
2148 61 2
252 2589 1
2871 730 1
2957 291 2
1862 2460 2
2697 1304 2
1848 1942 1
2539 596 2
1963 2148 2
949 1117 9656
592 1012 2
2090 170 1
1637 1818 2
2450 2896 2
172 42 9645
1778 1062 2
2831 943 9164
785 2730 2
1785 1846 2
900 1719 1
204 2053 2
2641 2950 1
1397 978 1
7 2116 2
1068 2713 1
818 1762 1
958 1032 9361
2298 156 2
2080 1812 2
804 1053 2
1567 486 9621
2624 547 1
1239 457 2
2707 2112 1
2203 2621 2
2553 1635 1
2130 1744 2
2061 969 1
2590 1077 2
1377 1499 1
231 1842 2
884 2468 1
2184 268 9240
1728 226 1
2492 1525 9209
2150 248 9261
2176 1756 1
2723 1427 2
1494 2204 2
2580 480 1
909 2413 1
2485 2870 1
509 2201 2
40 1633 1
2734 2310 2
675 2372 2
1157 78 9826
283 2603 1
2027 449 9618
1860 145 9729
2265 2059 1
157 2088 9606
948 2650 1
1077 2380 1
846 1512 2
1765 2348 2
660 1902 2
975 2269 9815
1519 1207 2
1211 591 1
354 2320 2
1792 1155 1
1224 1058 2
352 2372 2
1632 2604 9181
2982 1079 2
1984 627 2
1697 2319 2
1766 2659 2
109 886 2
174 1905 2
683 336 2
1645 861 1
2932 143 2
2201 2593 2
1774 2855 1
1278 654 2
1230 1458 1
1819 1614 1
1079 2838 1
631 190 2
1296 2771 9596
2817 1525 9140
1630 2907 2
2722 2876 2
2813 259 2
2081 204 1
405 2489 2
2266 2870 1
484 1990 1
331 239 9561
1136 2673 2
2690 358 2
1533 2022 9692
2794 1329 2
1886 104 1
2562 2591 1
302 2571 1
2838 2850 1
365 2997 1
2326 406 2
932 410 1
854 1404 2
2521 1057 1
2757 744 2
1331 1809 2
997 1190 2
469 2268 2
473 1972 1
896 1630 1
2341 1198 2
1927 2634 2
2084 1784 9783
2339 2842 1
755 2672 2
586 2297 9363
71 628 2
1871 1689 2
1935 2574 9131
731 2117 2
2496 2592 1
2323 1046 1
777 1028 1
1791 869 2
752 285 1
2730 121 2
419 1371 9988
1163 2346 1
380 335 1
1149 2685 2
1898 506 2
1623 2373 1
800 1591 1
2178 1726 1
2072 2674 1
904 2825 2
2181 2332 9864
2126 1981 1
783 411 2
1720 246 2
297 171 1
662 2492 9098
1981 1630 2
1840 2511 1
118 1021 9124
2373 398 1
2651 2616 1
855 2780 2
2244 2942 2
2003 1668 9078
1048 898 1
2732 750 9801
1627 1416 2
1605 787 9578
1969 985 2
2063 1763 1
1108 1811 1
1433 285 1
414 2981 9956
1093 1440 1
2489 1237 2
1588 1204 2
1487 197 2
1504 153 1
2826 2551 1
1921 2465 1
2067 2216 1
2608 2698 2
2105 2990 1
183 270 2
2442 218 1
1267 647 1
2733 801 1
1857 1236 1
2217 2779 1
443 1754 2
1518 1101 1
1563 1592 2
564 2198 1
1197 747 2
2862 849 1
1925 2358 2
2161 2014 2
2548 536 1
2449 1748 2
1381 1721 2
520 712 9866
2087 552 2
870 2704 9994
2112 1427 1
1985 2099 2
2353 579 2
2227 2624 2
2104 2691 1
1877 429 2
2422 64 2
1908 1408 2
1014 2105 2
2728 628 2
1531 588 1
338 2440 1
693 2942 1
1003 2951 1
362 1003 2
994 728 2
1441 2414 2
1366 2150 9385
1652 1204 2
1672 2008 2
1982 2606 2
1760 1901 2
2164 2562 2
2402 1836 1
2650 2394 2
2472 1209 1
1265 1766 2
1835 2065 9160
2635 1391 1
2759 2921 9266
2074 338 1
692 1974 1
825 2645 2
2210 2042 9458
1164 2117 2
1971 1836 2
2565 1544 1
1135 2654 2
1417 1502 2
543 1921 2
2525 898 2
2154 2190 2
1968 1443 9136
1683 184 2
1082 2779 1
2131 375 9662
1544 2259 1
697 1020 2
700 2876 1
1998 2946 1
1801 1133 2
2468 714 2
806 331 9739
290 2517 2
1044 1161 2
2151 2707 1
1292 561 2
2228 1591 2
2861 2132 2
2140 243 9528
1241 147 1
1861 474 9113
968 819 9455
1205 250 9810
1072 1164 2
407 630 2
1560 2716 2
243 2715 9780
2944 2639 1
2462 1574 2
2491 962 1
1203 1100 1
1365 1961 2
1301 2889 2
1807 2546 1
2377 2457 2
2770 2790 2
2980 2215 1
1799 2542 1
545 1544 1
862 366 2
2143 1623 1
1606 809 2
2318 757 2
2527 2886 1
166 1891 1
1403 2867 1
2316 1921 1
2668 1592 1
125 712 9728
1822 1095 1
2290 2807 1
1561 2814 1
1689 2241 1
2709 2935 2
1236 377 1
2271 2038 9973
147 510 2
2076 2205 1
486 550 9451
2342 74 9304
2407 1543 2
910 2253 2
2884 1103 1
1781 534 1
1939 841 2
376 770 2
612 983 2
1964 1798 1
2958 2054 9053
2607 534 1
2436 2244 2
2625 714 2
2308 1411 9593
2943 2169 9794
2513 2180 9316
961 929 2
829 12 9542
2867 86 1
2976 695 1
1174 2788 2
2195 753 1
293 2091 9101
1905 1128 2
558 691 2
638 2772 1
2235 1797 2
2947 2136 2
1553 2770 1
2361 1019 2
2996 1516 2
1525 2157 9668
2094 2647 1
1673 1319 9776
2790 2838 1
2644 262 1
588 1197 2
601 2584 9923
1105 2780 1
845 2178 1
2106 332 9356
2974 1277 2
1270 845 1
2924 500 9452
2766 1230 2
2879 2749 9908
600 1722 2
980 2306 1
2473 1886 2
1131 1336 1
1511 891 1
2890 753 1
2660 807 2
2234 2185 9676
2569 2028 2
1953 2008 2
1141 1718 1
2736 2338 9714
681 1995 2
2763 2381 2
369 1312 2
1829 2266 2
2097 2633 9844
2558 179 2
1066 499 1
2205 317 1
2219 495 9473
333 1494 1
1825 2348 1
1412 2546 1
887 1588 2
130 2889 1
1115 95 2
26 753 1
2687 120 2
277 791 2
1042 578 2
1418 2992 2
2434 1110 1
1472 2520 1
1416 2336 1
274 1336 2
1351 1534 1
1096 579 2
131 2490 9554
868 616 1
173 686 1
267 561 2
541 2513 9825
1538 2953 1
672 841 2
2490 2383 9608
529 1049 1
2522 348 1
111 2621 1
262 2465 2
23 2252 1
1207 20 1
1119 2612 2
1725 2171 1
1874 2870 1
465 285 1
127 2105 2
72 1251 1
1080 2205 1
2355 79 1
310 2448 1
2880 1094 2
859 198 2
926 1818 2
1758 831 9862
2767 2666 2
1863 1177 1
2596 604 1
190 2434 2
2 412 2
1455 937 1
771 2314 1
1837 1372 2
1349 84 1
2497 544 1
2039 1299 1
2860 2792 2
2334 2918 2
1186 2060 1
2708 226 1
163 1197 1
336 671 2
898 1813 2
622 123 1
2121 2661 1
1268 30 2
1515 2286 2
466 968 9810
794 574 1
279 1371 9804
425 1336 1
2480 543 2
1024 817 2
2405 647 1
2909 2145 1
2858 1343 2
559 2931 2
849 2414 1
2134 2940 9026
2347 2707 2
814 273 1
594 2604 9802
805 1775 1
1058 79 2
2864 2180 9804
151 2342 9538
1240 81 1
919 1393 9709
374 1177 1
2479 138 1
400 2685 2
1367 1635 2
1474 590 2
87 823 1
20 841 2
1887 1682 9914
2368 1424 9795
2514 816 2
2395 713 2
2051 2660 1
2520 1136 2
732 687 2
686 1236 1
2913 157 9776
1946 2448 1
1851 730 2
740 2551 2
2335 2207 2
2175 2965 2
319 938 2
1992 153 1
84 730 1
1258 2871 2
1864 1683 2
1125 1441 1
2793 2716 1
2262 1940 1
80 676 9569
404 2925 9848
621 2539 2
1620 580 2
1580 402 1
2682 2678 9966
1374 411 1
225 1164 2
2686 1613 2
2045 2628 1
1431 2511 1
1794 669 1
2948 2032 2
1878 227 9307
2439 1517 1
1076 502 2
815 574 1
2922 1401 2
2762 2412 1
311 86 1
2474 552 1
2461 925 2
2615 1798 1
774 1077 2
2185 526 9314
316 2207 2
556 2657 2
2191 2172 9459
2551 1908 2
1723 417 1
1881 2171 1
1138 760 1
2320 2956 1
2560 2511 2
2370 747 2
2475 121 1
1569 2710 1
1314 2184 9624
1399 2014 2
1732 1121 9919
2241 367 2
1523 517 2
1084 1713 1
77 1323 2
212 322 2
2637 2503 1
2550 404 9752
1682 1045 9682
2115 2915 1
16 2844 1
2236 2204 2
784 1796 1
555 679 1
927 2990 1
271 1344 2
2756 1763 1
2204 1006 1
1256 1083 1
2999 1012 2
1945 829 9540
2124 2310 1
867 1671 9278
561 2237 1
1252 660 1
1625 1741 1
1243 751 2
1942 1169 2
2117 1674 1
2512 2325 1
2410 1212 1
119 165 2
387 666 1
2853 892 2
619 1261 2
86 801 1
1460 1986 1
2519 1493 2
1612 1861 9479
1790 2226 1
1262 1600 2
2285 730 2
1329 989 2
2225 655 1
1467 918 2
1159 2347 1
617 2432 9852
1808 2196 2
415 1185 2
2917 714 1
2304 145 9728
645 2465 2
2391 2992 1
1922 1498 9059
2032 747 1
1532 2382 2
871 941 1
1497 317 1
1325 147 1
2824 990 2
1139 1269 9658
2030 1034 2
209 842 1
2936 567 1
2092 398 2
2710 2222 2
2172 304 9936
634 2872 2
2159 1755 2
2656 1142 9197
2293 614 1
1293 2117 1
2809 1985 2
1814 1783 1
1446 1400 2
1568 1637 1
837 831 9685
1873 142 2
446 1288 2
142 2869 1
1098 1992 2
372 1919 1
89 1299 2
42 586 9996
1649 531 1
2814 1990 1
1208 2184 9473
2487 937 2
184 645 1
1107 48 2
381 1229 2
2605 1107 2
2561 1110 1
1073 1346 1
3 983 1
605 728 2
2627 1261 2
1854 1564 1
1903 1924 2
1734 123 1
2952 672 1
444 1221 2
749 2628 2
1342 1567 9649
2725 1240 1
21 17 1
1251 2515 2
1017 2321 9338
1411 1820 9030
1537 765 1
2968 1437 1
2379 447 1
568 268 9648
488 58 1
2054 2583 9263
1264 334 2
1473 684 9782
1462 939 1
651 1361 9612
1427 262 2
1400 2112 2
2854 710 1
2459 2077 9978
2680 1944 1
1156 417 2
1748 2677 1
309 95 2
2250 686 2
22 1889 1
192 161 1
397 2411 1
1834 2872 2
761 2161 2
2850 1813 1
667 1274 2
275 2838 2
630 849 2
1104 2515 2
2685 1164 1
2564 1637 2
1033 1473 9375
1665 156 2
2287 1222 1
1112 1169 2
442 2465 1
1450 2414 1
2741 1343 1
1167 1056 9688
389 1193 1
963 816 2
928 861 2
1481 180 9364
1039 1358 9300
412 215 2
2412 2616 2
2902 2951 2
2970 484 2
709 1441 2
298 2475 1
2125 1944 1
1171 1892 1
635 2707 2
373 2393 9333
500 649 9686
2312 2449 1
707 1760 1
876 756 9395
2808 2145 1
2718 2701 9479
1959 1151 9045
154 342 2
2344 731 1
1227 1683 2
1668 2106 9391
2022 140 9625
808 1765 2
2322 2582 1
655 1924 1
219 750 9584
2166 1151 9751
710 1356 2
2272 145 9810
577 221 1
1209 170 2
1078 1910 1
956 2150 9817
886 2205 1
1176 709 1
1958 1398 2
2583 282 9614
1831 2426 1
2720 1549 2
2856 425 2
1542 3 2
1787 1722 1
1751 2510 1
1659 2313 1
789 770 1
2415 791 2
2328 309 2
1739 2263 2
2689 831 9633
1527 168 1
924 146 1
2380 990 2
2716 1305 1
2639 2798 2
236 2221 2
85 2412 2
2940 581 9823
2694 2800 1
1498 1371 9382
1858 2314 1
120 492 1
2021 1373 9880
1010 428 9531
1895 803 1
1144 699 1
598 2198 2
604 170 1
1393 2271 9384
2834 1575 2
1181 1521 2
2168 1521 1
1611 2894 1
2768 2345 2
1070 2451 1
626 1920 9019
1555 2319 1
64 389 1
599 2901 2
2989 1592 2
2855 1613 1
1360 1145 1
2000 1617 9874
2367 2718 9249
1550 2423 1
2158 138 1
2688 2394 1
2446 1934 2
2540 922 9995
903 2779 1
540 2065 9125
272 337 1
2010 1885 9702
2435 0 1
737 1019 1
1490 846 2
2314 1791 1
2064 189 2
1703 1175 2
2070 146 1
2640 2543 1
762 1984 2
1451 183 1
1257 822 1
1478 2965 2
467 484 2
830 719 9107
1407 956 9072
1918 2547 1
2350 1949 1
508 2593 1
1155 2426 2
355 2543 1
436 1298 2
2969 378 9591
1541 1527 1
819 2738 9920
2538 2736 9035
145 1168 9224
1343 2414 2
2946 2824 2
1796 2441 2
511 1124 1
1926 1147 1
2754 2894 1
2524 512 2
2441 2319 1
1194 637 2
654 630 1
1092 578 1
666 907 1
2698 2886 2
193 2603 1
123 2046 1
2611 421 1
1841 2465 1
1337 1086 1
383 2412 2
1661 1885 9870
2851 2187 1
847 861 1
2155 2403 1
2857 2480 1
60 1851 2
2883 2597 2
239 1498 9872
1702 958 9169
880 2037 2
2606 2661 2
2677 2209 1
2455 204 2
2413 2779 1
132 849 2
665 2545 2
2035 1069 2
295 405 1
1815 2428 1
449 2729 9411
1127 2114 2
2978 1019 1
1604 660 1
1849 108 2
2600 2771 9261
454 2247 1
379 2723 2
2988 418 2
744 1199 2
370 1537 1
2753 359 9166
129 1328 2
1761 96 1
1810 363 1
1190 170 2
1015 2184 9544
2526 747 2
931 1630 1
832 2127 2
2566 898 2
2832 2521 1
27 1094 1
803 2221 1
2324 614 1
2397 1030 9606
1779 390 1
1425 2756 2
797 990 2
2804 414 9614
935 949 9008
576 126 9239
288 671 2
321 1168 9637
2330 342 1
1029 2426 1
2816 163 1
1707 651 9138
2128 402 1
2403 2685 2
266 1829 1
1972 457 1
2903 2497 2
1529 1466 2
1688 86 1
1087 1565 2
1733 608 2
1940 841 1
1404 1050 1
54 1336 2
2414 2850 1
2636 495 9357
82 1253 2
1274 1359 2
2618 1934 1
1746 2788 1
567 2403 1
736 2064 1
982 433 2
2141 1413 2
2992 1898 2
317 1813 2
2797 60 1
1052 2579 2
2295 207 2
643 1755 2
2007 584 2
1410 1426 2
1686 131 9178
917 2845 1
198 2647 1
438 2874 2
1448 1644 1
2386 1009 1
515 1903 2
1465 1142 9402
2676 1818 2
2180 2752 9464
2197 1399 1
891 315 2
1721 2190 2
1217 2123 1
773 733 1
1094 650 1
1370 377 2
1717 2327 2
1951 984 9849
57 2929 2
1113 1408 2
1655 2133 9453
2785 1328 1
2875 2989 2
2885 2914 1
2237 506 1
152 1300 2
2392 433 1
1839 837 9741
1147 487 1
213 450 2
2005 466 9119
964 2412 2
2065 2271 9917
417 1956 1
45 1589 9470
2145 323 1
240 834 2
2098 432 1
2267 1278 1
2226 2112 1
2891 459 2
202 2089 1
2601 2871 1
1970 2136 1
1648 180 9628
2692 1426 1
1055 2274 1
2357 1519 2
1285 1015 9783
2691 2895 1
892 1497 1
1046 2698 1
786 1883 2
1482 1435 9204
2284 2953 1
2818 246 2
128 769 1
492 615 2
939 2176 2
750 2459 9572
2658 1707 9520
2209 3 1
342 1697 1
2830 1954 2
1593 317 1
2603 2807 1
47 2458 2
1670 2052 1
993 2001 2
2119 2593 1
2062 1809 2
2908 1483 1
468 2527 1
866 2947 1
2020 1678 1
2371 1295 1
1595 1614 2
153 1354 1
1216 1774 2
2597 992 2
322 2204 2
944 783 1
627 2090 1
2259 358 2
1662 1249 1
1253 705 2
429 184 1
528 786 1
1603 2538 9435
2313 2465 1
1587 2764 1
2986 2055 1
712 116 9706
1901 1610 2
1327 1613 1
1137 1603 9342
2868 2976 1
2779 2117 2
1962 1998 1
691 1193 2
779 455 1
1802 355 1
1362 911 1
2844 2414 1
1764 2487 2
124 737 2
2240 42 9269
1775 1588 2
1897 2482 2
2123 2142 2
2077 1522 9328
1464 1405 2
2349 2906 2
477 2222 2
2959 919 9365
2165 311 1
2787 2531 9164
1114 1640 2
2453 121 1
570 576 9019
2799 1736 9724
1298 627 1
257 314 1
1352 170 2
1261 2578 2
2256 83 1
999 1785 2
2628 2933 2
2683 1047 1
2109 2008 1
2421 2668 2
2702 1598 2
661 684 9573
273 1141 1
2499 564 2
1610 1458 2
2014 2414 1
337 2465 2
1578 1145 1
1040 2562 1
260 2209 1
1909 2543 1
2714 1633 1
424 2626 9294
1789 735 2
1254 531 1
2632 751 1
1656 2356 9241
735 2560 2
1993 238 2
2621 907 2
2820 1925 2
2315 2776 1
1582 874 2
482 2028 1
512 1014 2
351 600 2
148 1086 2
1247 519 2
1712 1215 1
1320 8 1
418 2526 2
1237 2201 2
1348 1674 1
66 2068 1
1660 2724 1
2955 697 2
2752 2368 9077
2133 2864 9231
323 1716 2
1773 2035 1
491 2798 2
2819 2788 2
155 2602 2
1013 1840 1
1950 325 9482
422 2518 2
1035 2398 1
2127 2411 2
1664 429 1
1741 841 1
2549 1956 2
518 226 1
1947 983 1
2806 687 2
2011 445 1
2782 2949 2
2282 38 9527
2033 2577 1
2083 1401 1
1618 866 1
214 6 1
1676 2445 9906
2242 2064 2
831 2921 9640
1390 1859 9268
2359 134 9484
623 149 2
94 1212 1
1428 1595 2
2869 2571 2
79 1025 2
1994 958 9824
2747 1272 2
90 1675 2
2445 373 9651
9 1164 2
460 797 2
149 564 1
526 1702 9178
582 285 1
694 189 1
1037 2588 1
2645 735 1
1747 2403 2
1680 2565 1
912 2321 9827
2418 1743 2
2771 2928 9710
1782 2123 1
1594 1980 2
2700 815 1
2584 2537 9285
2748 189 1
1303 1893 1
69 2927 2
1716 2733 1
2930 972 1
2533 108 1
1248 407 2
394 1441 2
1305 291 2
431 2024 1
2863 1184 9673
1271 2647 1
440 74 9209
2837 1080 1
378 2584 9508
2416 373 9774
2199 2619 1
70 2296 2
2167 2929 1
1475 2421 1
719 331 9639
2937 811 1
2031 2367 9013
2037 2612 1
254 2603 2
1768 1136 2
2745 1569 1
1120 704 2
1172 1356 2
760 642 1
206 2165 1
722 481 2
1928 2080 2
996 1002 9933
1336 314 1
347 2691 2
1169 1164 1
1456 2216 2
1287 1346 1
1308 2205 1
1126 1887 9480
2277 1832 1
2681 2815 2
233 2543 1
1974 170 1
390 317 2
2258 2668 2
2310 901 2
2990 969 2
723 238 1
38 2888 9487
1696 1872 1
1554 1497 1
230 699 1
1622 440 9385
2281 2335 1
1152 2356 9491
1188 1807 1
39 2961 1
2667 1647 9683
2518 2455 2
1402 2856 1
2447 1721 2
2841 2518 1
1843 2854 2
738 1187 1
330 2019 2
1929 924 2
678 1970 1
2604 1132 9867
642 2889 1
1607 1883 2
2696 162 2
552 2997 1
590 1845 2
2142 1427 1
726 291 1
1552 1970 1
1111 1873 2
2675 2827 2
349 622 2
452 1832 2
677 1956 1
423 2531 9181
1967 1636 1
1090 2008 1
1359 2006 2
523 1834 2
1129 2572 2
1749 723 1
1344 270 1
546 1555 1
757 337 2
2212 2574 9732
2613 1709 1
107 1456 2
2780 207 1
1941 2381 1
494 530 9076
2781 1112 2
341 1389 9766
1477 2142 2
532 11 1
318 1037 2
1180 2813 2
2438 823 1
1064 724 9554
650 1305 1
877 1987 2
1579 1765 1
2193 1385 2
1294 2131 9331
1816 557 9207
1486 1845 1
2751 2417 2
2252 1079 2
2012 1807 1
2789 2848 2
56 2050 1
1999 217 2
914 2577 2
2381 2733 1
179 1331 1
1437 1615 1
250 651 9181
2726 2014 1
2595 1072 1
1009 1534 1
2222 1165 1
