738 0
738 70
738 658
738 361
738 482
738 14
738 28
738 173
738 354
738 787
738 609
738 801
738 626
738 665
738 893
738 657
738 601
738 992
738 851
738 351
738 588
738 380
738 439
738 965
738 103
738 726
738 599
738 876
738 831
738 61
738 570
738 335
738 952
738 824
738 42
738 760
738 276
738 927
738 543
738 162
738 314
738 431
738 233
738 204
738 994
738 92
738 675
738 590
738 574
738 81
738 247
738 301
738 248
738 273
738 808
738 348
738 594
738 176
738 450
738 454
738 168
738 102
738 31
738 185
738 386
738 409
738 129
738 39
738 432
738 721
738 289
738 40
738 272
738 814
738 150
738 178
738 898
738 308
738 58
738 242
738 888
738 476
738 479
738 438
738 530
738 167
738 299
738 196
738 41
738 179
738 13
738 328
738 700
738 22
738 217
738 32
738 415
738 261
738 15
738 362
738 685
738 198
738 96
738 466
738 830
738 907
738 507
738 245
738 449
738 761
738 372
738 270
738 428
738 481
738 710
738 256
738 682
738 725
738 788
738 219
738 716
738 884
738 296
738 555
738 877
738 525
738 731
738 541
738 170
738 509
738 486
738 137
738 650
738 659
738 532
738 315
738 892
738 540
738 791
738 100
738 615
738 784
738 895
738 947
738 408
738 578
738 52
738 699
738 367
738 246
738 757
738 608
738 63
738 20
738 474
738 676
738 717
738 310
738 66
738 222
738 634
738 935
738 762
738 636
738 194
738 90
738 287
738 919
738 771
738 216
738 904
738 997
738 591
738 813
738 385
738 265
738 889
738 554
738 719
738 495
738 565
738 411
738 829
738 484
738 225
738 416
738 2
738 598
738 925
738 930
738 444
738 878
738 786
738 781
738 480
738 307
738 936
738 692
738 573
738 121
738 621
738 188
738 918
738 887
738 392
738 683
738 625
738 779
738 832
738 772
738 795
738 620
738 336
738 373
738 751
738 740
738 979
738 72
738 229
738 619
738 492
738 165
738 744
738 304
738 687
738 118
738 695
738 946
738 24
738 210
738 962
738 734
738 397
738 661
738 146
738 834
738 857
738 531
738 366
738 673
738 494
738 250
738 359
738 595
738 133
738 674
738 613
738 797
738 132
738 464
738 909
738 694
738 147
738 941
738 447
738 749
738 794
738 953
738 353
738 705
738 268
738 666
738 393
738 1
738 901
738 60
738 774
738 818
738 521
738 934
738 515
738 235
738 501
738 382
738 463
738 108
738 846
738 957
738 868
738 485
738 592
738 520
738 974
738 768
738 990
738 249
738 535
738 109
738 241
738 214
738 922
738 833
738 193
738 618
738 528
738 223
738 961
738 632
738 203
738 823
