31 31 2147483648

5 3 19

31 26 1234567890
31 31 2147483648
30 30 1073741824

6 6 64


00000 0     0 
00001 1     1 1
00010 2     1 1
00011 3     2 11
00100 4     1 1
00101 5     2 11
00110 6     2 11
00111 7     3 111
01000 8     1 1
01001 9     2 11
01010 10    2 11
01011 11    3 111
01100 12    2 11
01101 13    3 111
01110 14    3 111
            4 1111
10000 16    1 1
10001 17    2 11
10010 18    2 11
10011 19    3 111
10100 20    2 11
10101 21    3 111
10110 22    3 111
            4 1111
11000 24    2 11
11001 25    3 111
11010 26    3 111
            4 1111
11100 28    3 111
            4 1111
            4 1111
            5 11111


00001 1
00010 2
00100 4
01000 8
10000 16

00011 3
        2
00101 5
        1
00110 6
        3
01001 9
        1
01010 10
        2
01100 12
        5
10001 17
10010 18
10100 20
11000 24

00111
01011
01101
01110
10011
10101
10110
11001
